Sample,X,Y,Z,Cluster
TCGA-B7-A5TK-01A,-44.3789265885749,-1.03425812794637,8.26070139902653,1
TCGA-BR-4201-01A,-44.1471930585593,0.350042079526613,0.572919545054336,1
TCGA-BR-4253-01A,-46.0172050679329,-2.59895500274141,8.26851745443434,1
TCGA-BR-4256-01A,-43.9582599237564,0.959120180826833,4.27073790672132,1
TCGA-BR-4257-01A,-41.6796202036741,-0.925583646715067,5.18251377484202,1
TCGA-BR-4267-01A,-47.1262547631464,11.3770347856443,8.29781441903112,1
TCGA-BR-4280-01A,-40.7299157649506,5.51242583882638,13.2066582856208,1
TCGA-BR-4363-01A,-44.0190244895642,0.81877444090354,1.88113263848518,1
TCGA-BR-4367-01A,-43.3725842866653,-5.80028428475184,8.90585466578955,1
TCGA-BR-4368-01A,-39.8392474232799,5.51780775642654,6.31690255359625,1
TCGA-BR-4369-01A,-40.2181860096306,5.56522021468384,9.23387006915336,1
TCGA-BR-4371-01A,-37.370640061189,2.75178601452709,10.0676604014099,1
TCGA-BR-6455-01A,-44.1827446200984,7.18239077899214,3.10263000053882,1
TCGA-BR-6456-01A,-42.2571653642573,2.90227726494399,6.35713267132078,1
TCGA-BR-6565-01A,-45.5807088183271,12.6401942377855,6.62495220677183,1
TCGA-BR-6566-01A,-39.9191354851936,9.71166242935486,2.04061186506493,1
TCGA-BR-7707-01A,-42.8381261533453,2.78159204176228,6.87538039172417,1
TCGA-BR-7715-01A,-43.0337797241695,8.91090644342561,9.94870245169797,1
TCGA-BR-7717-01A,-44.0867779672763,5.29501234025687,6.75526270027387,1
TCGA-BR-7851-01A,-39.193943334199,-5.07626001545362,8.69459007786039,1
TCGA-BR-7957-01A,-42.085132962989,10.4304258912479,6.25910384995971,1
TCGA-BR-7958-01A,-45.6488510456046,-1.54641451096784,7.25624083789246,1
TCGA-BR-7959-01A,-37.9562765301741,4.90033983282848,5.51330239688181,1
TCGA-BR-8059-01A,-46.4809588669948,11.994394979101,8.08064466284982,1
TCGA-BR-8077-01A,-43.1193380524769,4.54000715888556,0.736310819510902,1
TCGA-BR-8081-01A,-40.6953882316105,2.5039881812891,8.68850511678939,1
TCGA-BR-8284-01A,-41.4930419196111,7.19124750839606,4.65189955209826,1
TCGA-BR-8295-01A,-41.4942099500279,5.83785685869723,6.44755482310815,1
TCGA-BR-8361-01A,-40.8353915193034,1.61722673528056,7.84525034783263,1
TCGA-BR-8366-01A,-42.7191702110756,-3.51081689929781,9.70435536425343,1
TCGA-BR-8367-01A,-38.559198687249,5.96144278082136,5.35641880413935,1
TCGA-BR-8368-01A,-41.5910708472494,2.27503799573784,3.48329678451189,1
TCGA-BR-8372-01A,-42.2252494197258,6.6652633908311,11.7887240700154,1
TCGA-BR-8382-01A,-40.6621132487671,0.593947252287123,7.60645002818579,1
TCGA-BR-8589-01A,-42.8269269176978,10.7169869067803,10.2344328700161,1
TCGA-BR-8677-01A,-42.1855991643522,-0.0412381197119837,8.71886068690938,1
TCGA-BR-8679-01A,-42.7847445564802,1.42698883662379,4.19317266438439,1
TCGA-BR-8680-01A,-39.0814821892578,9.49692874022896,3.96202985975342,1
TCGA-BR-A4CR-01A,-42.089381722909,9.15406256197354,3.3498962099488,1
TCGA-CD-8528-01A,-41.081755116412,2.70104560529573,5.75926710530694,1
TCGA-CD-A487-01A,-39.4482368625528,6.20577932895415,3.10847986406173,1
TCGA-CD-A48C-01A,-44.4348393072746,2.45050656451819,3.22122597214575,1
TCGA-CD-A4MG-01A,-42.0341452033127,9.33864588105277,12.0324656810576,1
TCGA-CG-4305-01A,-44.9337029181969,10.4430278400485,12.4499025073399,1
TCGA-CG-4306-01A,-44.0630986225145,-7.35866517985221,10.3713960180888,1
TCGA-CG-4436-01A,-39.4734654057195,2.20245654519406,10.0533668648948,1
TCGA-CG-4437-01A,-45.4585824586352,7.41746132419691,5.2704104813316,1
TCGA-CG-4438-01A,-43.4239744396794,-6.48331466910431,9.07287871567463,1
TCGA-CG-4440-01A,-45.1841089255518,10.7322256567917,10.1878260784913,1
TCGA-CG-4442-01A,-44.37765028088,3.18556663007888,6.48503635461747,1
TCGA-CG-4444-01A,-37.3070415230192,12.2529548600452,2.17541296580717,1
TCGA-CG-4465-01A,-43.0990165582918,-7.09144971451838,10.2373944902785,1
TCGA-CG-4466-01A,-38.8843464621849,5.71153511516754,7.98565913348077,1
TCGA-CG-4469-01A,-37.8950174693311,11.3467540301715,0.966453668588812,1
TCGA-CG-5721-01A,-47.6835016592331,1.17007048279809,3.23226072609559,1
TCGA-CG-5722-01A,-42.2991332239826,3.13018955632399,6.30904303258226,1
TCGA-CG-5723-01A,-42.1678723120517,3.28889329615346,1.71308084932625,1
TCGA-CG-5724-01A,-41.8006941745233,8.5992961741441,4.88058066205652,1
TCGA-CG-5725-01A,-44.8579519400879,8.78764589864682,7.72522381857099,1
TCGA-CG-5726-01A,-45.0856230965809,5.77189733125885,6.39981567840407,1
TCGA-D7-5577-01A,-45.9652166845087,0.847237346628924,4.31336685595754,1
TCGA-D7-5578-01A,-40.880357072112,5.81613109504334,12.992894958564,1
TCGA-D7-6525-01A,-45.4220565344436,10.9933239956955,4.772606341884,1
TCGA-D7-6526-01A,-42.2638269350302,3.06545798265965,11.1800562654162,1
TCGA-D7-8573-01A,-44.9547094464792,6.95518545479159,8.93242819330205,1
TCGA-D7-8576-01A,-45.9842416903632,12.7095158720263,10.0249461599961,1
TCGA-D7-A4YU-01A,-41.0125770003651,0.409813198361214,8.16042156871421,1
TCGA-D7-A4YX-01A,-40.8572584851856,0.88815396415632,8.77155719906839,1
TCGA-D7-A6EV-01A,-42.5168980046941,4.46956734374648,6.80931698151406,1
TCGA-D7-A6EX-01A,-36.2698085057525,3.67881961735717,3.35989943757879,1
TCGA-D7-A6EY-01A,-39.9968584664702,2.78810946594689,7.13397035431653,1
TCGA-D7-A74A-01A,-36.754142511579,11.0719401251059,-0.591785052620125,1
TCGA-EQ-8122-01A,-45.2866830596655,10.7434394135023,10.0015809017324,1
TCGA-F1-6875-01A,-43.6678526190413,9.33643827266301,9.68192619228127,1
TCGA-FP-8211-01A,-45.9305349477804,3.05852802502504,2.49552830911294,1
TCGA-HJ-7597-01A,-43.7083462991216,-2.34207096242999,8.49847619511999,1
TCGA-HU-8244-01A,-41.6189049578447,5.35307052813608,6.99070301646708,1
TCGA-HU-8249-01A,-37.4162850355167,7.23965455105724,11.6589804091685,1
TCGA-HU-8602-01A,-41.9460596042928,1.17936046750091,4.93431891752031,1
TCGA-HU-8604-01A,-41.0689987902083,2.97045299472219,12.7654494071654,1
TCGA-HU-8608-01A,-43.7456542076389,1.56040725677894,5.03229904216732,1
TCGA-HU-A4G2-01A,-43.957831732188,-4.74042729020701,6.67359224721421,1
TCGA-HU-A4G9-01A,-38.7040095915197,3.72543471513237,4.69371425084268,1
TCGA-HU-A4GC-01A,-40.6511066858738,-4.91085306922536,5.65387094269175,1
TCGA-HU-A4GF-01A,-39.6448638555422,2.43647028371674,14.9421325452681,1
TCGA-HU-A4GQ-01A,-38.256915949607,2.15831035251643,7.96330778364724,1
TCGA-HU-A4GT-01A,-46.8201167283226,11.8093811144763,6.37847068900488,1
TCGA-HU-A4GX-01A,-45.0802914977527,1.19056026144371,3.57908586887944,1
TCGA-HU-A4H0-01A,-43.6248249066689,-2.45760717300969,11.2584859356207,1
TCGA-HU-A4H3-01A,-41.2317923851804,4.10290119167875,2.58400974245452,1
TCGA-HU-A4H4-01A,-40.052560587199,13.1326919330084,0.850802636103582,1
TCGA-HU-A4HD-01A,-43.4322666568337,15.4015934425572,5.40850476315083,1
TCGA-IN-7806-01A,-42.8792830117132,13.2753872089454,9.10401587304661,1
TCGA-IN-A6RO-01A,-44.1769746394111,13.1170385804852,8.4306611818964,1
TCGA-IN-A6RS-01A,-41.9269884415661,1.65102434529212,6.53307940184285,1
TCGA-IN-A7NT-01A,-41.1908642874957,1.39894903590275,7.28093341542393,1
TCGA-IN-A7NU-01A,-45.9799071878587,10.5760518767856,4.08376380443551,1
TCGA-IP-7968-01A,-37.5328162764104,4.71516093356136,10.4902083107698,1
TCGA-KB-A6F7-01A,-42.2171649455869,4.91974088476423,5.96819762112686,1
TCGA-MX-A663-01A,-39.8271013222886,10.5557862642453,5.86488204963613,1
TCGA-MX-A666-01A,-38.8869285949427,10.8128691665883,4.30552923976994,1
TCGA-R5-A7ZF-01A,-40.5129387354452,5.55308783458875,11.0144399712562,1
TCGA-R5-A7ZI-01A,-46.7721525174941,3.91823702229143,0.0670283354590481,1
TCGA-RD-A7BT-01A,-39.9869386449265,3.95325217702864,13.5608442160807,1
TCGA-RD-A7C1-01A,-41.5561721159761,8.34913680414823,3.74274008984658,1
TCGA-RD-A8MV-01A,-45.6745114467566,-4.50762686014641,6.14252111074258,1
TCGA-RD-A8NB-01A,-39.3782975086627,8.38813778208994,5.76799004988031,1
TCGA-SW-A7EB-01A,-41.1077368782622,6.15830234517742,5.9340953024779,1
TCGA-VQ-A8E3-01A,-44.1379803732288,-0.448643051422217,6.77814115346806,1
TCGA-VQ-A8E7-01B,-36.4666478961934,6.42970768926571,14.3391075739916,1
TCGA-VQ-A8P2-01A,-35.751138290993,6.58589783742079,3.96123406544351,1
TCGA-VQ-A8P5-01A,-46.3780559864051,14.61564145801,7.59594280936153,1
TCGA-VQ-A8PB-01A,-37.5223823449449,7.24770814036141,4.9771453145099,1
TCGA-VQ-A8PE-01A,-41.4250144847963,2.30985193710639,5.30561237975332,1
TCGA-VQ-A8PH-01A,-42.0219563202373,3.26947739209494,6.87261497086579,1
TCGA-VQ-A8PJ-01A,-46.6014405313817,13.6379209311517,4.63344325826375,1
TCGA-VQ-A8PX-01A,-39.9940911632501,8.26175249891547,3.01078133609533,1
TCGA-VQ-A91S-01A,-39.6093449233103,7.41772515892354,6.39124735100472,1
TCGA-VQ-A91Z-01A,-36.3171086214233,6.46877733197374,4.73275354201404,1
TCGA-VQ-AA68-01A,-38.8908151502429,1.86489606942369,3.97984678902299,1
TCGA-VQ-AA6F-01A,-43.7318364717753,3.63034752770685,4.64277630748113,1
TCGA-3M-AB46-01A,19.3883295038277,2.3832547321892,-8.1308458251171,2
TCGA-3M-AB47-01A,24.8534939923854,5.65284111131708,-15.9882305667159,2
TCGA-B7-5818-01A,29.0503108353272,-6.40480195354598,-5.4239980056118,2
TCGA-B7-A5TI-01A,20.0774839797701,-9.5350734836469,-1.35397219051723,2
TCGA-B7-A5TJ-01A,16.0443870971362,6.93291525157588,-25.2271329000788,2
TCGA-B7-A5TN-01A,20.562012543982,-3.33755702564052,-4.14263974827738,2
TCGA-BR-4187-01A,35.5925232394974,6.02697821036981,-7.01593986154009,2
TCGA-BR-4191-01A,20.9727602885637,-5.4214191118971,1.39035509381156,2
TCGA-BR-4279-01A,15.5889756439223,-4.25879479379025,3.01775423372167,2
TCGA-BR-4294-01A,19.1285162969439,-9.93232103959553,-10.3593378103374,2
TCGA-BR-4357-01A,19.3119212695612,0.284666939706161,0.444300303852188,2
TCGA-BR-4361-01A,12.327913474942,-9.428992893972,19.9021824558513,2
TCGA-BR-4366-01A,16.4285972155775,-4.85089664038135,-2.36217984644425,2
TCGA-BR-4370-01A,16.8435337222049,-3.66064681384694,3.43023261756849,2
TCGA-BR-6452-01A,31.6808039305349,-3.4377344163864,-6.16274509811016,2
TCGA-BR-6453-01A,33.5640566128123,1.44809037779202,-8.32395552490406,2
TCGA-BR-6454-01A,22.4061901781591,-4.65870465837451,-1.72225556651605,2
TCGA-BR-6457-01A,30.1183913391046,-0.909556038568907,-7.15327851999101,2
TCGA-BR-6458-01A,24.0995043645261,-9.92035031481946,-4.57228177032606,2
TCGA-BR-6563-01A,30.3029710792437,-4.603006110642,-5.39350592257454,2
TCGA-BR-6564-01A,28.5326033346802,0.188827021817516,-8.05099621413179,2
TCGA-BR-6705-01A,35.088065236277,6.55780853675114,-9.03282573594628,2
TCGA-BR-6707-01A,34.3481503204759,7.53839182964232,-4.92865577525169,2
TCGA-BR-6709-01A,33.6045703028989,-3.01002952733691,-6.57555641041179,2
TCGA-BR-6710-01A,18.6670859649466,-5.44994415149257,-0.239253521727046,2
TCGA-BR-6801-01A,20.6099775140227,1.22248367362961,-19.6741990887881,2
TCGA-BR-6802-01A,10.3178511799915,-4.8743596234887,12.2947815932092,2
TCGA-BR-6803-01A,28.004122926982,3.71225695551266,-4.62631130651507,2
TCGA-BR-6852-01A,11.4909758564563,-9.05086596950647,16.8316329650789,2
TCGA-BR-7196-01A,28.638468876405,-0.265078074341443,-6.2573411327768,2
TCGA-BR-7197-01A,22.5271450114819,1.06585250989058,-22.8392670706739,2
TCGA-BR-7704-01A,21.8588173384148,2.56901486479313,-25.1360032540535,2
TCGA-BR-7716-01A,12.7998374675025,-8.56044411878933,17.9884727298493,2
TCGA-BR-7722-01A,14.5727412297852,-6.45667846352909,6.06958112930999,2
TCGA-BR-7723-01A,18.7513383667081,-9.13644485757289,-9.91845558237241,2
TCGA-BR-7901-01A,16.0745848691016,-5.22182904479607,1.75301032577059,2
TCGA-BR-8058-01A,16.773705559171,-5.53865086596338,3.12917868533832,2
TCGA-BR-8060-01A,14.9418238494789,5.47947435478932,-25.0366147322856,2
TCGA-BR-8080-01A,36.6092990365139,5.54426816560578,-5.56333642190799,2
TCGA-BR-8286-01A,18.5685059615304,-4.61189044660846,4.87712070605074,2
TCGA-BR-8289-01A,19.6510911001884,-12.8407615263725,-8.72432921049443,2
TCGA-BR-8291-01A,33.8748613632729,6.8323977812887,-8.03213805829038,2
TCGA-BR-8296-01A,18.0537002829772,-0.226718015863262,0.547465262965733,2
TCGA-BR-8297-01A,27.8642406645475,5.41335879556405,-5.12185696078522,2
TCGA-BR-8364-01A,32.1900034494185,5.40921735686189,-6.51969442138061,2
TCGA-BR-8365-01A,26.4009181916927,5.45220749640655,-6.72440905154831,2
TCGA-BR-8369-01A,34.8917438885689,6.21136676014766,-9.92967144149959,2
TCGA-BR-8371-01A,26.3826238856674,7.22172639500908,-9.51187523253993,2
TCGA-BR-8373-01A,12.8581838898171,-5.60844384998598,10.1530569264722,2
TCGA-BR-8380-01A,34.1644003551221,4.77109320169564,-9.04684246156589,2
TCGA-BR-8381-01A,25.6847072657309,-2.26201577222452,-4.04493816749513,2
TCGA-BR-8384-01A,28.1364245566974,7.00653007226532,-6.45966049047619,2
TCGA-BR-8483-01A,14.3553117923407,7.76347679236487,-23.7310133353996,2
TCGA-BR-8484-01A,21.2891184544612,-6.1241210903699,-5.65780954737657,2
TCGA-BR-8485-01A,20.1374235638304,-12.9953458909819,-10.9658749191658,2
TCGA-BR-8486-01A,7.98042115335495,-4.07655594402243,17.3948149082968,2
TCGA-BR-8487-01A,19.7696712507122,-4.2181261416184,-1.17597500357169,2
TCGA-BR-8588-01A,17.1065700239893,6.28596169438121,-20.3479347329847,2
TCGA-BR-8590-01A,32.35659468249,8.15212692944099,-8.94268242914753,2
TCGA-BR-8591-01A,38.1424263384708,6.79640981508418,-8.20285222625184,2
TCGA-BR-8592-01A,28.1269111530968,3.64799455862818,-6.35088121287548,2
TCGA-BR-8676-01A,31.1025159398293,-3.95444902526534,-6.33085006747189,2
TCGA-BR-8678-01A,20.089776463393,-8.52296668011942,-9.02536213130038,2
TCGA-BR-8682-01A,18.0133801479186,4.19263591873627,-25.2926443731214,2
TCGA-BR-8683-01A,9.77886327782171,-4.6706226720268,9.518930808737,2
TCGA-BR-8686-01A,37.3212388136112,3.65544583762186,-7.94743042631225,2
TCGA-BR-8687-01A,23.4421320196755,-6.67938374495866,-4.38054535240387,2
TCGA-BR-8690-01A,11.3947878308326,-6.88776322798705,18.0916957281211,2
TCGA-BR-A44T-01A,29.3925265011832,2.86468435425004,-7.06049418773742,2
TCGA-BR-A44U-01A,18.9842984611326,2.25171070588523,-22.990463513908,2
TCGA-BR-A4CS-01A,15.8641806144515,-3.32451518299574,-3.73637522888725,2
TCGA-BR-A4IV-01A,29.8162689489278,7.58462866031145,-9.34179718464772,2
TCGA-BR-A4J4-01A,22.0492104484145,-4.0465030052656,-0.847483034347553,2
TCGA-BR-A4J5-01A,19.7544678269899,0.370669320189616,-5.19634152647155,2
TCGA-BR-A4J6-01A,22.1458815876174,0.602920934037297,-1.37492658857028,2
TCGA-BR-A4J7-01A,26.9192010992739,0.525007721754768,-6.07177898149865,2
TCGA-BR-A4J8-01A,21.8982221850362,2.35533927954168,-21.8762902662764,2
TCGA-BR-A4J9-01A,24.0233831032081,5.42773622430092,-8.72043335433975,2
TCGA-BR-A4PF-01A,11.006558069463,-7.31559906113163,12.6298206770767,2
TCGA-BR-A4QL-01A,30.6906294519652,6.93165908964003,-9.10598331366663,2
TCGA-CD-5798-01A,28.946692746622,2.891119716603,-7.66498039094127,2
TCGA-CD-5799-01A,23.2150638867593,7.91507688275528,-15.7782055634682,2
TCGA-CD-5800-01A,16.727953575648,4.73040451506058,-20.0418340164607,2
TCGA-CD-5801-01A,25.7534267034583,-1.40628575157059,-1.69187979980427,2
TCGA-CD-5803-01A,31.1613047006054,-1.85706411448185,-6.79403883922658,2
TCGA-CD-5804-01A,23.9678494925358,-3.82913933273359,-5.88941869246923,2
TCGA-CD-5813-01A,34.6419340665217,-4.89962986619384,-4.54650166320022,2
TCGA-CD-8524-01A,12.133843052587,-4.12386345873336,7.96587285726388,2
TCGA-CD-8525-01A,24.6193422025954,3.3365314170459,-16.3884593494294,2
TCGA-CD-8526-01A,19.7261367567466,-5.53979240961388,-8.82777644584464,2
TCGA-CD-8527-01A,20.3515616081511,-0.368616853471717,-1.8398660538014,2
TCGA-CD-8529-01A,21.378045541201,-4.67330341938497,-4.88437242349295,2
TCGA-CD-8530-01A,17.8550532782683,-11.1480009815308,-10.6866258095108,2
TCGA-CD-8531-01A,31.3002494663616,-2.27797599126547,-4.89763767159199,2
TCGA-CD-8532-01A,14.0740473462296,-9.05591066335064,1.5472576717074,2
TCGA-CD-8533-01A,19.8934552553466,-11.3447901470343,-8.11909354069386,2
TCGA-CD-8534-01A,23.7999011113669,3.51023360573339,-11.6698009314071,2
TCGA-CD-8535-01A,16.2150793670667,7.20088383625242,-20.0075929612589,2
TCGA-CD-A486-01A,17.142404731857,-9.07273533003306,-8.62504062308895,2
TCGA-CD-A489-01A,24.8341499778115,5.5565356293239,-5.94266858502308,2
TCGA-CD-A48A-01A,22.6859715845281,1.14353123032354,-19.7242459000573,2
TCGA-CD-A4MH-01A,19.38952192834,-10.1802687927526,-7.71773090838478,2
TCGA-CG-4301-01A,14.7212411934404,-6.327079714298,14.2070664789785,2
TCGA-CG-4304-01A,20.3070071072114,4.62077785276649,-22.8704243263077,2
TCGA-CG-4441-01A,14.9858170331836,-3.93326783403248,1.05786415545456,2
TCGA-CG-4443-01A,18.7641386969317,2.11605245911444,-22.1429557686551,2
TCGA-CG-4460-01A,17.3064659085851,-6.90878209124561,-3.55952352807707,2
TCGA-CG-4462-01A,13.7466301599699,-5.56404533799678,8.70800057922486,2
TCGA-CG-4475-01A,20.650488272538,-3.27590188615426,0.308947022078146,2
TCGA-CG-4476-01A,19.6605973482253,0.505288443942325,-6.63187470594643,2
TCGA-CG-4477-01A,10.626968594659,-9.7612014986462,14.0625878565134,2
TCGA-CG-5716-01A,18.9282872832219,-4.28063760123649,3.4939467948357,2
TCGA-CG-5717-01A,8.51847188485741,-11.7383154841741,14.218883564127,2
TCGA-CG-5718-01A,17.634231353431,2.44593775715257,-22.9852065578967,2
TCGA-CG-5719-01A,32.5480875350224,-3.00427148566887,-5.76145542392859,2
TCGA-CG-5720-01A,23.208471214237,5.90130299978901,-13.3956743902352,2
TCGA-CG-5732-01A,31.7049319584447,-4.62758276474484,-5.12932339102472,2
TCGA-CG-5734-01A,13.1081359027739,-9.01365627317009,15.1319709413195,2
TCGA-D7-6519-01A,29.8413557944274,-1.84404372538316,-6.81131425428969,2
TCGA-D7-6520-01A,20.2282025033845,-2.67844399223436,-5.04058962973054,2
TCGA-D7-6521-01A,24.9993976851405,-7.78113186297768,-4.36201892754712,2
TCGA-D7-6522-01A,31.9903932714157,-5.64013929122877,-4.34517266136611,2
TCGA-D7-6524-01A,13.1193562200596,-5.84535873333187,4.74603030707219,2
TCGA-D7-6527-01A,23.9289344365765,-3.97711922680409,-1.9805814058477,2
TCGA-D7-6528-01A,14.995589405858,6.98720699368,-19.4917991095065,2
TCGA-D7-6815-01A,16.7883091468833,9.64091460169034,-18.9430517741777,2
TCGA-D7-6818-01A,19.4617051469335,4.11491500248866,-18.5202208167204,2
TCGA-D7-6822-01A,15.6546260770453,-7.46987704821074,-6.41508985709183,2
TCGA-D7-8570-01A,17.3272867313884,-7.91347762427099,-8.82832225597679,2
TCGA-D7-8572-01A,16.9250398243098,-7.36855945146256,-4.19805272222081,2
TCGA-D7-8574-01A,22.6354479460354,1.10279269111889,-8.79802263311547,2
TCGA-D7-8575-01A,14.3037095843007,-4.79324087080799,14.1608629814965,2
TCGA-D7-8578-01A,13.8249457785016,-2.55942934726441,8.28786526208817,2
TCGA-D7-8579-01A,33.8498026234133,4.05563225226946,-10.2106683674019,2
TCGA-D7-A4Z0-01A,12.191431993581,-5.42169614006649,5.13831321386197,2
TCGA-D7-A6EZ-01A,38.341757827157,5.32133071241484,-4.2789118929638,2
TCGA-D7-A6F0-01A,20.5747661369367,-10.4107309796389,-7.98516614292188,2
TCGA-D7-A6F2-01A,20.7016754102336,2.65326904816651,-21.8054299324518,2
TCGA-D7-A747-01A,25.2650613587558,5.32728533517152,-10.1041902673463,2
TCGA-D7-A748-01A,17.2887401289302,-1.72219787370775,-1.22980639807442,2
TCGA-F1-6177-01A,17.2378413439606,5.19904047875354,-22.1500263182115,2
TCGA-F1-6874-01A,10.3978759395413,-2.29636273299864,8.8528287722148,2
TCGA-F1-A448-01A,10.9326783858883,-9.18728506149234,13.2790313200217,2
TCGA-F1-A72C-01A,5.51025994057469,-5.09522487011104,9.99210361714878,2
TCGA-FP-7735-01A,12.8653366410402,-2.3626247988434,-14.5297924503892,2
TCGA-FP-7829-01A,17.4482401444122,-3.68710134127679,1.10034587772867,2
TCGA-FP-7916-01A,14.6028901621775,-5.29516459552105,5.35655413939498,2
TCGA-FP-7998-01A,29.4731875498555,2.90648182426496,-8.51548005516623,2
TCGA-FP-8099-01A,10.0642316687161,-8.33516464647359,15.4971264865505,2
TCGA-FP-8209-01A,30.244032785462,4.6749856620379,-7.82057602478124,2
TCGA-FP-8210-01A,30.9652388049521,4.84387999594993,-9.00360554947463,2
TCGA-FP-8631-01A,15.6932121579593,-0.442229517850405,0.757340837286031,2
TCGA-FP-A4BF-01A,9.97250515603929,-8.05398651152006,15.8862573039231,2
TCGA-FP-A8CX-01A,22.2104952478209,-6.10398881982773,1.43871744724609,2
TCGA-FP-A9TM-01A,7.94447523332879,-6.09279269825422,8.847449558835,2
TCGA-HF-7131-01A,20.1466785581383,-3.60783547120344,5.63117959522137,2
TCGA-HF-7132-01A,9.67870732145116,-3.18115571509616,3.27219431864522,2
TCGA-HF-7133-01A,18.2933223231515,-8.33241862895041,-5.38191882668546,2
TCGA-HF-7134-01A,11.6527493738082,-4.20543182948038,0.280033015905674,2
TCGA-HF-A5NB-01A,17.3053957374638,-1.68669622697424,2.14815821708405,2
TCGA-HU-8238-01A,10.4966615618972,-8.91226275037954,21.4182667696862,2
TCGA-HU-8610-01A,25.5514557469363,2.12709457149524,-8.42511360848757,2
TCGA-HU-A4G3-01A,21.6381722569214,-8.21098123698653,-3.5983636760679,2
TCGA-HU-A4G8-01A,19.3992595346405,-3.85572370101153,6.28771014656551,2
TCGA-HU-A4GD-01A,16.0478932574362,6.92302524436324,-21.7779676357253,2
TCGA-HU-A4GH-01A,15.9826132321716,-5.69661367138534,-0.0464980752857629,2
TCGA-HU-A4GJ-01A,32.7428448521716,-3.55761729510561,-3.12048695250555,2
TCGA-HU-A4GP-01A,10.5052692177336,-9.6620299093895,13.2704810175136,2
TCGA-HU-A4GU-01A,17.9123247389115,7.40086266878601,-22.9346123990269,2
TCGA-HU-A4GY-01A,26.8474406954427,2.64384922043404,-9.32002599884295,2
TCGA-HU-A4H2-01A,18.0465088619082,-11.2588689938848,-7.7455982194159,2
TCGA-HU-A4H5-01A,22.6336815427494,4.11436884028821,-23.5188341325835,2
TCGA-HU-A4H6-01A,12.8953992599598,-4.54005541663785,12.3412785742339,2
TCGA-HU-A4H8-01A,23.5264024570269,-1.0376005198253,-5.56322026687685,2
TCGA-HU-A4HB-01A,13.2751747679484,-4.34895661112473,4.65598964098327,2
TCGA-IN-7808-01A,26.7383262092555,-0.998734931924165,-7.83185529323075,2
TCGA-IN-8462-01A,8.02304839275543,-11.4785750146514,15.4905048281021,2
TCGA-IN-8663-01A,9.77644757710398,-2.93408734202849,3.19016922606352,2
TCGA-IN-A6RI-01A,21.8949954431234,-5.04994703564036,-1.48780190007036,2
TCGA-IN-A6RJ-01A,10.3029129023573,-9.82820478329072,13.5152437785224,2
TCGA-IN-A6RL-01A,22.6092509508961,-4.8014629017307,4.34512139910479,2
TCGA-IN-A6RN-01A,16.5682224357833,-9.2762464217795,13.2802334921863,2
TCGA-IN-A6RR-01A,16.1822401125448,-6.44963543619952,13.6733351582627,2
TCGA-IN-A7NR-01A,7.73279434077047,-10.7841215323893,17.891445806283,2
TCGA-IN-AB1V-01A,14.5554402900345,-7.80182798812882,12.033087205207,2
TCGA-IN-AB1X-01A,6.29115535157587,-7.56593547952092,8.61849565883289,2
TCGA-KB-A93G-01A,7.76999323776865,-4.09416163553929,4.77779488518403,2
TCGA-KB-A93H-01A,21.0179139393096,1.90157855717311,-24.0729256784673,2
TCGA-KB-A93J-01A,13.3749458101621,-6.32455294960016,2.38609219693103,2
TCGA-MX-A5UG-01A,9.60667752725507,-6.33553739768856,4.27915592369742,2
TCGA-MX-A5UJ-01A,35.4820472034153,5.74120309642534,-4.78805234548763,2
TCGA-R5-A7O7-01A,17.6169485816228,-7.99867904159739,-4.1416384418249,2
TCGA-R5-A7ZE-01B,8.90059326819805,-9.08430118430275,15.6267777062097,2
TCGA-R5-A7ZR-01A,18.88453848316,-12.7844282347373,-12.4065795684657,2
TCGA-R5-A805-01A,13.4856289019879,-6.81606619078426,12.1034514595217,2
TCGA-RD-A7BS-01A,10.2066080600112,-6.83861101007285,15.1126610289708,2
TCGA-RD-A7BW-01A,25.3337605344311,2.6834523697758,-9.14107441113129,2
TCGA-RD-A8MW-01A,17.2868311705946,-2.02888279931956,-1.68451439842783,2
TCGA-RD-A8N0-01A,14.9937843701394,-6.78856064611402,7.95100150958614,2
TCGA-RD-A8N1-01A,33.3733868563369,1.47440929502345,-5.18768653111854,2
TCGA-RD-A8N2-01A,27.0841758763489,7.43734179684867,-9.29549431192313,2
TCGA-RD-A8N4-01A,28.9808226176517,6.32144010321486,-9.72663039466004,2
TCGA-RD-A8N5-01A,12.2798408560029,-5.72311704651943,8.29492822375448,2
TCGA-RD-A8N6-01A,13.4253344122503,-4.84209491763448,3.13622192223852,2
TCGA-RD-A8N9-01A,28.8318442811924,7.7629371069291,-9.52403234346553,2
TCGA-SW-A7EA-01A,11.1739668146134,-8.88589815760221,16.2059858629481,2
TCGA-VQ-A8DT-01A,22.2448951673969,-4.89369707152786,-1.39330496791958,2
TCGA-VQ-A8DU-01A,16.883176108224,-10.5267305900364,-9.46876562547454,2
TCGA-VQ-A8DV-01A,18.227042871254,3.10614100306383,-24.7803103692769,2
TCGA-VQ-A8DZ-01A,13.1462472709288,-1.46087142816567,-12.9740832935207,2
TCGA-VQ-A8E0-01A,20.5497367608819,-6.19273410543651,1.81286469463571,2
TCGA-VQ-A8E2-01A,18.1774871091908,-11.7232965693137,-7.98731322080411,2
TCGA-VQ-A8P3-01A,17.8934582738871,-4.56425971064417,-1.80243732095954,2
TCGA-VQ-A8P8-01A,23.0106202668465,0.371894304113856,-8.34077222792089,2
TCGA-VQ-A8PC-01A,13.4129407500717,-7.75037411649051,15.7066984211634,2
TCGA-VQ-A8PD-01A,7.56713919741929,-6.98774238848749,7.48878129300959,2
TCGA-VQ-A8PF-01A,33.5405661780268,4.66544444859473,-7.01915455386661,2
TCGA-VQ-A8PK-01A,13.0150071500779,-5.54630123517437,-0.574758551633472,2
TCGA-VQ-A8PM-01A,18.7081538286527,-1.09583241252554,-20.9271730115973,2
TCGA-VQ-A8PO-01A,9.06228077356385,-7.06966368387624,17.0624073876257,2
TCGA-VQ-A8PP-01A,23.7340579785947,-3.03412661540948,-6.91344130757653,2
TCGA-VQ-A8PQ-01A,30.8430212407478,-1.70517366628615,-6.8454164489797,2
TCGA-VQ-A8PU-01A,19.9305435956477,-5.10524011770634,6.32076306968253,2
TCGA-VQ-A91A-01A,8.99732490030858,-4.99722891554014,6.19486928057993,2
TCGA-VQ-A91D-01A,8.82934418463084,-3.81036183328355,12.06121145038,2
TCGA-VQ-A91E-01A,10.4355750641642,-6.66834111096821,16.2786337007244,2
TCGA-VQ-A91K-01A,22.6602273489423,2.59100762670554,-12.5410667454531,2
TCGA-VQ-A91N-01A,12.1160937720113,-10.9270657734629,12.8333787955315,2
TCGA-VQ-A91Q-01A,30.0067657674553,-4.57158469641829,-5.48379927610621,2
TCGA-VQ-A91U-01A,14.3144368104927,5.15014229385713,-25.9318089315657,2
TCGA-VQ-A91V-01A,18.3374858303422,-5.71488812512734,5.01536930481242,2
TCGA-VQ-A91X-01A,17.3816677158683,5.62197920945586,-22.4139772292398,2
TCGA-VQ-A91Y-01A,8.3393616398352,-5.09918825073234,2.40587737988947,2
TCGA-VQ-A922-01A,23.4558560438139,4.46452972511154,-12.5047898642059,2
TCGA-VQ-A923-01A,11.1725102090274,-6.81275306526145,6.30013633182406,2
TCGA-VQ-A924-01A,9.09623073770508,-6.46102539081518,18.3805359615423,2
TCGA-VQ-A925-01A,23.3211677810503,-10.4611745907198,-5.25629178952454,2
TCGA-VQ-A927-01A,14.1339069567427,-4.46054346498639,8.26468827302478,2
TCGA-VQ-A928-01A,29.4203537678071,0.985621543567236,-5.03372364928316,2
TCGA-VQ-A92D-01A,13.6282062889598,-3.00282720238756,9.96951018350361,2
TCGA-VQ-A94O-01A,16.9118182707625,-14.2274268878668,-13.2578688980364,2
TCGA-VQ-A94P-01A,31.4069082952455,9.17554394509382,-10.3355602648446,2
TCGA-VQ-A94R-01A,24.7509235121071,6.51134469486125,-14.0612204418123,2
TCGA-VQ-A94T-01A,19.0280961618345,-13.5482127164034,-12.1553917574142,2
TCGA-VQ-A94U-01A,21.1018507255225,3.24395751816235,-20.7488616338126,2
TCGA-VQ-AA64-01A,20.6676809316743,-1.19068472185909,-5.18826282142359,2
TCGA-VQ-AA69-01A,19.6821612425276,-1.2105986353233,-7.98524445373393,2
TCGA-VQ-AA6A-01A,11.1575967556831,-3.93363950325269,6.86685420208005,2
TCGA-VQ-AA6D-01A,14.9821732414688,-1.57819364403837,-5.00753788410219,2
TCGA-VQ-AA6G-01A,13.3879500128847,-4.43037135137631,13.4552597217394,2
TCGA-VQ-AA6J-01A,12.7683844636708,-4.50180009952649,1.13719381791397,2
TCGA-VQ-AA6K-01A,25.2326232509294,-1.50721573220744,-3.16479537166599,2
TCGA-ZA-A8F6-01A,20.8610363848098,1.15063357280757,-17.9396262119504,2
TCGA-ZQ-A9CR-01A,8.50042603453556,-4.96379683906131,14.2662192647018,2
