Sample,X,Y,Z,Cluster
TCGA-2E-A9G8-01A,27.2452093460544,0.0959878167731383,9.27255440255087,1
TCGA-4E-A92E-01A,27.6609419741305,-6.78198106017902,-2.66248014456534,1
TCGA-5B-A90C-01A,16.2556181693155,-11.9799042665981,9.70372883619879,1
TCGA-A5-A0G1-01A,10.5200312837566,13.7279488261795,-10.8891240472276,1
TCGA-A5-A0G2-01A,25.9252108572916,-16.5841235701591,4.8395023568094,1
TCGA-A5-A0G3-01A,13.7603114336541,7.02976840365893,-9.16571697491626,1
TCGA-A5-A0G9-01A,9.00298628149264,14.8409880869547,-8.74471082442818,1
TCGA-A5-A0GA-01A,30.8260663259562,-7.5499773431819,5.57308931699895,1
TCGA-A5-A0GB-01A,18.0898239425997,-14.4457322413354,2.28263201886641,1
TCGA-A5-A0GD-01A,22.6902092900956,5.04005564322452,-0.947311973699325,1
TCGA-A5-A0GH-01A,22.6362103704312,-15.9834266391826,5.45644825780522,1
TCGA-A5-A0GP-01A,21.7971432858322,-17.1657602389015,9.94593159063379,1
TCGA-A5-A0GR-01A,5.57430963402555,14.0799591134125,-9.07682424253036,1
TCGA-A5-A0GU-01A,6.3306390578231,-0.154172638671051,-4.8144495438487,1
TCGA-A5-A0GW-01A,19.7067760977704,-15.2604626791318,10.0073133447198,1
TCGA-A5-A0R6-01A,22.2776244365981,4.0815685494727,-2.88002302943363,1
TCGA-A5-A0R8-01A,8.70239997342119,18.3182677346248,-9.03695455694482,1
TCGA-A5-A0RA-01A,14.7380535283716,-5.05474290658061,7.72144463227598,1
TCGA-A5-A0VO-01A,18.2720838131136,0.452889052326491,9.41971735358749,1
TCGA-A5-A1OF-01A,22.55900800504,4.75082756016021,-1.58577648375128,1
TCGA-A5-A1OG-01A,16.7419552491269,4.13951294064863,-9.84546912931466,1
TCGA-A5-A1OH-01A,23.8721233359327,0.422397685047055,5.83951775701538,1
TCGA-A5-A1OJ-01A,8.18410722099784,12.8694353996101,-9.35851472447179,1
TCGA-A5-A1OK-01A,5.56722084051548,-2.13503290722326,-1.60461873977637,1
TCGA-A5-A2K2-01A,27.6883145700751,-1.69133674154625,10.2310142064722,1
TCGA-A5-A2K3-01A,13.219043547155,15.6644635993524,-7.13061449705651,1
TCGA-A5-A2K4-01A,28.0590417213327,-11.3089771086294,1.9540377932175,1
TCGA-A5-A2K5-01A,18.6342839550153,9.27186495109645,4.17416421874673,1
TCGA-A5-A2K7-01A,21.9872695455181,-17.1520301934933,8.73088585335642,1
TCGA-A5-A3LO-01A,20.1440630142276,-13.2175184129149,0.237192966014613,1
TCGA-A5-A3LP-01A,15.2446147108797,-9.33480732504236,6.31064734556641,1
TCGA-A5-A7WJ-01A,27.4930719671748,-8.59254848019707,1.2375952728619,1
TCGA-A5-A7WK-01A,22.7100025468903,3.66183139065202,-9.0471856657774,1
TCGA-AJ-A23M-01A,26.8984125780071,-3.84470515222357,-0.3527027971981,1
TCGA-AJ-A23N-01A,28.0551069296349,-4.60091491651201,2.89057747189435,1
TCGA-AJ-A23O-01A,7.41846710037509,12.0938823043692,-8.56731663818034,1
TCGA-AJ-A2QL-01A,26.8543446191132,-0.0639895235347238,9.52212282788357,1
TCGA-AJ-A2QM-01A,25.3714372642208,-3.52435397313618,-3.96041735533962,1
TCGA-AJ-A2QN-01A,20.9756446379264,-4.8161422093431,5.47563366832588,1
TCGA-AJ-A2QO-01A,21.8350971039349,-14.1913788784701,-0.0534554298221954,1
TCGA-AJ-A3BD-01A,20.7541979554347,7.50240260782167,2.18824540899578,1
TCGA-AJ-A3BF-01A,22.0771778367063,1.45079351245437,5.20817201635378,1
TCGA-AJ-A3BH-01A,30.3546532477597,-7.66646719501829,5.96830434680612,1
TCGA-AJ-A3BI-01A,9.2220206453914,15.401952214613,-9.05891813158742,1
TCGA-AJ-A3EJ-01A,30.3266866398234,-6.02776078305815,0.795249753221027,1
TCGA-AJ-A3EK-01A,18.1348862157115,-10.8802065801892,8.28212679791065,1
TCGA-AJ-A3EL-01A,21.0234731299942,-7.10247726529154,-5.67305136227728,1
TCGA-AJ-A3IA-01A,11.151780122332,1.39628501425739,-7.58177094205792,1
TCGA-AJ-A3NC-01A,27.4213755370848,-7.08908880932917,-3.28415740021025,1
TCGA-AJ-A3NE-01A,28.582816639665,-7.23251972575628,2.20061276162296,1
TCGA-AJ-A3NF-01A,27.4640300819151,-6.24602549870048,-2.68640477954191,1
TCGA-AJ-A3NG-01A,17.0232996482354,-9.92406156041063,8.44051325724853,1
TCGA-AJ-A3NH-01A,30.8776616666719,-6.95827449306299,0.557923981545435,1
TCGA-AJ-A3OJ-01A,21.808782674814,-3.93497454346312,5.37224118667678,1
TCGA-AJ-A3OL-01A,16.4749763452183,-9.6272478616329,6.9889408642021,1
TCGA-AJ-A3QS-01A,25.0106792281243,-1.72712296175754,5.6153069470727,1
TCGA-AJ-A3TW-01A,17.9394825426817,1.26935941329622,9.62048844280266,1
TCGA-AJ-A5DV-01A,15.2432170278114,-6.13107318137461,7.87952833385841,1
TCGA-AJ-A5DW-01A,20.2984683491941,-9.59164839340871,8.01825953699519,1
TCGA-AJ-A8CV-01A,13.0611018153519,-4.00829732266376,8.70225954961798,1
TCGA-AJ-A8CW-01A,29.4670012245984,-9.03744092422662,-0.837182954640734,1
TCGA-AP-A051-01A,26.9784011431942,-9.04860866129554,-0.612875660511035,1
TCGA-AP-A052-01A,14.8044100311938,6.09872583907954,-9.88011201627799,1
TCGA-AP-A053-01A,25.1080411223418,-8.3200298400041,8.11386657681385,1
TCGA-AP-A054-01A,21.5680192195681,-16.0634914230033,4.18766120686447,1
TCGA-AP-A056-01A,19.0939183490208,-9.11277741950743,-7.74139279761881,1
TCGA-AP-A059-01A,26.3361396619056,-10.102530292782,5.8426001119479,1
TCGA-AP-A05D-01A,13.5531878728266,8.15621266330784,-9.77247815492039,1
TCGA-AP-A05H-01A,13.3327039791882,7.57073920187633,-9.17678021444015,1
TCGA-AP-A05N-01A,19.3349439371641,-10.5966258805769,8.88105328065674,1
TCGA-AP-A05O-01A,17.1391604915739,-2.42009304566889,8.85456963419611,1
TCGA-AP-A05P-01A,7.17286516592779,-0.699480246461124,-4.04746043637224,1
TCGA-AP-A0L8-01A,20.8344767775309,-5.15776861166216,-6.36747185677633,1
TCGA-AP-A0L9-01A,14.0937139438862,10.8099567455197,-11.1302953411621,1
TCGA-AP-A0LF-01A,12.1403710302659,17.9719545098446,-7.92022176854199,1
TCGA-AP-A0LG-01A,21.7431454435566,-15.6283349016761,4.57267769648365,1
TCGA-AP-A0LH-01A,21.6427208313755,2.91635838349238,-3.97003798531789,1
TCGA-AP-A0LI-01A,18.2337695151706,6.85807403805871,-10.5210792685019,1
TCGA-AP-A0LT-01A,21.7629854347215,-17.0221270537379,8.54283755348188,1
TCGA-AP-A1DQ-01A,20.9591370992354,-1.64632161180544,-6.70228759513658,1
TCGA-AP-A1DR-01A,24.0020482675702,-11.3190435302694,-2.37520494303937,1
TCGA-AP-A1DV-01A,18.8514345996021,2.76039436238055,-8.58626643572326,1
TCGA-AP-A1E0-01A,24.3493189788473,-9.84136475921637,7.87246744737118,1
TCGA-AP-A1E1-01A,7.29503201742392,0.892252524014977,-5.73932918842663,1
TCGA-AP-A3K1-01A,21.2492207563975,7.00137619252329,0.927109857226824,1
TCGA-AW-A1PO-01A,19.9721511142828,-13.1527695330809,0.0738063241910586,1
TCGA-AX-A05T-01A,21.4437500683319,-4.41820598890452,5.35614580912193,1
TCGA-AX-A05Z-01A,8.9929205942231,14.4664632085375,-8.28087990624434,1
TCGA-AX-A060-01A,9.89927901382016,14.5670371647862,-8.15335680772839,1
TCGA-AX-A062-01A,19.7940831720427,-16.6714247586508,7.04422331374133,1
TCGA-AX-A06B-01A,21.4826023173164,-0.0283894302078633,-5.17338122054822,1
TCGA-AX-A0J0-01A,20.5054983260424,-13.0200834338217,0.222743704161809,1
TCGA-AX-A0J1-01A,13.9167761230933,11.5310242475677,-10.9923360230388,1
TCGA-AX-A1C4-01A,17.6278523261425,-13.3604720806453,8.8555108118888,1
TCGA-AX-A1C5-01A,23.6325815920588,-10.3335229365502,4.70825318784993,1
TCGA-AX-A1C7-01A,18.7751730570108,9.2433827858199,3.96379874275255,1
TCGA-AX-A1C8-01A,24.3062351401142,0.968483176462509,5.68226699430483,1
TCGA-AX-A1C9-01A,15.8682885549283,-7.21929737438889,8.53838847836868,1
TCGA-AX-A1CC-01A,24.5758786493084,-3.53090693190033,-2.89916859858876,1
TCGA-AX-A1CF-01A,19.0526656942688,4.55261004652533,-10.7168809100381,1
TCGA-AX-A1CN-01A,25.2444879722272,-10.1483201046055,6.81872536422391,1
TCGA-AX-A1CP-01A,7.43952184928048,-2.82534837649331,-1.22316285799594,1
TCGA-AX-A1CR-01A,20.8947410216793,8.38640508054696,1.32162492232027,1
TCGA-AX-A2H2-01A,20.0220946738186,-12.6162276141011,10.9335717718942,1
TCGA-AX-A2H4-01A,27.6758480777629,-12.5588665239094,2.98270596615896,1
TCGA-AX-A2H5-01A,25.3481631980633,-2.66327919998117,-2.38642877991088,1
TCGA-AX-A2H8-01A,21.1385166035275,-2.12895648079902,-6.63139999578367,1
TCGA-AX-A2HA-01A,7.42593595293806,11.2082433208989,-8.8301337963448,1
TCGA-AX-A2HC-01A,20.5783907930387,-10.8150298727749,6.44492147603315,1
TCGA-AX-A2HD-01A,21.136338963626,-11.0353706189334,5.67070549530484,1
TCGA-AX-A2HF-01A,27.5109989150029,-2.27381936303478,10.8791598228651,1
TCGA-AX-A2HG-01A,18.8485029432933,-14.2573658256268,10.1681750097617,1
TCGA-AX-A2HH-01A,27.4198012522523,-5.78162265607006,1.97404294561295,1
TCGA-AX-A2HK-01A,23.6369525277914,-0.188060779620119,6.05891267583472,1
TCGA-AX-A2IN-01A,20.956721075614,-13.9851053148831,1.4084694241871,1
TCGA-AX-A2IO-01A,18.7101528648445,2.87663749019902,-8.71777632109229,1
TCGA-AX-A3FS-01A,17.5725293812409,-13.1450231040384,9.19868531820896,1
TCGA-AX-A3FV-01A,30.3672500199829,-7.46946528829808,0.798251184304369,1
TCGA-AX-A3FZ-01A,19.0021683753645,-10.6075520121579,8.42428943179278,1
TCGA-AX-A3G3-01A,13.3737645545821,8.58882529125039,-10.0949207106087,1
TCGA-AX-A3G6-01A,18.5068467338999,5.69867953118594,-10.2558002730828,1
TCGA-AX-A3G7-01A,18.2630408925832,0.633238239071221,9.41316568668709,1
TCGA-AX-A3G8-01A,13.4545810254752,7.43995306319205,-9.18969302121867,1
TCGA-AX-A3G9-01A,21.7695694481522,-1.63258986608362,6.68514577242714,1
TCGA-AX-A3GI-01A,27.0312421384418,-3.80616396524218,-0.00718104866465408,1
TCGA-B5-A0JN-01A,25.8335888911243,-10.7162287530454,5.92504343472797,1
TCGA-B5-A0JT-01A,29.0285767574602,-8.04965125320409,5.2182681412099,1
TCGA-B5-A0JU-01B,21.6231000501719,-15.1547182476232,4.59178167800567,1
TCGA-B5-A0JX-01A,23.3662421482667,-9.45432559120152,1.13594847591078,1
TCGA-B5-A0JY-01A,19.0912549166743,-9.04418663669555,-7.75566855708078,1
TCGA-B5-A0K0-01A,31.3304484746781,-7.77760679036978,7.17146502261851,1
TCGA-B5-A0K2-01A,8.92593629411727,17.9346689692343,-9.06087055658371,1
TCGA-B5-A0K3-01A,14.0348703015889,9.53738134024223,-11.9988525647256,1
TCGA-B5-A0K7-01A,8.94724864021782,13.8148031304567,-10.9288213929395,1
TCGA-B5-A0K8-01A,16.4389813665893,4.7870411105959,-9.39303349837075,1
TCGA-B5-A0K9-01A,5.76521917355153,6.15746762514159,-6.9123203102462,1
TCGA-B5-A0KB-01B,23.6119574221778,0.878252359674692,6.27263171740441,1
TCGA-B5-A11E-01A,17.5140017498943,-9.79485309961258,-8.97021993161306,1
TCGA-B5-A11F-01A,31.6280935831575,-8.80928124172902,9.87664140384529,1
TCGA-B5-A11H-01A,20.9484849863608,-6.75838117857012,-5.94132494800274,1
TCGA-B5-A11I-01A,28.816559367907,-6.48903007314426,2.3309016013659,1
TCGA-B5-A11J-01A,16.6117782394318,-11.8178102670252,11.3674131413594,1
TCGA-B5-A11L-01B,18.7829115997933,4.55393317782029,-9.4362462389436,1
TCGA-B5-A11N-01A,10.3678029650601,13.3854928844545,-11.0297156133713,1
TCGA-B5-A11O-01A,13.3630508800817,-3.82362778903482,8.05404423636141,1
TCGA-B5-A11R-01A,5.56613559091011,-2.25000299844511,-1.45540827285099,1
TCGA-B5-A11S-01A,12.2995001548872,1.84761437387904,-7.79926924442122,1
TCGA-B5-A11U-01A,23.7704308207388,-11.8297953841063,-2.79915480655678,1
TCGA-B5-A11X-01A,24.7317455824732,-9.33986828538713,8.30388073659715,1
TCGA-B5-A11Y-01A,11.1507223570285,12.7932058506717,-11.7399384833012,1
TCGA-B5-A11Z-01A,6.25444179046461,0.105374462551052,-5.04978167224019,1
TCGA-B5-A121-01A,14.2872871750949,-4.82993926341971,7.52496183258148,1
TCGA-B5-A1MR-01A,21.7781625496456,6.261447736693,0.138634123531461,1
TCGA-B5-A1MS-01B,26.7278258112073,-0.36061846516871,10.0504666286115,1
TCGA-B5-A1MU-01A,28.5344427747895,-1.0952833810361,-0.640949539753277,1
TCGA-B5-A1MV-01A,16.1078514355692,-9.50528042533482,6.97021033950106,1
TCGA-B5-A1MW-01A,20.5289830627368,-9.73974986559944,8.06866102041837,1
TCGA-B5-A1MX-01A,20.2856671444879,-17.3143488407345,2.06345868043803,1
TCGA-B5-A1MY-01A,22.806064002021,-2.70987231026228,4.32464850011391,1
TCGA-B5-A1MZ-01A,9.00423978297852,8.18905078921808,-9.86358371568164,1
TCGA-B5-A3FA-01A,12.8844937384521,9.92526816429698,-12.3029021225027,1
TCGA-B5-A3FB-01A,16.1619958885966,-9.40359518295837,8.8386437643172,1
TCGA-B5-A3FC-01A,12.8033804822015,9.51769499585853,-11.9480437878227,1
TCGA-B5-A3FH-01A,9.72460775355392,1.55270697874181,-7.15896687055585,1
TCGA-B5-A3S1-01A,27.2674836289488,-3.68991831305016,0.504340033471862,1
TCGA-B5-A5OC-01A,28.0519779079763,-7.27914337100796,-2.20736247721076,1
TCGA-B5-A5OD-01A,14.0433990707689,15.5841923857832,-6.78581761306659,1
TCGA-B5-A5OE-01A,21.4561263389768,6.33322150921573,-0.116805652757447,1
TCGA-BG-A0LW-01A,31.7024179960176,-8.0079525431727,8.00934625685463,1
TCGA-BG-A0M2-01A,12.2014975227661,15.8246304144604,-7.13804470709508,1
TCGA-BG-A0M6-01A,23.7402682681745,-11.9672831790346,-2.94944445463027,1
TCGA-BG-A0M8-01A,8.02024002384179,13.2887806953888,-8.47769585417107,1
TCGA-BG-A0MG-01A,23.2756897377346,-9.46825285011487,1.11620367959296,1
TCGA-BG-A0MH-01A,8.15332018420903,11.9413247534761,-9.37845045455543,1
TCGA-BG-A0MI-01A,17.0773057201533,-11.5833842367565,11.8149808845107,1
TCGA-BG-A0MT-01A,9.17367411970464,8.51340810679887,-9.67228376569652,1
TCGA-BG-A0MU-01A,9.19812637043439,14.4450045543369,-8.59779011786977,1
TCGA-BG-A0RY-01A,8.7420725597134,9.02068478703995,-8.44521738944715,1
TCGA-BG-A0VX-01A,31.6164099741993,-8.79151890831124,9.82082069237038,1
TCGA-BG-A0YV-01A,23.2774099462434,-2.59790295386809,6.68831496966457,1
TCGA-BG-A220-01A,19.6889028745948,-9.7321984476225,6.76072452742101,1
TCGA-BG-A221-01A,18.1071221970197,7.77817380131645,-10.7994630605611,1
TCGA-BG-A222-01A,17.9654847215004,-12.7094439753407,-1.07169910940625,1
TCGA-BG-A2AD-01A,24.1184838877813,-11.0148779903299,-2.2120450099554,1
TCGA-BG-A3EW-01A,28.2972359396166,-8.49381046428383,-0.041817575081501,1
TCGA-BG-A3PP-01A,29.1642284218532,-5.75403053905429,3.02370232203984,1
TCGA-BK-A0CA-01A,14.8758816230711,-5.32114258566988,7.648022182882,1
TCGA-BK-A0CA-01B,24.2089712730846,-4.13411313002997,-1.44928907080901,1
TCGA-BK-A0CC-01A,28.0478035599812,-11.1965486531293,1.38574350729359,1
TCGA-BK-A0CC-01B,28.5725527634061,-9.26594165946318,-0.765359386469797,1
TCGA-BK-A139-01A,26.343310571174,-8.53824361763252,2.04818811021392,1
TCGA-BK-A139-01C,24.0247505573272,-4.46466254841337,-1.22954450238431,1
TCGA-BK-A13B-01A,4.93073465445062,5.80704710980678,-6.85281232516686,1
TCGA-BK-A26L-01A,25.1234447550664,-3.28211833647902,-2.52737600326205,1
TCGA-BK-A26L-01C,24.823128126197,-3.55952851671593,-2.28796869853134,1
TCGA-BK-A4ZD-01A,28.8345628651333,-8.54260281343676,6.40011538943068,1
TCGA-BK-A56F-01A,15.7761383072563,-7.74297947798412,8.72337095067776,1
TCGA-BK-A6W3-01A,17.9989648418769,-12.7097703294274,-1.04844911317144,1
TCGA-BK-A6W4-01A,17.1039354320376,-9.52145288497737,8.61737777850746,1
TCGA-BS-A0TA-01A,19.8401142034477,9.0488546548673,2.26237089898915,1
TCGA-BS-A0TE-01A,25.8032241747226,-16.6620276940014,4.84140225870327,1
TCGA-BS-A0TI-01A,10.3067356264556,16.7802562184721,-8.75800416951685,1
TCGA-BS-A0TJ-01A,18.5716305226225,-9.35998934972756,-8.1625883808912,1
TCGA-BS-A0U5-01A,13.1997568853318,-4.29044676831497,8.68507243249103,1
TCGA-BS-A0U7-01A,8.64746735938522,8.97052088583381,-8.43902942034676,1
TCGA-BS-A0UF-01A,13.1512799401065,10.4441246250014,-13.1759031726618,1
TCGA-BS-A0UM-01A,6.0018214019247,1.75626581419873,-6.24132302519246,1
TCGA-BS-A0UV-01A,22.6294322835671,-16.9879286886072,5.46716037452375,1
TCGA-BS-A0V6-01A,13.1637549883805,-4.07926220970508,8.62266444933688,1
TCGA-D1-A0ZN-01A,6.59006770723403,0.197247604435045,-5.13564641209292,1
TCGA-D1-A0ZP-01A,22.1916636855438,0.755011034151845,5.42780598908414,1
TCGA-D1-A0ZQ-01A,10.5885261359557,17.2994204969544,-10.5989479300239,1
TCGA-D1-A0ZS-01A,20.9775255505816,-13.8154822618683,1.37082992463116,1
TCGA-D1-A0ZU-01A,14.936751154694,-10.4214652599803,10.7362290334335,1
TCGA-D1-A0ZZ-01A,21.6792068467253,2.74909045365506,-4.00305430717565,1
TCGA-D1-A101-01A,10.1559912179616,17.3615668853464,-9.63789934907977,1
TCGA-D1-A102-01A,14.5527365354576,-10.5469270815953,11.3263298973105,1
TCGA-D1-A103-01A,12.7193335227915,10.9462480840498,-13.224448956543,1
TCGA-D1-A15V-01A,25.6040049462201,-10.3032764557673,5.72022662626739,1
TCGA-D1-A15W-01A,8.3567593171669,0.484221824757977,-5.76752132439858,1
TCGA-D1-A15X-01A,4.43059044170199,5.73942238364984,-6.8422470803381,1
TCGA-D1-A15Z-01A,17.2538123299348,-10.3350939902788,10.0756947556695,1
TCGA-D1-A162-01A,13.1925136105356,4.11621938089092,-8.5874877398447,1
TCGA-D1-A163-01A,22.3941753000253,-18.7878809753819,4.11941089472154,1
TCGA-D1-A167-01A,26.8259601370095,-5.59437292264882,2.76301341085522,1
TCGA-D1-A16B-01A,14.9229141977087,-10.4005285318653,10.7233696708306,1
TCGA-D1-A16I-01A,14.036078315506,6.52986796140518,-9.03681150305024,1
TCGA-D1-A16S-01A,13.0440465446176,15.5457685148494,-7.11002760689531,1
TCGA-D1-A176-01A,9.59905822661553,13.509129260106,-10.6537362356966,1
TCGA-D1-A177-01A,22.3194898346998,-18.7865128705642,4.01496072064502,1
TCGA-D1-A179-01A,28.9174258343492,0.0256144056205718,-1.6272734255102,1
TCGA-D1-A17A-01A,8.84635082181124,14.0988194863542,-9.21236530379413,1
TCGA-D1-A17B-01A,12.5346723381475,8.57136646188398,-9.34722102231361,1
TCGA-D1-A1NU-01A,20.9570441159761,-5.88425305232438,-6.19866427492898,1
TCGA-D1-A1NX-01A,13.8863429936196,7.74774850737182,-9.89426201636075,1
TCGA-D1-A1NY-01A,28.9165464668219,-0.0543432379958675,-1.53495701270096,1
TCGA-D1-A1NZ-01A,7.54130435139809,11.0252576584347,-9.11600877551458,1
TCGA-D1-A1O8-01A,17.9855300113144,-13.1553433764951,10.090277964647,1
TCGA-D1-A2G0-01A,25.908331926005,-12.1383599429206,6.06106240996676,1
TCGA-D1-A2G6-01A,8.81877215435986,7.93302523033964,-7.75220476963485,1
TCGA-D1-A2G7-01A,26.129276300853,-5.30210714684485,3.35364926910774,1
TCGA-D1-A3DA-01A,10.2778006118365,1.77286711234699,-7.76753189430372,1
TCGA-D1-A3DG-01A,20.9397080904957,-5.25747342048416,-6.33691718388326,1
TCGA-D1-A3DH-01A,27.1862505738232,0.294885171791143,5.17355903448012,1
TCGA-D1-A3JP-01A,22.0550029149521,2.98877827979361,-3.5741565720124,1
TCGA-D1-A3JQ-01A,27.1564740805893,0.189846373911358,5.25694238598811,1
TCGA-DF-A2KN-01A,26.1267274111649,-2.42491325250994,6.27276911993694,1
TCGA-DF-A2KR-01A,9.01011297908963,7.59068411799499,-7.51521632730294,1
TCGA-DF-A2KU-01A,19.5866762805892,9.4675880942971,2.3499487036274,1
TCGA-DF-A2KZ-01A,9.03023540725023,15.9384130645691,-9.04646635612842,1
TCGA-DI-A1BU-01A,22.45731024728,-17.2176193617355,8.70497220374408,1
TCGA-DI-A1NN-01A,25.631641261878,-6.25102633711376,6.35657991849815,1
TCGA-DI-A1NO-01A,22.1118720590588,1.88808625076401,5.18815577505324,1
TCGA-DI-A2QT-01A,22.2422126434212,3.83758088047352,-3.04915126562245,1
TCGA-DI-A2QY-01A,20.6045327812916,7.98360070654828,2.34099047231129,1
TCGA-E6-A1LX-01A,21.4543690659582,-17.0671047322876,9.62931063892085,1
TCGA-E6-A1LZ-01A,26.2821828013123,-16.3380578609374,5.27863590427148,1
TCGA-E6-A1M0-01A,17.9236952964929,-12.8967248403695,9.89015452855367,1
TCGA-E6-A2P8-01A,20.892755793013,-16.579665105549,7.27203816157522,1
TCGA-E6-A2P9-01A,7.66113109495066,-2.79291102844233,-1.35633195531903,1
TCGA-E6-A8L9-01A,19.9881191530104,1.13130654250262,-7.56904676840378,1
TCGA-EC-A1NJ-01A,21.2118471559805,0.358219058208911,2.17844532792754,1
TCGA-EC-A1QX-01A,25.8740127103717,-16.4664726730093,3.75821621883276,1
TCGA-EC-A24G-01A,4.6078483783638,-2.45571572068054,-0.35956996215802,1
TCGA-EO-A1Y5-01A,14.1731634771573,9.45411617427445,-12.1306588349195,1
TCGA-EO-A1Y8-01A,17.1279601497216,4.47328122785609,-9.47757329594551,1
TCGA-EO-A22R-01A,20.1835708882711,-10.4674154815465,6.50780606401055,1
TCGA-EO-A22S-01A,21.0356745865847,-16.4497698317784,7.54747533058035,1
TCGA-EO-A22T-01A,23.1140413942572,-15.9604532631332,5.38263439734348,1
TCGA-EO-A22U-01A,24.6001306503837,-9.60125888348259,8.24147171484942,1
TCGA-EO-A22X-01A,21.8845510729857,-3.91646194961165,7.73403151453657,1
TCGA-EO-A22Y-01A,19.2610992030399,1.77482860859177,-8.23184320742562,1
TCGA-EO-A2CG-01A,14.6919989372426,5.00183914468948,-10.364141848535,1
TCGA-EO-A2CH-01A,18.3406107971832,9.3072206037977,4.66982762633307,1
TCGA-EO-A3AS-01A,30.8246789924811,-7.65748578448796,6.49302485457185,1
TCGA-EO-A3AU-01A,28.3330267321588,-8.03522668636356,2.63442876068701,1
TCGA-EO-A3AV-01A,11.2439793899312,17.5577563940437,-8.40110921822974,1
TCGA-EO-A3AY-01A,12.4348513449583,15.733001748903,-7.29800315751352,1
TCGA-EO-A3AZ-01A,12.7658447446116,15.6145462304575,-7.21777933149349,1
TCGA-EO-A3B0-01A,20.1669595651137,-17.3303390492855,1.97423856638324,1
TCGA-EO-A3B1-01A,22.9982507685734,-1.1086128132502,6.15940151897496,1
TCGA-EO-A3KU-01A,25.9808100099546,-5.82047759258456,6.45221705741854,1
TCGA-EO-A3KW-01A,22.2327946096516,-4.11816878389142,8.3530414537994,1
TCGA-EO-A3L0-01A,20.7922159159589,-13.8029698949472,2.06694761043636,1
TCGA-EY-A1G7-01A,29.513618175161,-7.14335959626706,3.93674804670053,1
TCGA-EY-A1G8-01A,20.9649407096047,-17.1017207868163,2.83622139908334,1
TCGA-EY-A1GC-01A,6.14308120450113,13.819220778462,-9.10373670985304,1
TCGA-EY-A1GD-01A,29.5732523060014,-5.08074725439384,-2.6988030899007,1
TCGA-EY-A1GF-01A,15.4217660446376,-6.04320275882261,7.75870439238411,1
TCGA-EY-A1GH-01A,28.3204936253366,-7.91496281775127,3.7093252125532,1
TCGA-EY-A1GI-01A,20.1185948569138,-10.1612558059927,7.01279389325013,1
TCGA-EY-A1GL-01A,14.5655477513362,5.51022028320006,-9.70391096546844,1
TCGA-EY-A1GM-01A,17.3888530878466,4.76720139244635,-8.58344281979315,1
TCGA-EY-A1GO-01A,29.6510620729463,-5.74576947235188,1.27153342638764,1
TCGA-EY-A1GP-01A,10.358738812791,2.02307000405115,-8.13481147164475,1
TCGA-EY-A1GR-01A,10.8974372737562,8.68713974532402,-11.0585720236637,1
TCGA-EY-A1GS-01A,18.010404717277,4.59410862280949,-9.61488819719502,1
TCGA-EY-A1GT-01A,9.51519061246798,1.65777951105567,-7.137297745789,1
TCGA-EY-A1GU-01A,7.45833642801176,0.298588667997434,-5.30737596216612,1
TCGA-EY-A210-01A,25.1704575428411,-5.04341337567826,4.77408241152678,1
TCGA-EY-A212-01A,22.7678627934488,3.63898173520735,-9.014978997788,1
TCGA-EY-A2OM-01A,17.6870859292455,-8.95368120083733,6.46441790099874,1
TCGA-EY-A2ON-01A,27.659171071825,-1.47598892226646,9.98442717686004,1
TCGA-EY-A2OO-01A,10.1844739854078,1.7143841155914,-7.5418193927764,1
TCGA-EY-A2OP-01A,28.7546506337152,-7.35897394847823,1.60059694302658,1
TCGA-EY-A2OQ-01A,21.4714614913872,-1.39121347327662,6.92265474968772,1
TCGA-EY-A3L3-01A,22.6821522415933,-2.52079278973642,6.05886559249274,1
TCGA-EY-A3QX-01A,24.0768690446452,-2.75707133874022,4.5675860413039,1
TCGA-EY-A4KR-01A,27.8361584373448,-5.68805340359679,1.94490850912214,1
TCGA-EY-A549-01A,5.07550179104021,-2.23929426808163,-1.19856086814708,1
TCGA-EY-A54A-01A,26.391486745529,-8.20284295149697,2.1390029703537,1
TCGA-EY-A72D-01A,28.418623443476,-9.05835196317184,7.06844360873819,1
TCGA-FI-A2CX-01A,28.2414705496353,-3.08731568674086,1.82123596958515,1
TCGA-FI-A2CY-01A,24.1529391908262,-9.90072489986249,4.13767213391261,1
TCGA-FI-A2D0-01A,21.5112050523438,-11.1717101194938,5.39576874016934,1
TCGA-FI-A2D2-01A,14.2478445449105,5.12951012993451,-9.13175566500107,1
TCGA-FI-A2D4-01A,16.7357329330035,-12.3469193543373,11.4178758221636,1
TCGA-FI-A2D5-01A,17.4195293091495,-9.81477939981434,-9.04375926913096,1
TCGA-FI-A2EU-01A,21.1873137672946,-3.54023018344363,-6.5283834530224,1
TCGA-FI-A2EX-01A,27.6891373943521,-11.8776555584692,2.73746360216579,1
TCGA-FI-A2F4-01A,13.6250296095749,4.53245607543665,-8.78120117419328,1
TCGA-FI-A2F9-01A,18.764642208804,-9.96766308968381,5.03223223167498,1
TCGA-FI-A3PV-01A,27.5961766750829,0.255090155634095,8.82459474665012,1
TCGA-FI-A3PX-01A,22.4293415309591,-1.9859817443687,6.36676413112703,1
TCGA-H5-A2HR-01A,20.7086641720848,7.47160615428817,2.37478407390117,1
TCGA-JU-AAVI-01A,20.6382559740517,8.03548520856638,1.73245671763705,1
TCGA-KJ-A3U4-01A,25.9332699153849,-1.16613566021735,2.61293258545112,1
TCGA-KP-A3VZ-01A,26.4065605240348,-5.8993196773669,6.55375030375776,1
TCGA-KP-A3W0-01A,28.1623606713369,-3.83394780458413,2.40418026526177,1
TCGA-KP-A3W1-01A,27.7720124639881,-11.7456713127343,2.71114348716305,1
TCGA-KP-A3W4-01A,26.2400123170823,-3.85731975600494,-3.29889710462092,1
TCGA-PG-A5BC-01A,25.8024586366809,-0.851833792483648,1.75753307114282,1
TCGA-PG-A7D5-01A,26.0148678497755,-3.81861774684299,-3.27715799881499,1
TCGA-PG-A914-01A,19.5538401527048,0.23768405987084,8.44319005986934,1
TCGA-PG-A915-01A,24.9088730707985,-1.8407787778545,5.51819187669503,1
TCGA-QF-A5YT-01A,17.8793417244318,1.46491506251539,9.62507428133687,1
TCGA-QS-A744-01A,28.3826650299911,-8.26439148926352,-0.562077714995699,1
TCGA-QS-A8F1-01A,10.9638003236874,14.4143332734689,-10.3678262389773,1
TCGA-SJ-A6ZI-01A,24.4313887422595,-3.30272858948791,-4.71917381885873,1
TCGA-SL-A6J9-01A,12.1191203702404,17.7557813552206,-7.93377314585679,1
TCGA-5S-A9Q8-01A,-40.8424619121865,6.02314619724501,-0.742887179940271,2
TCGA-A5-A0G5-01A,-33.1303933929983,2.35326791694985,-2.89271554201216,2
TCGA-A5-A0GE-01A,-39.2097941986288,7.97885518983171,8.94429638948907,2
TCGA-A5-A0GG-01A,-27.2373291979413,-0.157526605686791,-7.30107229772126,2
TCGA-A5-A0GI-01A,-35.2500960020486,7.112742341588,0.431728595787503,2
TCGA-A5-A0GJ-01A,-26.7541482548919,4.93709725968644,1.81609683617613,2
TCGA-A5-A0GM-01A,-36.1143055178898,7.63461300506529,0.522823030956147,2
TCGA-A5-A0GN-01A,-31.0376305308316,-0.658697374213618,6.70797007453194,2
TCGA-A5-A0GQ-01A,-18.4174738643047,9.10502692207184,-12.2060583643578,2
TCGA-A5-A0GV-01A,-27.5790605469092,4.85746565046564,2.9940297828677,2
TCGA-A5-A0GX-01A,-30.8335393157552,0.288867741674401,6.38568666955914,2
TCGA-A5-A0R7-01A,-36.4234472226262,4.00241302992403,7.46360863990194,2
TCGA-A5-A0R9-01A,-37.1270987708954,3.976106649305,0.60598488803372,2
TCGA-A5-A0VP-01A,-31.0791312612776,0.488322970532765,-0.447214472231684,2
TCGA-A5-A0VQ-01A,-28.7175091922259,1.37234653622565,-5.96166910023605,2
TCGA-A5-AB3J-01A,-32.4496820285823,1.81051391096478,-9.60676390077671,2
TCGA-AJ-A2QK-01A,-37.7401849836068,1.57575167337487,-1.5472670002417,2
TCGA-AJ-A3BG-01A,-23.168485720683,2.04767832353237,-8.41544937363762,2
TCGA-AJ-A3BK-01A,-35.2094375098852,9.27897076251408,-0.229461112252828,2
TCGA-AJ-A3EM-01A,-34.7944969556651,5.07761272335429,11.9810040691404,2
TCGA-AJ-A3I9-01A,-40.0030792266637,6.78200648339731,8.07833817372019,2
TCGA-AJ-A3OK-01A,-20.6906950212965,7.54652473893279,-13.5814519459919,2
TCGA-AJ-A8CT-01A,-20.9114907117659,7.08529792838062,-13.6733747786576,2
TCGA-AP-A05A-01A,-32.6313996632622,2.36661413183316,9.35504212694711,2
TCGA-AP-A05J-01A,-27.7912368447288,-1.77742209319796,7.91972395315292,2
TCGA-AP-A0LD-01A,-35.423098618585,4.24591737446567,3.96127124403032,2
TCGA-AP-A0LE-01A,-36.1931004540898,5.01901105241524,-1.11804629595251,2
TCGA-AP-A0LJ-01A,-34.5675975731305,1.15907090659236,2.13739490193372,2
TCGA-AP-A0LL-01A,-32.1098328826505,1.26630600206193,-4.56030079914947,2
TCGA-AP-A0LM-01A,-23.4919500889966,2.2220562035921,-9.2827774066919,2
TCGA-AP-A0LN-01A,-36.3042039010944,4.16511734172172,0.670799675606237,2
TCGA-AP-A0LO-01A,-36.3894029857878,3.94626288169547,7.30387325132046,2
TCGA-AP-A0LP-01A,-27.1812678283105,0.318554831862016,-6.2972127285918,2
TCGA-AP-A0LS-01A,-34.6663081095586,3.88488032289949,10.1906042363517,2
TCGA-AP-A0LV-01A,-38.1665644542591,5.39784182967513,2.54990217052762,2
TCGA-AP-A1DH-01A,-32.9914974803449,2.86860593141128,-4.62145926898064,2
TCGA-AP-A1DK-01A,-28.1712583193755,0.458751159563357,-6.92424067564097,2
TCGA-AP-A1DM-01A,-25.6811059347757,3.4685317155129,-0.473306123578486,2
TCGA-AP-A1DO-01A,-24.4433590092723,2.61530358790206,-5.07229744408697,2
TCGA-AP-A1DP-01A,-21.1643970441036,6.38315862868604,-13.450967120681,2
TCGA-AP-A1E3-01A,-25.6867230726279,0.905128857426147,-6.80935238692936,2
TCGA-AP-A1E4-01A,-30.6558936952898,2.30438468062707,11.5408144182773,2
TCGA-AP-A5FX-01A,-38.9656938965807,5.7271058987997,6.47802630253355,2
TCGA-AX-A05S-01A,-24.3351968828275,2.81538571843713,-4.76933531327568,2
TCGA-AX-A05U-01A,-37.8313334611399,7.30814798860937,11.9142939922637,2
TCGA-AX-A05W-01A,-35.8721313376094,8.59907257543463,0.346809284680408,2
TCGA-AX-A05Y-01A,-33.0153325921183,2.24541369417221,4.87155719413516,2
TCGA-AX-A063-01A,-24.4064530636128,2.61872546115775,-5.12469710286055,2
TCGA-AX-A064-01A,-25.5384268578431,2.94691177624261,-8.3485021609908,2
TCGA-AX-A06D-01A,-37.4174125216654,3.97302672082183,6.84183613062443,2
TCGA-AX-A06F-01A,-39.1065048563717,1.11129999339986,-3.61320702050506,2
TCGA-AX-A06H-01A,-26.7574645126119,3.3546276426187,-1.37005878872353,2
TCGA-AX-A06J-01A,-35.3588665485708,3.1569849157716,6.71194404717374,2
TCGA-AX-A06L-01A,-31.3447101193146,1.28355277833042,-5.41169806986054,2
TCGA-AX-A0IS-01A,-29.2043786356312,2.28648013126375,12.6156728873181,2
TCGA-AX-A0IU-01A,-30.324774308503,1.7606635294827,-1.84137556470318,2
TCGA-AX-A0IW-01A,-32.8481695750569,1.06518036060031,-3.20707336722847,2
TCGA-AX-A0IZ-01A,-25.346872621443,2.86351816660523,-8.44608563074626,2
TCGA-AX-A1CA-01A,-27.513639326544,-1.90523367067144,7.91978791101706,2
TCGA-AX-A1CE-01A,-23.7074745722015,3.20259802168964,-12.6564352856946,2
TCGA-AX-A1CI-01A,-32.9436228445564,1.2545188526342,-4.87417518940384,2
TCGA-AX-A1CJ-01A,-36.9213746741382,3.4631835492998,0.296931634583454,2
TCGA-AX-A1CK-01A,-28.1172854078532,1.65563835233928,-5.57988491599046,2
TCGA-AX-A2H7-01A,-31.4622690714121,0.420639789999829,8.43530234250382,2
TCGA-AX-A2HJ-01A,-36.7428422110353,7.10724472460261,11.9613844653475,2
TCGA-AX-A3FT-01A,-32.1398260153021,4.95214536764427,-5.85880667699723,2
TCGA-AX-A3FW-01A,-38.9111291988987,7.26076579938647,9.27304169806639,2
TCGA-AX-A3FX-01A,-37.5434143788972,3.08474662986668,-0.615104491832792,2
TCGA-AX-A3G1-01A,-34.4166673570513,5.23466859543997,12.508118229685,2
TCGA-AX-A3G4-01A,-32.3477945003309,1.61132715860886,8.93284144929673,2
TCGA-AX-A3GB-01A,-28.3359498204924,-0.690959983106803,-5.32321010360956,2
TCGA-B5-A0JR-01A,-36.4539296863968,5.28055244127686,-3.08460640196108,2
TCGA-B5-A0JS-01A,-38.0225125867862,3.72763992977501,6.25447042649216,2
TCGA-B5-A0JV-01A,-33.874840098965,3.68507756175123,-9.87654086052415,2
TCGA-B5-A0JZ-01A,-33.9655702308273,3.45837312199729,-4.8347766645079,2
TCGA-B5-A0K1-01A,-37.461260592092,7.51306826467645,11.6630082016592,2
TCGA-B5-A0K4-01A,-26.7845520031199,4.50014871295152,0.769813493646288,2
TCGA-B5-A0K6-01A,-26.5001701494926,4.46944287846769,0.68028177619781,2
TCGA-B5-A11G-01A,-26.3676582412885,1.30346688865275,-5.89797234012475,2
TCGA-B5-A11M-01A,-41.7156764614005,7.03716350510606,4.83307879313889,2
TCGA-B5-A11P-01B,-29.5919903291384,0.663952196494628,10.6073614631495,2
TCGA-B5-A11Q-01A,-36.7750317855242,2.10568280693483,-1.16549583301663,2
TCGA-B5-A11V-01A,-38.2685978651809,5.48694321588745,7.38168891804781,2
TCGA-B5-A11W-01A,-39.5026453532723,8.91895094668216,9.07994351176793,2
TCGA-B5-A1N2-01A,-33.9114744634389,5.1090643457023,12.3683163567827,2
TCGA-B5-A3F9-01A,-38.3773643794185,7.5888680362808,10.6684953153263,2
TCGA-B5-A3FD-01A,-38.3572367866784,5.70815704686511,5.82035060906682,2
TCGA-BG-A0LX-01A,-35.0750609056674,3.55118865905239,8.80863442610408,2
TCGA-BG-A0M0-01A,-26.3388928821807,4.63552673831855,1.69568267925558,2
TCGA-BG-A0M3-01A,-34.1379638825342,3.87336677958703,1.51257619967055,2
TCGA-BG-A0M4-01A,-32.9572044917827,5.81277211506536,1.78441500875258,2
TCGA-BG-A0M7-01A,-36.673995957646,2.6741601877588,0.673340584472884,2
TCGA-BG-A0M9-01A,-33.76143440007,0.255122352767149,0.790524024355027,2
TCGA-BG-A0MA-01A,-38.8543521261111,5.46211479798279,2.46783579820872,2
TCGA-BG-A0MC-01A,-34.4496131602497,0.878629939337568,1.61247724235073,2
TCGA-BG-A0MK-01A,-21.0064490438468,7.75099239555815,-14.0923804647513,2
TCGA-BG-A0MO-01A,-25.463880542925,5.79387032354216,0.736002946067204,2
TCGA-BG-A0MQ-01A,-28.624549983795,1.33836174554711,-9.26970230159917,2
TCGA-BG-A0MS-01A,-38.2612936714782,4.96053623550362,8.04747996562315,2
TCGA-BG-A0VT-01A,-40.7826573664302,6.0192974504559,-0.899175349050481,2
TCGA-BG-A0VV-01A,-21.0685680750342,8.03016775695632,-14.2322799297462,2
TCGA-BG-A0VW-01A,-28.33170837709,-1.68646647982465,-4.42386264020147,2
TCGA-BG-A0VZ-01A,-35.5924186959517,5.29282417351382,15.1410539118629,2
TCGA-BG-A0W1-01A,-26.9448911195692,4.82751569579057,2.35859344727478,2
TCGA-BG-A0W2-01A,-41.1277673259125,6.12517492535247,-0.490786299807512,2
TCGA-BG-A0YU-01A,-39.6482134429282,9.54452362883487,9.13251763497251,2
TCGA-BG-A186-01A,-32.4762527972669,1.82230370444626,-9.55492356480997,2
TCGA-BG-A187-01A,-34.3239915808047,1.86290472057245,7.13712321137877,2
TCGA-BG-A18A-01A,-33.642294411713,2.04734100030672,6.82047701335346,2
TCGA-BG-A18B-01A,-39.8749269119716,6.98693666333719,8.06092443909225,2
TCGA-BG-A18C-01A,-35.8922971279723,5.6376052682683,13.0230557112538,2
TCGA-BG-A2AE-01A,-23.7261637495225,2.12924307650921,-10.0919306292964,2
TCGA-BG-A2L7-01A,-28.5368793162478,1.73229272145875,-8.64873538589248,2
TCGA-BK-A0C9-01A,-33.7272391305777,2.49201099062311,5.52131034810816,2
TCGA-BK-A0CB-01A,-35.2620746856639,3.80896417669243,-0.297152967491137,2
TCGA-BK-A13C-01A,-33.0451548986762,2.45227062337787,-9.03520383614013,2
TCGA-BS-A0T9-01A,-23.7909208994481,2.92620524932459,-1.40535896859889,2
TCGA-BS-A0TC-01A,-32.5417170861618,-0.444853778652655,-0.275883007276381,2
TCGA-BS-A0TD-01A,-18.325765405355,9.15611616610619,-12.166403330435,2
TCGA-BS-A0TG-01A,-27.1690686805053,-2.04873794595197,7.91899283965953,2
TCGA-BS-A0U8-01A,-32.2481713829537,4.32295329318539,-5.54127854248145,2
TCGA-BS-A0U9-01B,-35.6111059584267,5.33542331660637,14.5582074991146,2
TCGA-BS-A0UA-01A,-33.7494101923516,0.936525280073957,-4.95468715788182,2
TCGA-BS-A0UJ-01A,-28.1473642966661,1.31490476414847,-6.00673283398165,2
TCGA-BS-A0UL-01A,-31.388616266235,-0.00609500710483141,-1.52133572561561,2
TCGA-BS-A0UT-01A,-25.0341824501659,5.22676987297574,-0.452366420195885,2
TCGA-BS-A0V4-01A,-26.7536134910167,1.72701332970574,-5.82216162287701,2
TCGA-BS-A0V7-01A,-28.823115598139,1.34387506409673,-6.7557265268901,2
TCGA-BS-A0V8-01A,-37.1056436140665,3.99303855154659,-5.60260557106523,2
TCGA-BS-A0VI-01A,-36.0479267596286,7.09243754442407,0.367440464524683,2
TCGA-BS-A0WQ-01A,-39.5908965918291,5.39074743107204,-0.317970945330899,2
TCGA-D1-A0ZO-01A,-22.1172457647621,4.94435208821989,-13.1534597755055,2
TCGA-D1-A0ZR-01A,-20.8741346116974,6.45070794531037,-14.3100434709178,2
TCGA-D1-A0ZV-01A,-24.0906059525758,2.94793825737447,-13.1879874024058,2
TCGA-D1-A160-01A,-25.3255822613145,3.46122094599378,-0.478943541466249,2
TCGA-D1-A161-01A,-32.433325052009,1.38541229125949,-5.4899020144076,2
TCGA-D1-A165-01A,-30.4949133927477,2.19538822892902,11.6821938207095,2
TCGA-D1-A168-01A,-31.0331715109189,0.0604274994064591,7.03005398824683,2
TCGA-D1-A169-01A,-31.0058136161517,0.437778607175411,6.05849083920769,2
TCGA-D1-A16D-01A,-24.0823180965713,2.97900588789816,-13.4541361810689,2
TCGA-D1-A16E-01A,-22.6859384874831,4.0969154719757,-12.6167904146621,2
TCGA-D1-A16F-01A,-22.1067168437636,4.96078285115738,-13.2022528731255,2
TCGA-D1-A16G-01A,-39.5114041387836,6.10006125817072,6.9129596978325,2
TCGA-D1-A16J-01A,-30.462603187933,1.72000813485586,-1.81015854432028,2
TCGA-D1-A16N-01A,-31.3824606385083,0.384274811118655,7.64251528122326,2
TCGA-D1-A16O-01A,-38.392636773582,5.52598127922359,7.5312308415547,2
TCGA-D1-A16Q-01A,-35.7607599585886,3.96186044612778,-0.454641632156275,2
TCGA-D1-A16R-01A,-31.9299420614285,2.8225010231969,5.0046019590125,2
TCGA-D1-A16V-01A,-37.5976804748692,1.56358486393106,-2.08510072043747,2
TCGA-D1-A16X-01A,-30.4514850843967,0.549672996673255,5.91374165245247,2
TCGA-D1-A16Y-01A,-32.9013652487865,2.23898132148209,8.88750387465364,2
TCGA-D1-A174-01A,-32.952504029544,3.4130051090949,3.59469919394442,2
TCGA-D1-A175-01A,-28.5526207882015,1.38343879778623,-9.67060108905054,2
TCGA-D1-A17C-01A,-33.8575386978986,2.41778546214928,5.87594432460151,2
TCGA-D1-A17D-01A,-33.9660718909632,2.57447825754797,5.31977860807675,2
TCGA-D1-A17F-01A,-28.2908524886575,-1.04167987825325,-5.29301718524328,2
TCGA-D1-A17H-01A,-22.9997201143324,2.10119829868153,-7.37827229170859,2
TCGA-D1-A17K-01A,-31.5786657563956,2.54508499611219,10.9400319344564,2
TCGA-D1-A17L-01A,-27.0800242276409,4.85252686065129,2.48093725949531,2
TCGA-D1-A17M-01A,-33.2612306831744,2.9537298947314,-9.5477997860359,2
TCGA-D1-A17N-01A,-33.7280565503061,2.76894865814003,4.8821179386981,2
TCGA-D1-A17Q-01A,-32.7155536064163,3.8240471915018,3.34895952556498,2
TCGA-D1-A17R-01A,-33.9266010642284,2.14018655727647,6.11993714761908,2
TCGA-D1-A17S-01A,-31.4291982705566,1.25398385097404,-5.373914042612,2
TCGA-D1-A17T-01A,-37.8714769692269,4.87922305855005,1.97248401909427,2
TCGA-D1-A17U-01A,-41.6823573885289,7.04493550951934,4.92391322258379,2
TCGA-D1-A1NS-01A,-32.5978932044068,-0.582778692837471,-0.266461688116368,2
TCGA-D1-A1NW-01A,-23.7297369387164,2.08003532983511,-9.77994496674409,2
TCGA-D1-A1O0-01A,-34.7189849676678,3.72495342836189,-4.75242792966408,2
TCGA-D1-A1O5-01A,-38.9503527325777,5.30781661597976,-0.135845911983656,2
TCGA-D1-A1O7-01A,-34.0064336790043,3.71979234259981,-5.97134866682187,2
TCGA-D1-A2G5-01A,-34.4224059973265,1.92740946607961,-8.74981960389681,2
TCGA-DF-A2KS-01A,-34.9374498121385,5.12549203785825,13.1227794271113,2
TCGA-DF-A2KV-01A,-29.1396480096105,-2.58406828132184,-6.07008515455571,2
TCGA-DF-A2KY-01A,-33.0617341811953,2.86985849180546,-3.65241804301651,2
TCGA-DF-A2L0-01A,-25.927499544774,1.61862462274482,-5.79408500452785,2
TCGA-DI-A0WH-01A,-23.9605520496491,2.98573590470021,-1.20810875327625,2
TCGA-DI-A1BY-01A,-38.5154901120179,5.00672085178843,-0.320191427775977,2
TCGA-DI-A2QU-01A,-36.9896137742496,4.55135657658111,7.79611783451313,2
TCGA-EO-A1Y7-01A,-36.2230054688624,4.64582429744327,4.78809204896074,2
TCGA-EO-A3KX-01A,-39.3145092411618,1.09776942384085,-3.67829923201557,2
TCGA-EY-A1GE-01A,-20.8855425337362,6.27124263942521,-14.1669960425455,2
TCGA-EY-A1GK-01A,-25.0576832759246,3.19617080320041,-0.615358172171785,2
TCGA-EY-A1GQ-01A,-36.0622937923214,6.15339829915724,-0.420419639407857,2
TCGA-EY-A1GV-01A,-32.0944753563543,0.496964723824664,-3.04091212535309,2
TCGA-EY-A1GW-01A,-31.6235535510569,-0.0971189921620894,-1.3524408748357,2
TCGA-EY-A1GX-01A,-30.9308519179876,0.834786555688691,0.086104718708966,2
TCGA-EY-A1H0-01A,-39.2820996140404,8.17173607067917,9.08978713184101,2
TCGA-EY-A214-01A,-31.123635554225,-1.07548272611089,6.5869676646397,2
TCGA-EY-A215-01A,-36.3532329929082,5.90376091208736,12.9185587905048,2
TCGA-EY-A547-01A,-28.7763957509465,1.34041355871448,-6.93252280576195,2
TCGA-EY-A548-01A,-37.6608687316634,4.23391981660691,-5.41758849014643,2
TCGA-EY-A5W2-01A,-27.9727484844001,1.12380896013618,-6.71319824014189,2
TCGA-FI-A2D6-01A,-40.6444731708051,6.69179896301867,8.18051201225916,2
TCGA-FI-A2EW-01A,-23.8568634383114,1.17112214000852,-9.71040934461503,2
TCGA-FI-A2EY-01A,-35.0033513336255,9.58648936846291,-0.456307146812789,2
TCGA-FI-A2F8-01A,-37.052747702105,1.80923982083124,-1.25338640462622,2
TCGA-K6-A3WQ-01A,-28.8477668233021,2.28588458154366,12.877926819588,2
TCGA-KP-A3W3-01A,-33.0052589678953,2.55863347771254,10.2961569645577,2
TCGA-PG-A6IB-01A,-36.3630416054569,5.1780522643352,-2.28574593403269,2
TCGA-PG-A916-01A,-39.5917648974849,9.36994569023104,9.13643831186538,2
TCGA-PG-A917-01A,-22.9295889207359,2.01870571597154,-7.34857742204198,2
TCGA-QF-A5YS-01A,-23.531208564085,2.40846685571694,-10.27023872257,2
TCGA-QS-A5YQ-01A,-27.6378998331316,0.358379822397745,-6.23184654191696,2
TCGA-QS-A5YR-01A,-29.2071561236254,-2.56196173670844,-6.03942160021831,2
TCGA-SJ-A6ZJ-01A,-37.996908226595,4.6615671906797,-0.665875472659266,2
TCGA-SL-A6JA-01A,-25.0644362949444,5.32485357542368,-0.428495028300363,2
