Sample,X,Y,Z,Cluster
TCGA-4E-A92E-01A,34.1188170755922,9.975932961285,13.2099286895961,1
TCGA-5S-A9Q8-01A,26.3799250136104,3.11706397007484,6.64240326567304,1
TCGA-A5-A0GI-01A,34.4467381695126,2.55296245513996,9.92625531550609,1
TCGA-A5-A0GM-01A,29.5032362095579,4.29559758729707,12.7864420051662,1
TCGA-A5-A0GQ-01A,29.0289359986757,-1.1597255640215,17.0486179105743,1
TCGA-A5-A0GV-01A,35.3882304789513,7.36960918005205,10.9975687307507,1
TCGA-A5-A0GX-01A,21.4099847341487,-2.82461861254735,16.4565919631095,1
TCGA-A5-A0R8-01A,27.2842506089135,1.74381620961712,27.4757770231241,1
TCGA-A5-A0VO-01A,34.7389041292863,9.57280674854442,11.8976811227091,1
TCGA-A5-A0VQ-01A,33.101926860781,1.92756829238387,11.7480645365402,1
TCGA-A5-A2K2-01A,26.092007313407,-1.95807047461966,24.420657292492,1
TCGA-A5-A2K7-01A,21.0037592413969,-2.11820691494877,16.6569446792505,1
TCGA-A5-A7WK-01A,33.6578736472038,4.56075887932393,7.40160565679648,1
TCGA-AJ-A2QM-01A,29.8209052869341,5.75318822948274,9.01808990447545,1
TCGA-AJ-A2QN-01A,32.3497896579446,15.1807380634548,8.76318985849315,1
TCGA-AJ-A8CT-01A,26.4824686404028,7.90324826163885,4.431003878475,1
TCGA-AJ-A8CW-01A,38.0710081090798,9.59389723674294,9.56132612074588,1
TCGA-AP-A05H-01A,35.8449855208888,8.29398582888308,19.0544620222128,1
TCGA-AP-A05N-01A,40.6163173364437,11.6622805653484,9.3453631586602,1
TCGA-AP-A0LE-01A,24.3101141532892,-2.43227505093875,15.623370582282,1
TCGA-AP-A0LF-01A,33.7382525607035,3.33246753235119,13.4791720403613,1
TCGA-AP-A0LL-01A,28.5621840479078,3.48591662713113,14.0535490829163,1
TCGA-AP-A0LM-01A,30.1563200128454,-0.377800842136171,8.38263918357897,1
TCGA-AP-A0LP-01A,26.2005788245081,-2.00096946141827,15.8303650255521,1
TCGA-AP-A1DK-01A,26.0078085670711,2.79000077140655,16.7142824191399,1
TCGA-AP-A1DM-01A,27.6018484896412,-0.761191412490769,17.1035190222709,1
TCGA-AP-A1DO-01A,28.7150843865965,4.00362140114559,15.1800380830032,1
TCGA-AP-A1DP-01A,24.9685302296414,7.02679406978308,8.13083869760838,1
TCGA-AP-A3K1-01A,33.630209994641,5.17461667192393,6.42766388507504,1
TCGA-AP-A5FX-01A,31.1910290008786,0.848386239120069,17.1697984255943,1
TCGA-AX-A05Y-01A,24.3235381234411,-5.40966801342258,19.9284513405007,1
TCGA-AX-A064-01A,33.2694388663621,8.39139126131597,13.6900336047427,1
TCGA-AX-A06L-01A,26.6416163097542,3.05031567707174,19.1696506968336,1
TCGA-AX-A0IZ-01A,28.1687025582078,-1.51869852981433,17.4574944474217,1
TCGA-AX-A1C9-01A,32.2556066384841,8.90045378588909,12.814865776101,1
TCGA-AX-A1CA-01A,23.2055704523232,-1.09036524747684,23.0712139571492,1
TCGA-AX-A1CC-01A,30.7658078710738,10.4466386104658,8.01868228327189,1
TCGA-AX-A1CI-01A,27.9598699952621,0.0690236891231729,12.9107851938757,1
TCGA-AX-A1CJ-01A,24.2604733925574,1.5666471546852,28.4489519298736,1
TCGA-AX-A1CK-01A,33.5363306960927,4.31695203996809,6.71117622156089,1
TCGA-AX-A2H4-01A,29.6748965451609,6.90897317712956,10.6451589852006,1
TCGA-AX-A2HG-01A,30.6845494829857,-2.32722016155409,14.9844173668125,1
TCGA-AX-A2IN-01A,32.063488748093,2.25986909133305,3.07623852397516,1
TCGA-AX-A3FT-01A,31.8055320061186,3.80928647071389,8.94662681911623,1
TCGA-AX-A3FX-01A,31.3819511649653,0.912745220677666,13.8586298724386,1
TCGA-AX-A3G3-01A,25.2024199461084,1.77307104537096,21.7380884362636,1
TCGA-AX-A3G8-01A,18.4599936917635,-2.42506695362045,25.1673117012319,1
TCGA-AX-A3GB-01A,24.4169706160703,9.95701143863894,9.50916524750187,1
TCGA-B5-A0JZ-01A,26.1481305280867,3.38848223741408,11.8669747964703,1
TCGA-B5-A0K0-01A,30.0040250858699,3.88076382055922,4.71283457897599,1
TCGA-B5-A0K3-01A,28.595176508005,10.0785233493192,16.2860550146209,1
TCGA-B5-A0K6-01A,28.0280194243899,-3.65308429043294,19.5138425021173,1
TCGA-B5-A11Q-01A,29.5906596108208,-2.82725298062196,19.5261247733592,1
TCGA-B5-A11V-01A,20.2626943549589,-4.56611012283955,13.9891084013307,1
TCGA-B5-A11W-01A,24.5069626839404,8.08647220705534,9.28882039610455,1
TCGA-B5-A3FD-01A,22.9344789141931,-1.55653481646573,24.4960468496342,1
TCGA-B5-A5OE-01A,26.7747644146938,9.27229648464336,17.3606883240051,1
TCGA-BG-A0LW-01A,36.1058434731517,8.40874635459619,7.14664326954522,1
TCGA-BG-A0M3-01A,25.0041057218109,11.5026513551422,14.8211246768725,1
TCGA-BG-A0M4-01A,34.6172670030755,9.1014099653476,20.6475111865533,1
TCGA-BG-A0M7-01A,21.5147652760429,-5.78698493623213,18.6018793559702,1
TCGA-BG-A0M9-01A,27.4011709876541,1.95810493063558,15.0962448917986,1
TCGA-BG-A0MC-01A,27.8112873397131,-2.98735489681623,14.6657287581873,1
TCGA-BG-A0VW-01A,24.6419754018145,-2.44959518103781,23.5651732152503,1
TCGA-BG-A0VX-01A,31.7985809015204,7.34042696556885,8.74798616229222,1
TCGA-BG-A0W1-01A,26.2410459585262,3.6363875129702,20.6443283134161,1
TCGA-BG-A0YV-01A,23.4347173483969,14.2729752316963,12.57662019594,1
TCGA-BG-A186-01A,29.6868260304354,-0.261720454610822,10.8681060981382,1
TCGA-BG-A18A-01A,20.5937921844636,-0.109036957094998,25.9960297275859,1
TCGA-BG-A221-01A,37.3340420735365,9.36720480231327,19.5324502443261,1
TCGA-BK-A0CB-01A,31.0572043837569,-0.673720286410976,10.7914767340294,1
TCGA-BS-A0T9-01A,28.8227549967762,8.87867051290857,9.85734928141159,1
TCGA-BS-A0TD-01A,30.3553414111148,-1.61133738799818,17.2559262383464,1
TCGA-BS-A0TG-01A,36.1448511543575,11.9786558765112,17.537817884259,1
TCGA-BS-A0U5-01A,33.7894883945743,16.6524203724408,11.8338198911273,1
TCGA-BS-A0U8-01A,29.5825828796458,-1.01743755658612,9.66380919354114,1
TCGA-BS-A0UJ-01A,33.1982361585906,6.08426961953917,12.7630161066545,1
TCGA-BS-A0UT-01A,34.2783063896962,4.8861655035095,7.06752237884436,1
TCGA-BS-A0V7-01A,35.5306388179155,-0.629569713720098,9.99717278356721,1
TCGA-BS-A0VI-01A,35.3140689432186,0.555501912599475,7.28022010736572,1
TCGA-D1-A0ZV-01A,32.835052160313,7.00334048378885,9.81119317294547,1
TCGA-D1-A15X-01A,34.1367186692343,6.83271734368803,15.1344101346185,1
TCGA-D1-A160-01A,27.4812046560565,-5.17654916223724,21.2537336968476,1
TCGA-D1-A16B-01A,34.5450896592718,10.3432465362752,5.13652990101328,1
TCGA-D1-A16F-01A,28.9226515714581,9.11272765421543,7.93915558495114,1
TCGA-D1-A16I-01A,28.5023068755268,11.8973169769491,12.6501191496597,1
TCGA-D1-A16Q-01A,34.5960986184881,2.58166292138512,11.4095246309367,1
TCGA-D1-A16Y-01A,29.3674188446425,-4.74946047524587,20.2977340978348,1
TCGA-D1-A17C-01A,24.079840501676,0.0312795981462256,18.4747066519776,1
TCGA-D1-A17D-01A,22.1339545596148,3.50320036599408,20.8426792885049,1
TCGA-D1-A17F-01A,30.4603800061132,0.703781380473308,18.9780398699713,1
TCGA-D1-A17L-01A,28.7033565744842,-3.97380758976636,15.4136527313492,1
TCGA-D1-A17N-01A,29.2380539759638,-0.721292253462065,13.8373550340477,1
TCGA-D1-A17S-01A,30.6250362194547,6.35957654671413,12.5869191700473,1
TCGA-D1-A17U-01A,26.2812570911145,4.9525320606289,15.1680411160533,1
TCGA-D1-A1NS-01A,30.9450831402453,3.76819280251663,13.6506982530373,1
TCGA-D1-A1NW-01A,31.4583990873608,8.16089612306486,9.51683614855568,1
TCGA-D1-A1NZ-01A,21.7777833025686,5.81930173999784,4.95946054981057,1
TCGA-D1-A1O0-01A,33.2199003739638,1.98808578192298,10.3716683531476,1
TCGA-D1-A1O5-01A,33.8434829586265,10.788710812365,13.6079331880356,1
TCGA-D1-A1O7-01A,30.2028214195997,-0.640955982097657,19.3624248019412,1
TCGA-D1-A3DG-01A,36.8176463276522,8.83323264594706,18.3527664009077,1
TCGA-D1-A3DH-01A,30.7187254664887,8.17446204059497,12.2256998516807,1
TCGA-DF-A2KR-01A,28.6701993899382,4.72607479335162,5.13427162850464,1
TCGA-DF-A2KY-01A,27.088504392343,-5.20795621796861,16.7947407116385,1
TCGA-DI-A0WH-01A,27.9774941127716,14.6106409758286,15.6579604111599,1
TCGA-DI-A1BU-01A,24.5034424514648,-3.41871211580172,17.8443446583846,1
TCGA-DI-A1BY-01A,32.9774398891529,3.73401132396246,13.3316715918292,1
TCGA-DI-A2QT-01A,27.8986665267669,10.8031321467113,16.8582848343344,1
TCGA-DI-A2QY-01A,36.5074129558494,6.69201784313853,15.042728170299,1
TCGA-EO-A2CG-01A,24.7710725754951,-3.75926872835015,19.0818758478313,1
TCGA-EO-A3AV-01A,31.5137584822806,9.44130359783215,18.556872335373,1
TCGA-EO-A3KX-01A,25.6900036257973,12.2387316424868,18.2551656527267,1
TCGA-EY-A1GL-01A,34.9385240252644,9.6021531983417,14.7288078804035,1
TCGA-EY-A1GO-01A,32.4866956465633,11.7341535537292,15.1244735661601,1
TCGA-EY-A1GP-01A,28.9322189329564,9.25977283893477,10.6566783226972,1
TCGA-EY-A1GQ-01A,22.5111171250639,2.29330823069335,20.9587264454483,1
TCGA-EY-A1GT-01A,23.5832500526073,12.2093859346618,14.7671445456283,1
TCGA-EY-A2ON-01A,22.9612052311718,10.943740329928,13.6218501709427,1
TCGA-EY-A2OO-01A,30.5814850870347,5.90971740857467,13.1166443781932,1
TCGA-EY-A5W2-01A,21.5118452374931,-2.20577523905032,23.7619614558393,1
TCGA-FI-A2EU-01A,34.0192438779073,6.16496658486007,3.33677306469459,1
TCGA-FI-A2EW-01A,26.3334342737049,-2.82522799814293,22.4979140822216,1
TCGA-FI-A2EY-01A,29.2943904639151,-0.17042882160974,24.7915291962016,1
TCGA-FI-A2F8-01A,29.89588318501,-0.967131919421388,15.715173048297,1
TCGA-FL-A1YH-11A,29.2506004000891,2.48677446386646,9.97195067301798,1
TCGA-KP-A3W1-01A,30.2720072208918,6.23336466425426,9.99056507639753,1
TCGA-KP-A3W3-01A,28.1590055977098,8.56726258059808,9.63401627244686,1
TCGA-KP-A3W4-01A,38.1909205441177,8.79636626633912,10.1669187531516,1
TCGA-PG-A917-01A,21.5373772666161,6.9419411522514,8.65341880914199,1
TCGA-QF-A5YS-01A,30.9085434756296,7.58033255951672,11.5996266700654,1
TCGA-QS-A5YR-01A,23.7202394497963,-2.99775969822836,26.256459428862,1
TCGA-QS-A744-01A,34.3367348177635,10.3440575356993,16.5796524421798,1
TCGA-SJ-A6ZI-01A,36.8785048673977,9.70201437064239,9.27891098116513,1
TCGA-SL-A6JA-01A,25.5826876760597,1.28939338715928,11.0291469510031,1
TCGA-A5-A0G1-01A,-11.4847928233908,-10.4786285472866,-19.9026976682089,2
TCGA-A5-A0G3-01A,-5.93875439430715,-4.66100872315227,-42.1972787056908,2
TCGA-A5-A0GH-01A,-14.5123544262112,-14.5441462089365,-33.6838685545026,2
TCGA-A5-A0GN-01A,-6.04768273175708,-6.15905925946344,-41.5994059716763,2
TCGA-A5-A0GU-01A,-6.38900212895082,-7.81633483706807,-29.1724204643137,2
TCGA-A5-A0GW-01A,-15.7322193953826,-10.0968870987899,-23.1728744128958,2
TCGA-A5-A0R6-01A,-9.77320806068178,-8.06449029609789,-39.5718985264861,2
TCGA-A5-A1OF-01A,-11.048686055116,-8.31159181778512,-23.2682084620057,2
TCGA-A5-A1OH-01A,-14.1558589693109,-10.7420754376243,-29.3930035325543,2
TCGA-A5-A1OK-01A,-9.76465437671131,-4.39774984001036,-29.2384808940444,2
TCGA-AJ-A23M-01A,-10.1046193113336,-6.46918505321333,-29.9152173588724,2
TCGA-AJ-A23N-01A,-6.52921460699927,-11.8875649214253,-30.6565284009847,2
TCGA-AJ-A2QL-11A,-15.8165535087559,-1.10394004184222,-27.6247174850527,2
TCGA-AJ-A2QO-01A,-19.6526336845651,-1.85167548098184,-30.9083450679417,2
TCGA-AJ-A3BG-01A,-5.63503995090565,-8.25698433496277,-25.8453074613888,2
TCGA-AJ-A3EK-01A,-13.9144657461259,-4.86139109568707,-26.8027685133928,2
TCGA-AJ-A3QS-01A,-11.0822974553417,-8.35847542240139,-27.0924581362158,2
TCGA-AP-A051-01A,-9.87464617194482,-8.63967264889368,-27.7405290560766,2
TCGA-AP-A053-01A,-10.0561046731032,-4.59872776630386,-30.0924237319892,2
TCGA-AP-A059-01A,-11.5974356822549,-7.51122258582996,-33.3286506125985,2
TCGA-AP-A0L8-01A,-15.5425836530645,-11.9266708573207,-23.8964113273674,2
TCGA-AP-A0LG-01A,-13.6329869834203,0.429242950898517,-30.8137234452921,2
TCGA-AP-A0LH-01A,-8.63403403028945,-6.88953458352905,-31.525677948624,2
TCGA-AP-A1DQ-01A,-14.1044032810343,-9.43334891188673,-25.2385934047193,2
TCGA-AP-A1E1-01A,-11.6335552518273,-3.99139536359493,-27.7337595627181,2
TCGA-AX-A06B-01A,-15.1297628975867,-6.80565405244444,-30.9333509168649,2
TCGA-AX-A0IS-01A,-8.41065144989379,-6.03085533487307,-34.6134545333111,2
TCGA-AX-A1C4-01A,-15.9340446806667,-0.848966648544513,-34.1945235876805,2
TCGA-AX-A1CI-11A,-12.1379552479277,-3.93376419944403,-28.427888905829,2
TCGA-AX-A1CR-01A,-17.3603990073528,-1.17537724413212,-30.2291683485167,2
TCGA-AX-A2H2-01A,-6.35342582032218,-2.77655428902269,-31.8756834145086,2
TCGA-AX-A2HC-01A,-13.0396889427027,-13.683123635266,-29.2047510401142,2
TCGA-AX-A2HF-01A,-9.90943748117559,-9.73751483103473,-29.904369925804,2
TCGA-AX-A2HH-01A,-9.69256402257335,-8.14904130487893,-25.5887703207241,2
TCGA-AX-A3FS-01A,-6.90905087270968,-9.04423680963074,-30.9007294918132,2
TCGA-B5-A0JT-01A,-10.1257991311224,-9.61984003419779,-31.2197495836394,2
TCGA-B5-A0K7-01A,-8.88538508238061,-3.37076520493109,-39.1892665046415,2
TCGA-B5-A11I-01A,-9.17985949738229,-10.0076483401269,-30.8200869802203,2
TCGA-B5-A11U-01A,-11.5539314425601,-6.50154093320022,-25.323923265256,2
TCGA-B5-A11X-01A,-14.9539692571721,-7.4501298744625,-27.2941003175882,2
TCGA-B5-A1MU-01A,-10.5423067654774,-11.8597372935446,-26.7058967406491,2
TCGA-B5-A1MX-01A,-13.7811454282525,-1.59505270773258,-25.5823306022205,2
TCGA-B5-A1MY-01A,-6.08156531703156,-9.38456481421318,-31.9096933522668,2
TCGA-B5-A3S1-01A,-10.388621776897,-13.6967668376549,-25.7251787319589,2
TCGA-B5-A5OC-01A,-15.1942431531952,-3.1903207404052,-27.9343496827871,2
TCGA-BG-A0MH-01A,-9.35413994446742,-7.07242372930386,-26.6290148699632,2
TCGA-BG-A0MI-01A,-10.4791805520761,-2.45113163836281,-39.5319786207452,2
TCGA-BG-A0MT-01A,-18.9531244923023,-0.598671142280445,-26.7878187462787,2
TCGA-BG-A0VT-01A,-8.96049319047161,-7.25969703232074,-35.0917793051837,2
TCGA-BG-A220-01A,-8.08677606422234,-13.1217982076396,-30.797223878822,2
TCGA-BG-A2AD-01A,-6.16417150255402,-8.28884256054114,-30.483071553187,2
TCGA-BG-A2AE-01A,-10.934560485736,-7.88156369140519,-42.2063600344592,2
TCGA-BG-A3PP-01A,-14.5237136448213,-7.6259264753875,-31.4139493707254,2
TCGA-BK-A13B-01A,-15.3444566177786,-8.53329863052288,-29.3243238365402,2
TCGA-BK-A13C-01A,-15.5231143944232,-7.26092331205445,-29.1438732015003,2
TCGA-BS-A0TE-01A,-8.46756383171171,-8.3062600263655,-33.0580264788638,2
TCGA-BS-A0TJ-01A,-9.94798665740727,-7.97264155380259,-36.3917517075684,2
TCGA-BS-A0UA-01A,-9.93914957659709,-4.35289552913545,-29.9700057451697,2
TCGA-D1-A0ZN-01A,-12.2806847716717,-6.70407040160058,-42.5952838719573,2
TCGA-D1-A0ZP-01A,-7.14901294939201,-13.2762338321683,-30.8820953376599,2
TCGA-D1-A15V-01A,-12.6796414028202,-6.85757672156099,-21.1645355636556,2
TCGA-D1-A15W-01A,-12.2924740765228,-1.3302928919681,-33.1935050325198,2
TCGA-D1-A16D-01A,-16.0646174210477,-0.256809011712657,-33.4950844477537,2
TCGA-D1-A16G-01A,-7.91877580978864,-7.76405427851912,-44.721065137825,2
TCGA-D1-A175-01A,-13.6611807925816,-6.20319008837662,-33.3739479171713,2
TCGA-D1-A17K-01A,-9.74074565728506,-7.04295718070049,-42.3604896640003,2
TCGA-D1-A2G6-01A,-6.64107620571286,-7.19811586111688,-26.3719856891875,2
TCGA-D1-A2G7-01A,-12.2708790394839,-10.6143091645763,-23.4471543972053,2
TCGA-D1-A3JQ-01A,-11.7085615344395,-11.2658466748541,-32.7632477314775,2
TCGA-DI-A2QY-11A,-14.7247666745404,-2.08353626262489,-30.4942276309707,2
TCGA-EO-A22R-01A,-12.730132486729,-13.9907617782337,-32.7918687074968,2
TCGA-EO-A3KU-01A,-7.70448821170936,-16.0491404754102,-29.1725229253777,2
TCGA-EY-A1GH-01A,-13.4278917528432,-7.73303737971724,-30.9858592395066,2
TCGA-EY-A1GM-01A,-9.05240427478513,-8.00343102646867,-32.0513402504683,2
TCGA-EY-A212-01A,-5.26919978070931,-6.22750517367771,-36.2552239305416,2
TCGA-EY-A2OM-01A,-16.6764039653711,-3.96820500796425,-29.1490151397027,2
TCGA-EY-A2OQ-01A,-11.5863229180121,-7.61756860230514,-26.1705402166708,2
TCGA-FI-A2CY-01A,-9.37876572189589,-4.94351152776293,-25.6610992476406,2
TCGA-FI-A2D2-01A,-7.17760876141366,-7.11195092316677,-45.5069724343092,2
TCGA-FI-A2D5-01A,-12.0836202701949,-1.5247833369823,-28.0351283340312,2
TCGA-FI-A3PV-01A,-15.9446745917786,-10.1311287946587,-19.0490868888339,2
TCGA-JU-AAVI-01A,-6.83893928890894,-4.02408619419065,-39.3354993294031,2
TCGA-KP-A3W0-01A,-8.27387351240613,-10.2577865095063,-26.1851055754054,2
TCGA-PG-A7D5-01A,-9.00779819102652,-9.06813484344976,-27.2572618408183,2
TCGA-2E-A9G8-01A,-21.9045820758645,9.02281476058919,-38.9496618105899,3
TCGA-5B-A90C-01A,-21.4670628748809,6.37722521303993,-50.5913921835887,3
TCGA-A5-A0GR-01A,-8.33955019813745,11.8181459867109,-52.9473252198412,3
TCGA-A5-A2K4-01A,-12.3169003367728,-0.896343133654826,-55.0670108760475,3
TCGA-A5-A3LP-01A,-7.67104891423835,4.10271963326528,-54.5777419454681,3
TCGA-A5-A7WJ-01A,-21.4791310016707,5.65916250434938,-49.8413164291403,3
TCGA-A5-AB3J-01A,-7.75614740476294,2.76093778081628,-51.1415254777927,3
TCGA-AJ-A2QK-01A,-16.4031549204304,4.47968673648624,-40.7695861273555,3
TCGA-AJ-A3BF-01A,-21.8208483668055,0.270830949559098,-56.4070255243458,3
TCGA-AJ-A3BH-01A,-6.89964093637863,2.7460356467807,-54.4152966317774,3
TCGA-AJ-A3IA-01A,-5.39369942673219,4.5568339097738,-57.3197646835945,3
TCGA-AJ-A3NC-01A,-9.0207918538069,1.22437062877243,-52.7160995642864,3
TCGA-AJ-A3NC-11A,-19.2301520817532,2.39454456825626,-50.8829145204836,3
TCGA-AJ-A3NE-01A,-6.93170897720547,6.63584318588845,-45.8580408124033,3
TCGA-AJ-A3NE-11A,-13.2990194962252,3.46323714899196,-55.0667610807498,3
TCGA-AJ-A3NF-01A,-18.1382724581031,4.24568644136276,-46.0434431476329,3
TCGA-AJ-A3NG-01A,-16.9282814444005,8.93623351655008,-47.774587694744,3
TCGA-AJ-A3NH-11A,-19.3038987295401,1.87321232919607,-49.2301917352241,3
TCGA-AJ-A3OK-01A,-16.4456310853969,8.5001272054711,-37.8085918598859,3
TCGA-AJ-A3OL-01A,-19.070446385217,10.1252450301846,-50.2094830591856,3
TCGA-AJ-A5DV-01A,-11.4323088387569,5.58912313422828,-49.8630185713709,3
TCGA-AJ-A8CV-01A,-18.0732733932816,6.04901141516294,-36.6271714919035,3
TCGA-AP-A054-01A,-20.2390589774527,5.06847743930562,-47.6248280286513,3
TCGA-AX-A05Y-11A,-24.0376367150062,3.66073024794108,-55.3958188579344,3
TCGA-AX-A062-01A,-13.8039010960833,5.64402919553229,-57.8872652699954,3
TCGA-AX-A063-01A,-6.45018793312579,1.76636313824225,-53.6834938539478,3
TCGA-AX-A0IW-01A,-3.22976026865535,12.4526160407737,-43.6665521086649,3
TCGA-AX-A0IZ-11A,-25.4787184785743,5.31895314293313,-54.1827736334762,3
TCGA-AX-A0J0-11A,-23.6854354198969,-2.15828574594159,-51.9159741094184,3
TCGA-AX-A1C5-01A,-12.5402088936986,5.7740863930571,-51.4436539973686,3
TCGA-AX-A1CF-11A,-23.1613838679089,4.36302227131217,-48.0977077022414,3
TCGA-AX-A1CK-11A,-22.5138947441145,1.15005588547513,-51.7574490912814,3
TCGA-AX-A1CN-01A,-21.126442302606,1.45709934980257,-56.2105762335994,3
TCGA-AX-A1CP-01A,-15.3660790282016,2.94589180559997,-57.871081586586,3
TCGA-AX-A2H7-01A,-14.2187780302408,7.18942086638165,-44.5842774398217,3
TCGA-AX-A2H8-11A,-17.3895507420043,2.55050091302168,-55.5142362329926,3
TCGA-AX-A2HA-11A,-12.1901266227153,4.27312471879195,-55.5960153073997,3
TCGA-AX-A2HC-11A,-20.1910808461391,5.51665551642451,-53.6571193972503,3
TCGA-AX-A2HD-01A,-22.3009451499389,-0.00831027916939754,-47.1518532464486,3
TCGA-AX-A2HD-11A,-26.0149972799096,0.557447433234536,-49.7419223163199,3
TCGA-AX-A2HK-01A,-10.6306359894351,4.09347299250619,-56.7049694477525,3
TCGA-AX-A3FV-01A,-18.8363734918659,4.64878741844002,-48.420261986542,3
TCGA-AX-A3FZ-01A,-22.7390113405504,7.1731688539549,-46.7536753327825,3
TCGA-AX-A3G1-01A,-14.1126744766269,7.82426799484139,-37.3941848635349,3
TCGA-AX-A3G4-01A,-4.88176561533284,15.4750709980893,-43.748497563538,3
TCGA-AX-A3G9-01A,-18.4577546085901,10.7403913294131,-48.0930777868309,3
TCGA-B5-A0JR-01A,-19.5744010774689,6.31789406656792,-47.5647835573356,3
TCGA-B5-A0JS-01A,-14.2036978668397,9.02548073251945,-37.0907422776297,3
TCGA-B5-A0JU-01B,-5.31027573301354,2.12058310912011,-49.5464696994586,3
TCGA-B5-A0JV-01A,-6.9393956958658,16.7418886347341,-44.1575956415389,3
TCGA-B5-A0JX-01A,-16.8953270770738,1.09615530986962,-51.7320764258681,3
TCGA-B5-A0JY-01A,-20.830882389691,1.64585948758033,-57.0207046409378,3
TCGA-B5-A0K1-01A,-5.43481190991279,13.7706988430197,-47.6037715216142,3
TCGA-B5-A0K9-01A,-6.4305012512845,0.694013148807915,-54.6673142435067,3
TCGA-B5-A0KB-01B,-16.2806561644058,5.23262666137689,-53.9002262418398,3
TCGA-B5-A11E-01A,-9.70498330200487,3.39237193970999,-49.0875878240742,3
TCGA-B5-A11H-01A,-15.9032480574592,13.2641890871916,-36.410418100038,3
TCGA-B5-A11J-01A,-16.1914702225334,5.36073085417869,-34.4734265962795,3
TCGA-B5-A11M-01A,-15.0490762377193,12.765952470276,-38.3347895604114,3
TCGA-B5-A11O-01A,-15.4979300387265,8.17893085145814,-38.7144237347548,3
TCGA-B5-A11P-01B,-2.78538729826798,1.22780518471657,-51.3036711103035,3
TCGA-B5-A11Y-01A,-4.80114960561871,6.69638275048267,-49.5021967055291,3
TCGA-B5-A11Z-01A,-3.37678923947803,5.47010865740102,-50.6441762629658,3
TCGA-B5-A121-01A,-21.9299144449788,5.79829704725583,-37.899026572685,3
TCGA-B5-A1MR-01A,-12.2175303734168,0.259447224800966,-52.3385479248744,3
TCGA-B5-A1MS-01B,-15.0681008105086,3.02283230329118,-57.6908158055141,3
TCGA-B5-A1MW-01A,-22.0454548592004,4.29680018631839,-46.059909993109,3
TCGA-B5-A1MZ-01A,-6.63202090995295,2.16164568644683,-53.1462510522371,3
TCGA-B5-A1N2-01A,-16.8115807115877,6.08650288836938,-39.4611217116286,3
TCGA-B5-A3F9-01A,-17.3584222337064,10.447289215901,-40.5445292950228,3
TCGA-B5-A3FH-01A,-19.6378037140714,10.1118747187436,-39.6511002439808,3
TCGA-BG-A0MK-01A,-15.2738621424369,9.85303420015081,-38.4235890655709,3
TCGA-BG-A0MQ-01A,-5.12360377477534,16.3511826307826,-40.0020330037393,3
TCGA-BG-A0MU-01A,-16.2940749874014,8.53264417127507,-33.4508510864438,3
TCGA-BG-A0VV-01A,-12.9384926677969,8.79709216776618,-34.8606497787854,3
TCGA-BG-A0YU-01A,-15.0543654782706,11.013989568458,-39.1161665844952,3
TCGA-BG-A18B-01A,-4.03063056254251,16.9868245106911,-40.8086385165394,3
TCGA-BG-A18C-01A,-22.0396281429866,4.6923901810272,-47.3614928654273,3
TCGA-BG-A222-01A,-6.34917034619048,1.80794299724004,-48.5566959716371,3
TCGA-BG-A2AD-11A,-22.3653491389367,-2.51194273079908,-55.6994210708579,3
TCGA-BG-A3EW-01A,-18.2890496405686,4.61242878775154,-48.1926418817566,3
TCGA-BG-A3EW-11A,-23.3064600589877,4.95360414211502,-50.2689398468489,3
TCGA-BG-A3PP-11A,-27.4544384583822,0.0699900165981178,-51.0650674240363,3
TCGA-BK-A0CA-01A,-19.7967868954082,4.82055248381534,-48.3483334970383,3
TCGA-BK-A0CA-01B,-22.8123783852914,9.1096843083951,-49.93370960715,3
TCGA-BK-A0CB-11A,-14.0899493296157,3.75631180138302,-56.3516201942578,3
TCGA-BK-A0CC-01B,-7.16507881157454,0.130989890567511,-52.4284462821227,3
TCGA-BK-A139-01C,-22.0916801426763,7.24876176361781,-50.7380813681824,3
TCGA-BK-A13C-11A,-19.2580572018823,2.60141466608622,-54.9987326801722,3
TCGA-BK-A26L-01A,-14.6452841170906,4.50402436475394,-57.1715548857516,3
TCGA-BK-A26L-01C,-16.1421566401901,1.89895535270773,-57.9446521095765,3
TCGA-BK-A4ZD-01A,-24.717713500711,8.95325503195084,-49.9610340080983,3
TCGA-BK-A4ZD-11A,-20.0789497245141,5.31303826179975,-50.9186349632927,3
TCGA-BK-A56F-01A,-9.17415236294949,7.83281984454413,-52.3450353938925,3
TCGA-BK-A6W3-01A,-15.762199612608,8.40515259777251,-44.9785098860324,3
TCGA-BK-A6W4-01A,-21.7320629873374,1.63329913052704,-56.4975299341415,3
TCGA-BS-A0U7-01A,-17.225626641444,11.3034901290972,-38.7055911991133,3
TCGA-BS-A0U9-01B,-9.75736637206065,11.8882414582864,-46.9378271812834,3
TCGA-BS-A0UL-01A,-5.79172568724705,14.2285601542253,-46.2658301457642,3
TCGA-BS-A0UM-01A,-20.3750788905099,8.2488687550272,-37.0767316394535,3
TCGA-BS-A0V8-01A,-9.92914694196235,7.99160309369417,-52.0335182725899,3
TCGA-D1-A0ZO-01A,-24.786934267834,-4.05638127253001,-51.2862037282887,3
TCGA-D1-A0ZR-01A,-13.0214000049002,13.8441148018128,-46.3971276940755,3
TCGA-D1-A0ZS-01A,-22.9689948150628,1.72554980044691,-54.9907098216716,3
TCGA-D1-A102-01A,-18.9869701378851,11.1312654708599,-49.1543532016723,3
TCGA-D1-A162-01A,-19.476467910585,12.4867564821661,-40.0875990998563,3
TCGA-D1-A163-01A,-8.5330517239288,12.3043329168639,-39.2508185301478,3
TCGA-D1-A168-01A,-16.2959536208541,5.2899069251382,-50.0548553760134,3
TCGA-D1-A16E-01A,-24.5274577268761,3.02578853855512,-51.2043145776029,3
TCGA-D1-A16J-01A,-6.26072405136039,10.7985077217759,-45.4210152708902,3
TCGA-D1-A16N-01A,-22.4704106100214,5.47330535294484,-41.8850220674867,3
TCGA-D1-A16O-01A,-15.9940657585719,13.3847769954518,-38.5195281600933,3
TCGA-D1-A16V-01A,-13.9099286441765,5.74055081799487,-34.1132613044385,3
TCGA-D1-A174-01A,-3.53732712563558,16.3089682106613,-40.7145417636213,3
TCGA-D1-A176-01A,-13.6102988373367,7.86324737846331,-49.30950679682,3
TCGA-D1-A177-01A,-5.68331660912723,11.2799511594305,-40.3542539403818,3
TCGA-D1-A17M-01A,-10.6202198531816,10.0919745479799,-49.9323978747744,3
TCGA-D1-A17Q-01A,-8.10400517239227,15.0007361584466,-41.1522336191733,3
TCGA-D1-A17R-01A,-10.6518965889775,9.17125715553347,-50.8981712089961,3
TCGA-D1-A1NY-01A,-17.9228790288144,2.67220266862157,-47.0410886938644,3
TCGA-D1-A1O8-01A,-7.89987162705273,3.42474363117267,-54.9190142027722,3
TCGA-D1-A3DA-01A,-9.60061884945371,2.96956964614244,-50.257782200308,3
TCGA-D1-A3JP-01A,-8.68326382207355,-0.984429392173156,-52.5731723232118,3
TCGA-DF-A2KN-01A,-17.751210966767,5.44212575353039,-39.6065183294863,3
TCGA-DF-A2KU-01A,-18.2976051345425,10.3874914798185,-36.6491233610947,3
TCGA-DI-A2QU-11A,-21.8852721280695,1.30831765008376,-52.2744112471983,3
TCGA-E6-A1M0-11A,-20.9735159531397,3.07290284743613,-52.0904260918342,3
TCGA-EC-A1NJ-01A,-14.9791838770004,13.7630115521288,-38.1835053878052,3
TCGA-EC-A24G-01A,-18.0724625274583,7.82443829458862,-40.0731447910261,3
TCGA-EO-A22T-01A,-18.6069608754314,-0.739476678119137,-53.8017567484488,3
TCGA-EO-A3AS-01A,-9.9402824567004,-0.594252521836472,-53.1653271937591,3
TCGA-EO-A3AU-01A,-6.39477562049227,4.35870876489855,-49.4584798443039,3
TCGA-EO-A3B0-01A,-25.3044680637933,-2.14946412359184,-50.8399720033809,3
TCGA-EO-A3B1-01A,-12.1929445115264,0.420183383357329,-53.4837626512753,3
TCGA-EO-A3KW-01A,-9.28074554696869,14.0385397285192,-46.9616413872384,3
TCGA-EY-A1GD-01A,-18.8165416370825,1.11837584390528,-54.1247781504072,3
TCGA-EY-A1GE-01A,-13.6007722261868,10.0858458935931,-38.1842495844026,3
TCGA-EY-A1GF-01A,-23.3024113798215,4.80952541189571,-44.6926179078856,3
TCGA-EY-A1GI-01A,-25.8138291312619,0.109451517019468,-51.4495474441667,3
TCGA-EY-A1GK-01A,-16.2356178586916,12.7667056342469,-45.4271106750642,3
TCGA-EY-A1GR-01A,-13.4955512183743,2.49395450569638,-54.9621209535917,3
TCGA-EY-A1GU-01A,-5.62147505180172,6.84773012496606,-52.1253931596076,3
TCGA-EY-A214-01A,-13.1389007559424,5.0406055252272,-53.3930968601498,3
TCGA-EY-A3L3-01A,-10.0478888757411,3.01738520117842,-54.7509618658744,3
TCGA-EY-A3QX-01A,-23.8953628570852,2.37687429783737,-54.0295770319114,3
TCGA-EY-A548-01A,-19.7483161776315,13.3753865695429,-36.8435409806443,3
TCGA-EY-A54A-01A,-26.0823089402227,-0.378813852772685,-51.1380817115469,3
TCGA-FI-A2CX-01A,-10.3487058179642,-1.61576274590814,-55.4916548135922,3
TCGA-FI-A2D0-01A,-9.51254522687344,9.97931182150298,-51.112722579908,3
TCGA-FI-A2D6-01A,-9.58442214690946,5.93874763785287,-55.8845830655572,3
TCGA-FI-A2F4-01A,-26.5229131292477,0.744758693283869,-52.0361666479141,3
TCGA-FI-A2F9-01A,-7.71504122603553,2.18240794583366,-53.1672817737936,3
TCGA-FL-A1YF-11A,-10.2078377168087,8.2961227712582,-51.1423781705275,3
TCGA-FL-A1YG-11A,-24.5740384846478,1.20370389657884,-50.1753406857093,3
TCGA-FL-A1YI-11A,-9.30793080221466,8.17958146416172,-53.7152417159634,3
TCGA-FL-A1YL-11A,-24.4800371403873,0.637670595122156,-54.6144803842137,3
TCGA-FL-A1YM-11A,-18.0007223765346,-1.29738060378893,-52.0335184960442,3
TCGA-FL-A1YN-11A,-24.5839785004791,-2.41974479186119,-53.1006187072204,3
TCGA-FL-A1YQ-11A,-8.28277631072499,14.0309217339353,-47.2686126313823,3
TCGA-FL-A1YT-11A,-25.5945040653538,-2.11621419167159,-53.9382616930124,3
TCGA-FL-A1YU-11A,-7.10166132241562,14.7182578101499,-44.4730699097403,3
TCGA-FL-A1YV-11A,-23.2356140656497,2.27729345405624,-53.563352810321,3
TCGA-FL-A3WE-11A,-11.3237742788686,9.13918025101205,-54.4652010871756,3
TCGA-K6-A3WQ-01A,-6.78194775454483,2.28587782165113,-55.013494501798,3
TCGA-KJ-A3U4-01A,-14.7619149417666,1.7838784794688,-54.4723856287717,3
TCGA-PG-A916-01A,-19.2826061254766,11.1179065313842,-35.2209142089774,3
TCGA-A5-A0G2-01A,5.61365575301994,-6.01037788927198,35.4730734904819,4
TCGA-A5-A0G5-01A,0.0988408336114573,0.0667368342681588,51.8333683050062,4
TCGA-A5-A0G9-01A,-4.46102443296281,-6.50361621852796,48.3861488926895,4
TCGA-A5-A0GA-01A,-3.47315589948837,-4.87831950304862,44.7303525506212,4
TCGA-A5-A0GB-01A,-8.19787209566447,1.5939480221638,43.3977295783707,4
TCGA-A5-A0GD-01A,1.16950413905846,-1.61907599826721,41.8660279732099,4
TCGA-A5-A0GE-01A,1.5311092450662,-2.41575285278751,46.79571416469,4
TCGA-A5-A0GG-01A,1.73960291504403,-6.20309697749545,39.6123874732999,4
TCGA-A5-A0GJ-01A,1.26305216978355,-2.80212877664699,38.6202268087573,4
TCGA-A5-A0GP-01A,2.04323227371021,-1.9153568545657,45.0017131977305,4
TCGA-A5-A0R7-01A,5.85636206695576,-14.3018722701575,45.8184622554687,4
TCGA-A5-A0R9-01A,0.592237402470315,-4.8223391389185,49.0008187887233,4
TCGA-A5-A0RA-01A,-13.9729624347881,3.33825574514309,48.3135133961511,4
TCGA-A5-A0VP-01A,-0.160528977168784,-0.404286806550036,46.4024413564313,4
TCGA-A5-A1OG-01A,2.59300394501519,-5.02572008997502,44.4815470493418,4
TCGA-A5-A1OJ-01A,3.66709603529515,-7.76843375663692,46.4563112960675,4
TCGA-A5-A2K3-01A,9.57112123501318,-8.8180991185777,45.0547551201844,4
TCGA-A5-A2K5-01A,3.48549287400178,-4.96922737214155,42.5044241343987,4
TCGA-A5-A3LO-01A,-3.52617712621033,-3.0317834417158,54.6662202639592,4
TCGA-AJ-A23O-01A,1.32186834588431,-1.86256962595744,44.3333550316679,4
TCGA-AJ-A2QL-01A,-6.13938810829722,-2.73186181630507,44.3563250099094,4
TCGA-AJ-A3BD-01A,-2.85163605991726,-4.70034842965568,36.4706981153868,4
TCGA-AJ-A3BI-01A,-1.81575986927866,-7.28895812013152,47.0860324865823,4
TCGA-AJ-A3BK-01A,6.1288122650651,0.593698262930183,35.0903675379354,4
TCGA-AJ-A3EJ-01A,-11.9301198257831,-5.65175611458373,39.9534106751827,4
TCGA-AJ-A3EL-01A,-5.96197087085832,-6.86204970653749,48.8684754867325,4
TCGA-AJ-A3EM-01A,7.81563008764062,-14.8154430582665,47.5970755206181,4
TCGA-AJ-A3I9-01A,-2.3518673444958,3.84956307043514,42.56695780811,4
TCGA-AJ-A3NH-01A,-10.7802053510623,-6.09625784512144,48.3055175101411,4
TCGA-AJ-A3OJ-01A,-9.49922621976448,-4.5868568460324,34.7755673987186,4
TCGA-AJ-A3TW-01A,-1.86581856990698,-11.4045746787458,48.8275833066972,4
TCGA-AJ-A5DW-01A,-9.81798602895932,-2.6292803542623,46.6262006568945,4
TCGA-AP-A052-01A,-4.75613444464827,-8.06496939059081,49.2696756960979,4
TCGA-AP-A056-01A,-7.70812446490766,-1.91058197632208,34.3288919448772,4
TCGA-AP-A05A-01A,-3.83403869177059,-0.576473926234774,33.6534668161424,4
TCGA-AP-A05D-01A,-0.117407168734974,-1.2155187088025,33.1312460507076,4
TCGA-AP-A05J-01A,1.00452763313624,-2.0175633593391,36.3486047814222,4
TCGA-AP-A05O-01A,-6.08437650314238,0.399738539966755,42.0107588369854,4
TCGA-AP-A05P-01A,-14.0730985723212,-4.12968641724098,36.9284801345845,4
TCGA-AP-A0L9-01A,4.49488589963225,-6.80000274800597,34.1679305294777,4
TCGA-AP-A0LD-01A,3.44342293139439,-7.15675509212778,40.8103520951141,4
TCGA-AP-A0LI-01A,3.48073231732781,-7.00044718794444,43.7574039173026,4
TCGA-AP-A0LJ-01A,8.43736773786521,-9.93422069472344,47.6890494725778,4
TCGA-AP-A0LN-01A,-0.108777058315964,-6.61338771115858,49.4961481278556,4
TCGA-AP-A0LO-01A,-2.34353312058111,3.02665489088606,44.1704556225771,4
TCGA-AP-A0LS-01A,6.28173882215319,-8.28968382846364,40.2579155831737,4
TCGA-AP-A0LT-01A,0.00934627295111672,-1.80293892192706,50.4064136976872,4
TCGA-AP-A0LV-01A,6.41023050779405,-11.3730047192406,47.6524664491448,4
TCGA-AP-A1DH-01A,3.30228848580679,-2.11624854392728,37.9200432628067,4
TCGA-AP-A1DR-01A,4.92361133943993,-3.44703084068729,46.7630348976729,4
TCGA-AP-A1DV-01A,-2.9338672191069,1.43993441487223,41.7802297947916,4
TCGA-AP-A1E0-01A,-7.32153942738896,-6.48492454055676,38.8791848378632,4
TCGA-AP-A1E3-01A,0.421087175340869,-2.163068010895,46.2882528929455,4
TCGA-AP-A1E4-01A,-9.3431704781956,-5.22651948853175,46.1462218476476,4
TCGA-AW-A1PO-01A,-11.7657647978413,0.359106961951749,43.9081968224997,4
TCGA-AX-A05S-01A,-1.050958282693,-4.73809888367926,46.0274700728064,4
TCGA-AX-A05T-01A,-13.2555405795089,-0.83537618191284,44.5377378311167,4
TCGA-AX-A05U-01A,-7.90116475476481,-5.34493317968143,45.9920531551845,4
TCGA-AX-A05W-01A,1.62170310723594,-5.66430534429839,35.4935549946863,4
TCGA-AX-A05Z-01A,1.42580220756839,-4.95936937915531,39.6941597527178,4
TCGA-AX-A060-01A,-4.24826886595471,-3.63352658793885,35.6242464803581,4
TCGA-AX-A06D-01A,8.17263938219584,-8.8626258492166,43.908690188719,4
TCGA-AX-A06F-01A,-9.71478545959923,1.62277956673324,42.090698028908,4
TCGA-AX-A06H-01A,-1.28785965327299,2.96063901868806,39.1049671564184,4
TCGA-AX-A06J-01A,2.34121392398924,-4.06380951152357,51.9752772745644,4
TCGA-AX-A0IU-01A,-12.5729363684255,-8.63826546390189,42.8452936931864,4
TCGA-AX-A0J0-01A,-10.7647518807248,0.50032720009545,42.2603468120489,4
TCGA-AX-A0J1-01A,-3.27122240992836,-3.21324766772206,50.3733514435144,4
TCGA-AX-A1C7-01A,-0.0185874824022951,-4.91281262814525,31.4254884033996,4
TCGA-AX-A1C8-01A,-10.6127111891647,-6.49395998198995,40.748881302215,4
TCGA-AX-A1CE-01A,0.729334156063217,-0.717975302365432,39.1425028650359,4
TCGA-AX-A1CF-01A,-2.68846728836109,-2.71909051294547,36.9360406615042,4
TCGA-AX-A2H5-01A,-2.50509025944579,-11.0001078905316,46.7586223203349,4
TCGA-AX-A2H8-01A,-11.6182712747558,-6.94696195732577,36.9561333676671,4
TCGA-AX-A2HA-01A,-9.00426090289447,-4.4173760697207,35.3518148219677,4
TCGA-AX-A2HJ-01A,-3.50417360740271,-2.37497750063187,45.1174858217931,4
TCGA-AX-A2IO-01A,1.44141854459005,-3.03627788407553,37.8583441439656,4
TCGA-AX-A3FW-01A,-3.17753028602566,-4.27473975881055,40.4546574221966,4
TCGA-AX-A3G6-01A,-14.9455599078526,-2.6947651268333,45.275854500474,4
TCGA-AX-A3G7-01A,-6.38373501189703,-4.67123079036651,48.1748651384995,4
TCGA-AX-A3GI-01A,-0.593581931149662,-9.90921645189,50.1114696274605,4
TCGA-B5-A0JN-01A,-13.9597920053421,-2.6841084324874,44.2312831240669,4
TCGA-B5-A0K2-01A,1.12089366330906,-1.92299941886595,43.0077919505077,4
TCGA-B5-A0K4-01A,0.481506080867387,-6.0060506363066,46.5092105779394,4
TCGA-B5-A0K8-01A,-9.86445399765007,-8.0670615541395,39.2109796972869,4
TCGA-B5-A11F-01A,2.01434956299082,-7.61251674671351,53.2508265511156,4
TCGA-B5-A11G-01A,0.315020466984588,-4.62809542472554,38.9465321131374,4
TCGA-B5-A11L-01B,4.07734984868414,-8.86642694221957,48.4700750755267,4
TCGA-B5-A11N-01A,-5.24531906794943,-6.18136938822202,38.3155851907716,4
TCGA-B5-A11R-01A,-6.0955349263458,0.0380584786127579,46.2382321395651,4
TCGA-B5-A11S-01A,-8.62495759295386,5.35143919969769,45.0114890638354,4
TCGA-B5-A1MV-01A,-9.76422435045517,-2.77752635706548,55.2521520580503,4
TCGA-B5-A3FA-01A,-4.86522945271438,-10.2508944335418,44.6280348808158,4
TCGA-B5-A3FB-01A,-9.77764593221281,1.06828495302992,47.9032974872613,4
TCGA-B5-A3FC-01A,1.0375008615343,-7.9649780638743,50.4695179717801,4
TCGA-B5-A5OD-01A,7.26639444233574,-11.839587188308,51.0516380307516,4
TCGA-BG-A0LX-01A,-0.870810460008245,1.52013106642191,46.0975507207578,4
TCGA-BG-A0M0-01A,4.66618645434584,-6.33084287548702,45.9516561809673,4
TCGA-BG-A0M2-01A,-0.777876720793917,-7.69089398179984,48.7474438784655,4
TCGA-BG-A0M6-01A,-10.3866000607768,-7.56205781460205,40.5187933138365,4
TCGA-BG-A0M8-01A,-2.15073355751661,-1.7455600740743,33.0565727784721,4
TCGA-BG-A0MA-01A,4.03640910421713,-16.2297623172999,48.440431089701,4
TCGA-BG-A0MG-01A,-10.7971770782131,0.234120945482135,51.0332122014299,4
TCGA-BG-A0MO-01A,-5.51335284270981,-4.32521222856003,35.3929748911838,4
TCGA-BG-A0MS-01A,5.03845486809966,-5.40315015118441,50.8788870066422,4
TCGA-BG-A0RY-01A,1.67262677749769,-5.70391520077886,50.5129068060207,4
TCGA-BG-A0VZ-01A,-9.64962246990026,-0.874956410401412,42.5083110463986,4
TCGA-BG-A0W2-01A,-3.80915811548026,-4.66374888839882,49.5715051022481,4
TCGA-BG-A187-01A,2.56715770847629,-0.776968318555966,51.6741217597783,4
TCGA-BG-A2L7-01A,-7.96136198744159,1.3956203946591,54.8841595572313,4
TCGA-BK-A0C9-01A,-1.24452483563396,-3.73648858020506,43.2153823808994,4
TCGA-BK-A0CC-01A,-13.7025093728108,-6.30782239574355,44.2108841804426,4
TCGA-BK-A139-01A,-3.2392560970375,-2.83746157522078,48.5124916609918,4
TCGA-BS-A0TA-01A,5.64265499149833,-10.4756836213669,43.0880624482231,4
TCGA-BS-A0TC-01A,3.91149939180897,-2.4754163201472,42.227156753604,4
TCGA-BS-A0TI-01A,-1.32588838779018,-4.24896161960916,49.7020218493761,4
TCGA-BS-A0UF-01A,-7.90098304389736,2.1203980518686,44.1846654148296,4
TCGA-BS-A0UV-01A,8.560925340621,-12.3759923147215,44.0827136537781,4
TCGA-BS-A0V4-01A,4.99332204029018,-4.12796028400708,37.7151608133619,4
TCGA-BS-A0V6-01A,1.85336134838428,-1.9507465977342,41.9737919834189,4
TCGA-BS-A0WQ-01A,8.10082025671242,-13.7536935959617,43.9710264684145,4
TCGA-D1-A0ZQ-01A,1.32305847786905,-0.343730112503687,48.0135206767609,4
TCGA-D1-A0ZU-01A,-12.4480547010926,0.0281445055810284,47.1239921294615,4
TCGA-D1-A0ZZ-01A,-4.46747453470048,-0.132712006721024,48.5531135373166,4
TCGA-D1-A101-01A,8.33875332526679,-4.56969854188559,43.2949001375755,4
TCGA-D1-A103-01A,-9.77033397468005,-4.61785010515057,50.1035803645055,4
TCGA-D1-A15Z-01A,-10.8961648504469,-8.93923817196092,47.2746259671166,4
TCGA-D1-A161-01A,0.266548972829803,-3.15590562725393,47.038512270078,4
TCGA-D1-A165-01A,-3.94600680412028,-4.406787486861,50.367485001067,4
TCGA-D1-A167-01A,-10.055181263905,-4.93367334764998,45.5871797960545,4
TCGA-D1-A169-01A,-7.48545344336817,3.48732606198053,36.8315070714757,4
TCGA-D1-A16R-01A,-1.40871933372827,-6.32666262955349,50.4541290460611,4
TCGA-D1-A16S-01A,0.867240929496417,-11.586725934856,54.2706791269173,4
TCGA-D1-A16X-01A,0.530383388334297,-1.35724852560821,50.9189359309753,4
TCGA-D1-A179-01A,-3.18483585911236,-6.18473049465343,30.4977597924666,4
TCGA-D1-A17A-01A,1.50573850754832,-2.08412375882909,47.4103366845323,4
TCGA-D1-A17B-01A,-3.87092899653669,5.96175483916604,36.0902941216636,4
TCGA-D1-A17H-01A,-7.47760291650553,4.01862623206366,38.0199723782232,4
TCGA-D1-A17T-01A,5.59150579938257,-12.5184268320139,47.6921984814104,4
TCGA-D1-A1NU-01A,-12.8647734631355,-4.13030970504795,48.7461292020697,4
TCGA-D1-A1NX-01A,-2.54868560236622,-1.39331405339531,37.6543389277545,4
TCGA-D1-A2G0-01A,-5.56775532987079,-4.30767755603093,46.4243490141572,4
TCGA-D1-A2G5-01A,2.6516101912937,-5.30355756459037,47.5565939722777,4
TCGA-DF-A2KS-01A,-1.00618301758015,-4.86838472757385,51.9311982877871,4
TCGA-DF-A2KV-01A,8.58728339334763,-10.7762730265751,46.0862595275673,4
TCGA-DF-A2KZ-01A,-1.7654206544916,-10.8799980293337,48.4325611047426,4
TCGA-DF-A2L0-01A,-0.358735958210506,-3.70962477006965,46.9475813257166,4
TCGA-DI-A1NN-01A,-10.110457179929,-5.27396415410025,36.7488515799053,4
TCGA-DI-A1NO-01A,-3.10400244736237,-6.64252374965657,43.1805247261273,4
TCGA-DI-A2QU-01A,8.23930755583563,-6.66972598584603,46.774465086794,4
TCGA-E6-A1LX-01A,-4.23576771609733,-1.26933317465532,32.5001657721936,4
TCGA-E6-A1LZ-01A,2.10694389893607,-12.1581421262747,54.1454397633159,4
TCGA-E6-A1M0-01A,-4.86646341957936,-7.76363760211416,46.6525331619742,4
TCGA-E6-A2P8-01A,-13.8036458056462,-3.34065124514424,41.9898736343537,4
TCGA-E6-A2P9-01A,-7.22846368714769,-0.688486552831544,45.549464629382,4
TCGA-E6-A8L9-01A,1.15714732830903,-11.7241447333968,52.5641971043255,4
TCGA-EC-A1QX-01A,-4.08945918447897,3.04671121223981,54.7030518151367,4
TCGA-EO-A1Y5-01A,-8.26327356940159,-4.21494782569509,44.7907549644344,4
TCGA-EO-A1Y7-01A,-0.482268340483952,-4.75097928759145,48.5264505381938,4
TCGA-EO-A1Y8-01A,-1.88511612050771,-5.18134314457588,52.0249079054386,4
TCGA-EO-A22S-01A,-12.8112895622279,3.17251485814228,41.8735405692559,4
TCGA-EO-A22U-01A,-2.92835867827355,-4.95836184178584,34.9208419793716,4
TCGA-EO-A22X-01A,-12.7712150511925,-4.87344965442143,41.7727170317275,4
TCGA-EO-A22Y-01A,8.57737541270637,-13.0238907661754,49.1794457775605,4
TCGA-EO-A2CH-01A,-4.61495173015494,-2.79304608575469,38.8055186392353,4
TCGA-EO-A3AY-01A,4.70113173753066,-6.08406673235046,44.3727208723035,4
TCGA-EO-A3AZ-01A,-1.66998456922245,-9.0533176319564,50.4046099589289,4
TCGA-EO-A3L0-01A,-3.53733021982226,-0.817144169235363,47.4699408138532,4
TCGA-EY-A1G7-01A,-15.8365239723887,-2.58844188528668,41.4114074481794,4
TCGA-EY-A1G8-01A,0.949057099517975,0.132454460331395,36.0166528810961,4
TCGA-EY-A1GC-01A,6.06339998137894,-8.42394778196248,49.7150543717147,4
TCGA-EY-A1GS-01A,-5.40194717647104,-10.6416729506997,49.1865873851958,4
TCGA-EY-A1GV-01A,-0.687389862227197,-7.79701102076592,46.9600252273626,4
TCGA-EY-A1GW-01A,-9.28387006966532,1.66140988403063,35.8159375809854,4
TCGA-EY-A1GX-01A,0.698041442836894,-5.70054420902897,49.368732148391,4
TCGA-EY-A1H0-01A,2.39267429459586,-5.70507326809813,48.5106337621071,4
TCGA-EY-A210-01A,-2.43391665619354,-11.8491092652163,49.5618627045813,4
TCGA-EY-A215-01A,1.00795202342764,-2.0877565418552,52.9672414614073,4
TCGA-EY-A2OP-01A,-2.41052118195036,-5.63981554994574,45.2183393257329,4
TCGA-EY-A4KR-01A,-12.6946990820175,-5.91343405772636,41.4986820581095,4
TCGA-EY-A547-01A,-1.01341747965854,-0.699680403394394,37.0847903949028,4
TCGA-EY-A549-01A,7.06836153162947,-12.9011523580564,49.8826014769738,4
TCGA-EY-A72D-01A,-13.1593170377813,-6.46348928549063,36.2125541586,4
TCGA-FI-A2D4-01A,-10.3337697396565,-10.6309368856329,41.5307760288804,4
TCGA-FI-A2EX-01A,5.16066245133583,-8.29957377900287,45.0366753940556,4
TCGA-FI-A3PX-01A,-12.7102788246538,-5.45717282284576,38.6966777581049,4
TCGA-H5-A2HR-01A,2.43899387763151,-2.11536445957,39.2049076708273,4
TCGA-KP-A3VZ-01A,-9.71745461549712,-6.44912609790534,40.4367121778614,4
TCGA-PG-A5BC-01A,-11.3746798311785,-1.35386022444099,40.2184551544765,4
TCGA-PG-A6IB-01A,5.82344909221412,-2.7168216196765,32.1383048007003,4
TCGA-PG-A914-01A,-0.391384034551287,-6.50659046407883,35.8493182868111,4
TCGA-PG-A915-01A,-11.3339845991455,-4.86787604588713,44.0392075547645,4
TCGA-QF-A5YT-01A,4.49737059902183,-14.01895127019,47.6191747071226,4
TCGA-QS-A5YQ-01A,9.69883138800475,-10.1805944108976,46.3006599219382,4
TCGA-QS-A8F1-01A,3.56727654422641,-7.3298213880139,45.4659786451576,4
TCGA-SJ-A6ZJ-01A,0.0944971272512403,-4.1333719105685,49.8184601079567,4
TCGA-SL-A6J9-01A,-9.21296400255333,-4.39063606577984,41.7746192108246,4
