Sample,X,Y,Z,Cluster
TCGA-4E-A92E-01A,41.7359802006814,52.0501522243674,-62.7577164594874,1
TCGA-A5-A0GB-01A,36.3419570275916,49.0385012740701,-64.4639662344156,1
TCGA-A5-A0GD-01A,32.4235710683077,46.7475347804059,-70.5362130763124,1
TCGA-A5-A0GH-01A,42.1658644429736,52.5394545992521,-63.796626529972,1
TCGA-A5-A0GP-01A,33.0946959841132,41.2850702898649,-64.7215855898089,1
TCGA-A5-A0GU-01A,37.6082108008329,47.1619213648239,-61.9365280056649,1
TCGA-A5-A1OH-01A,38.473381451339,52.4044562903382,-63.4589393747605,1
TCGA-A5-A1OK-01A,38.4628704104551,51.6283088667715,-59.669092738104,1
TCGA-A5-A2K7-01A,211.58069249623,209.430469221654,104.579172348371,1
TCGA-AJ-A2QK-01A,38.7804078058363,42.5112261660127,-65.4237369475722,1
TCGA-AJ-A2QL-01A,35.2629970550106,43.8592542412098,-63.7377308237406,1
TCGA-AJ-A2QM-01A,36.9466649446246,45.693406739741,-64.5292128227191,1
TCGA-AJ-A2QN-01A,41.6775439582467,52.312268970162,-61.5844882981947,1
TCGA-AJ-A3EJ-01A,36.0119075090451,46.6967523252093,-61.2699415684546,1
TCGA-AJ-A3OJ-01A,35.0406882030332,42.7264080176673,-63.8026971256478,1
TCGA-AP-A051-01A,34.7614175922309,51.3767854964113,-65.5142341117095,1
TCGA-AP-A05H-01A,38.0806086556511,51.8489426278866,-63.1138808173721,1
TCGA-AP-A05O-01A,36.1343034775489,42.0624484131693,-65.7436436130454,1
TCGA-AP-A0LG-01A,39.1398894868513,50.6569457529027,-57.6978174917337,1
TCGA-AP-A0LT-01A,211.648198805104,209.536275825542,104.582968636141,1
TCGA-AP-A1DM-01A,39.1395625115627,50.2983828931794,-57.0716945399124,1
TCGA-AP-A1DO-01A,37.9615857652361,46.9842277639871,-62.9750797186357,1
TCGA-AP-A1E1-01A,41.9081797766601,51.0546831761808,-63.5721283218319,1
TCGA-AP-A1E4-01A,35.5110235362571,52.3933407397399,-59.4231498597519,1
TCGA-AX-A05Y-01A,34.4229321090166,46.1068811969928,-72.2490109072289,1
TCGA-AX-A060-01A,33.2353697823823,50.3621313326429,-71.3202671015948,1
TCGA-AX-A06B-01A,39.1296388974777,50.9078166792226,-58.2285348683738,1
TCGA-AX-A0IW-01A,39.7153108588436,49.8572697823257,-66.4524100403299,1
TCGA-AX-A1CJ-01A,33.4125105557761,48.8115491712946,-72.2201566608131,1
TCGA-AX-A1CN-01A,38.8280749834056,52.317855604579,-63.483378160045,1
TCGA-AX-A2H7-01A,39.8694161267991,50.2652778842357,-65.0968552065977,1
TCGA-AX-A2H8-01A,36.265055826751,51.4302774718095,-59.3891619587274,1
TCGA-AX-A2HF-01A,40.3934320924284,50.6988126449869,-64.5043742739406,1
TCGA-AX-A2HH-01A,31.0834983828829,40.8837432448517,-69.6525511975309,1
TCGA-AX-A3FZ-01A,33.1885482117591,41.1306285383832,-64.5801739761399,1
TCGA-AX-A3G1-01A,36.1900765612739,46.1346098028325,-64.0382298411574,1
TCGA-AX-A3G4-01A,33.5918976668529,49.3229531167386,-71.899347516531,1
TCGA-B5-A0JR-01A,31.0791629599936,46.054620047135,-69.7428149459728,1
TCGA-B5-A0JU-01B,38.7099909586372,51.4330120693529,-59.2593306530239,1
TCGA-B5-A0K1-01A,35.1312722064163,46.316438051941,-60.9251101226507,1
TCGA-B5-A0K4-01A,35.531554194307,49.5297252027689,-71.2320606524409,1
TCGA-B5-A0K7-01A,34.6391440401974,49.4362068845813,-70.5016961881923,1
TCGA-B5-A11U-01A,35.2826458302037,46.5535006512453,-64.5010850809981,1
TCGA-B5-A11V-01A,40.7047548548547,49.2930246126703,-64.1513054593622,1
TCGA-B5-A11Z-01A,34.2181019860747,51.5405829980687,-69.9806463114955,1
TCGA-B5-A121-01A,33.3534742087002,45.7956812543228,-70.6321459387995,1
TCGA-B5-A1MV-01A,32.2079227052305,42.756435483645,-69.3627107742828,1
TCGA-B5-A3F9-01A,36.1321227427136,50.7434918099463,-59.6220117387933,1
TCGA-B5-A3FC-01A,33.0820754029873,41.5478960675697,-64.8642576042084,1
TCGA-BG-A0M0-01A,36.9797782403949,47.081377790201,-72.560744764471,1
TCGA-BG-A0M2-01A,35.4055918315074,46.2219230063404,-61.8522265699576,1
TCGA-BG-A0M7-01A,33.1538835854381,48.0362016132003,-70.4547973835358,1
TCGA-BG-A0M9-01A,32.5808159017947,42.7932772867085,-68.8345059065373,1
TCGA-BG-A0MO-01A,32.8346415947154,44.3447911210107,-70.0041074125548,1
TCGA-BG-A0MQ-01A,37.8145842450505,47.0964362272635,-62.6491094094192,1
TCGA-BG-A0MT-01A,37.7184690909542,49.1962300708038,-65.3003361287152,1
TCGA-BG-A0RY-01A,32.4372787825092,43.0395045402875,-69.3338445392329,1
TCGA-BG-A0VT-01A,40.0174267863959,48.1154259289574,-63.3820554649566,1
TCGA-BG-A0VX-01A,34.7606543722472,52.2320654980325,-67.9894843344345,1
TCGA-BG-A0VZ-01A,32.0162677968907,46.8016692401964,-69.6362858507047,1
TCGA-BG-A0W1-01A,34.1262433879465,49.0119298686873,-70.4924050431962,1
TCGA-BG-A186-01A,34.2895809904377,51.3236733044077,-70.1051610970513,1
TCGA-BG-A18B-01A,33.0931360799071,40.2718333810736,-64.1999752475414,1
TCGA-BK-A13C-01A,37.0477879614403,46.8355241186425,-72.5403346277476,1
TCGA-BS-A0U5-01A,37.7217091692216,47.2103276929193,-63.0050567910098,1
TCGA-BS-A0U9-01B,38.111812126658,43.3274900220111,-65.9642059497714,1
TCGA-BS-A0V8-01A,40.456300777395,50.4406745503065,-65.5079389648954,1
TCGA-D1-A0ZN-01A,34.2820254740499,46.2765950238945,-70.4168519925176,1
TCGA-D1-A0ZS-01A,35.6501243650447,52.2963010510179,-59.3784429916627,1
TCGA-D1-A103-01A,32.6519379264658,47.555092107064,-70.5828821707599,1
TCGA-D1-A160-01A,34.2671731406058,50.6223018171638,-70.6919413604479,1
TCGA-D1-A162-01A,31.5423721655142,47.117125333791,-71.5264199637828,1
TCGA-D1-A165-01A,37.8367362260976,47.3098958984841,-61.2593448972042,1
TCGA-D1-A16V-01A,36.1892547914608,46.3895858098646,-64.1178968888395,1
TCGA-D1-A176-01A,33.1648061093389,46.8182524392946,-71.5799840685739,1
TCGA-D1-A177-01A,32.319008839535,47.5327537185195,-72.555610440063,1
TCGA-D1-A17K-01A,39.8756742994278,50.497460798235,-65.1482240952896,1
TCGA-D1-A17M-01A,34.7688850209962,51.1662601855362,-65.1484450977503,1
TCGA-D1-A17S-01A,33.7128364390181,48.7536398090252,-72.8025987496951,1
TCGA-D1-A1NZ-01A,31.5355674279859,45.4836654655807,-69.6955847578365,1
TCGA-D1-A1O8-01A,30.7647905748504,40.3231052992566,-69.7513522914225,1
TCGA-DI-A2QU-01A,40.2879273942467,49.9570123865698,-66.2561883487112,1
TCGA-E6-A1LX-01A,41.9655651710272,52.1448091760057,-62.930160002853,1
TCGA-E6-A2P9-01A,36.3888297903939,48.8776557535411,-64.1394610579815,1
TCGA-E6-A8L9-01A,34.188369255618,53.2200532771804,-59.6755722873959,1
TCGA-EC-A1NJ-01A,35.1091075740907,42.2563234179763,-64.8403756917977,1
TCGA-EO-A22U-01A,35.2073509532274,42.387019192429,-64.6702959864291,1
TCGA-EO-A22Y-01A,35.2263163109163,43.6629849986837,-63.862948731528,1
TCGA-EY-A1G7-01A,32.7797607469486,49.439816116401,-71.4523726656895,1
TCGA-EY-A1GC-01A,40.1930942380497,42.1813859865948,-64.830660647246,1
TCGA-EY-A1GH-01A,34.8254597741815,50.3624385705242,-64.7657330988954,1
TCGA-EY-A1GO-01A,41.271317837624,51.250895810958,-63.9457146856906,1
TCGA-EY-A1GP-01A,37.5743214208239,42.898699339689,-65.8007974295368,1
TCGA-EY-A1GR-01A,39.1870848384061,41.7587763080916,-63.6987375347672,1
TCGA-EY-A210-01A,40.1723539508699,49.6426440863552,-65.0891668251118,1
TCGA-EY-A214-01A,31.396653695161,41.4821889907043,-69.5623132609357,1
TCGA-EY-A548-01A,38.999886232817,50.0214854430253,-64.5738665540707,1
TCGA-FI-A2D6-01A,33.2284218934708,48.9207990279689,-71.6343415757446,1
TCGA-FI-A2F4-01A,34.8362231052591,52.3163460967894,-67.5568200066655,1
TCGA-H5-A2HR-01A,211.620703191886,209.529029094545,104.5789420999,1
TCGA-K6-A3WQ-01A,39.4155892143766,41.8779881594939,-64.00151806296,1
TCGA-KP-A3VZ-01A,38.508451155031,43.945060792116,-66.3673784373337,1
TCGA-PG-A917-01A,39.9891008326651,49.8995005168696,-64.881542746448,1
TCGA-QF-A5YT-01A,38.3461913051752,41.5215069915497,-63.0221149111348,1
TCGA-QS-A5YQ-01A,36.3912203021618,47.8830065776922,-72.8541868406031,1
TCGA-5S-A9Q8-01A,5.44468027457891,-12.5388877327579,-30.0534598685325,2
TCGA-A5-A0G5-01A,-6.88303616862025,-17.6862049597155,-6.83731610397296,2
TCGA-A5-A0G9-01A,6.97049766424427,-2.55994618169802,-25.785329684356,2
TCGA-A5-A0GA-01A,2.32856382552116,-2.87004866758435,-9.09587835186703,2
TCGA-A5-A0GG-01A,7.39549286865094,-5.10421388277321,-27.0962274666562,2
TCGA-A5-A0GI-01A,-5.46904183423652,-11.2120453289762,-35.1505096425105,2
TCGA-A5-A0GJ-01A,0.139761144730438,-3.70735713381815,-33.107495804345,2
TCGA-A5-A0GM-01A,1.124329536567,-9.72441714462881,-27.7010066515893,2
TCGA-A5-A0GN-01A,1.93666724544404,-0.160399532137056,-29.2522739350113,2
TCGA-A5-A0GQ-01A,-1.10610254486565,-2.24415027504346,-24.8296413932373,2
TCGA-A5-A0GV-01A,3.06417119087025,-1.80561000324672,-32.9048944831852,2
TCGA-A5-A0GW-01A,-4.97167353226617,-19.2656778804599,-8.77904270142082,2
TCGA-A5-A0GX-01A,-6.06621564233156,-9.20237174923398,-37.6886598237005,2
TCGA-A5-A0R7-01A,4.09970952711946,-1.81219402247158,-26.1216329225149,2
TCGA-A5-A0R8-01A,0.801930384250911,-5.87487475038802,-26.0455195259458,2
TCGA-A5-A0R9-01A,1.5411517162061,-12.2625879225372,-16.6619469306762,2
TCGA-A5-A0RA-01A,1.35034962851179,-4.60578815669867,-10.4840472085129,2
TCGA-A5-A0VP-01A,2.44902276999177,-8.99183841960409,-19.3615845182255,2
TCGA-A5-A0VQ-01A,4.63250289780288,-6.98298481494731,-27.757092966397,2
TCGA-A5-A1OJ-01A,-0.612014756897721,-5.53885610919724,-28.7032032875569,2
TCGA-A5-A2K3-01A,7.11999106114334,-15.5008927135926,-29.3428249702173,2
TCGA-A5-A2K5-01A,5.23898289632544,-6.86989078237856,-27.5372672606939,2
TCGA-A5-A3LO-01A,6.54149575890839,-7.30951356258057,-5.03532468063066,2
TCGA-A5-A7WJ-01A,4.38123324302583,-0.288028100294363,-18.2749813360672,2
TCGA-AJ-A23O-01A,1.87809991350538,-2.60463717663933,-34.6938754077838,2
TCGA-AJ-A2QO-01A,-5.43771249129686,-18.7835474042471,-8.0947235341625,2
TCGA-AJ-A3BI-01A,3.2174144131527,-2.46480695676187,-31.1478061096074,2
TCGA-AJ-A3BK-01A,-0.552304051721047,-4.39206020758435,-39.6933508443494,2
TCGA-AJ-A3EL-01A,0.989086124640557,-5.02659601857013,-5.60891319421536,2
TCGA-AJ-A3NC-01A,2.25064558465666,-12.1164460001244,1.75739051742047,2
TCGA-AJ-A3NE-01A,7.73944842008523,-4.4252198226481,-1.69774341381549,2
TCGA-AJ-A3OK-01A,1.39495255772436,-3.51670294575893,-25.2951967131666,2
TCGA-AJ-A3TW-01A,1.61970586601685,-5.14093893331529,-3.18366558879133,2
TCGA-AJ-A5DV-01A,7.76558110494833,-4.13741478739262,-1.39286860413368,2
TCGA-AJ-A5DW-01A,7.76774232655344,-3.4369478420787,-0.637703822020178,2
TCGA-AJ-A8CT-01A,1.89758533416848,-3.66607524519774,-25.5436307157852,2
TCGA-AJ-A8CV-01A,1.37031404212147,-5.28730465687694,-2.82661910385994,2
TCGA-AP-A054-01A,4.79908043571096,-14.6145188647507,-17.5538535442808,2
TCGA-AP-A056-01A,-7.10685423721315,-16.4874184946612,-5.01020206157291,2
TCGA-AP-A05D-01A,4.01229308855588,0.901961015298735,-21.8979299970861,2
TCGA-AP-A05J-01A,-3.20405177988573,-8.47662539789502,-34.7535437278894,2
TCGA-AP-A05N-01A,3.59120411393603,-13.3592713732913,2.33826656031311,2
TCGA-AP-A05P-01A,3.47351688116128,-7.36532078384703,-11.1240698375259,2
TCGA-AP-A0L9-01A,-4.19013496557329,-11.3969231012289,-35.9281614360721,2
TCGA-AP-A0LD-01A,1.84886271062229,-8.77696197212185,-27.013390233045,2
TCGA-AP-A0LE-01A,-3.9747607159767,-11.3276373514252,-32.951404053697,2
TCGA-AP-A0LF-01A,9.45083431715551,-3.80004577229192,-6.80102211745295,2
TCGA-AP-A0LI-01A,-5.73309722613115,-11.056663689551,-35.9518855596559,2
TCGA-AP-A0LJ-01A,4.69585924944584,-8.30626407567853,-34.5857594993434,2
TCGA-AP-A0LL-01A,4.6080639324151,-11.8301668467476,-30.1852639217348,2
TCGA-AP-A0LM-01A,4.45950936713359,-8.67966524190432,-11.4306755267442,2
TCGA-AP-A0LN-01A,-2.69790449559106,-9.06109054399582,-38.271158033313,2
TCGA-AP-A0LP-01A,4.99235527187153,-10.8627242393184,-28.7874418448891,2
TCGA-AP-A0LS-01A,2.23467124224755,-10.9676867396229,-17.7668529145844,2
TCGA-AP-A0LV-01A,-0.178430191136659,-4.04185173995524,-32.8234865555546,2
TCGA-AP-A1DH-01A,-4.09127224743046,-11.3811127964769,-33.0417227338562,2
TCGA-AP-A1DK-01A,1.02809980946413,-7.49752372285404,-26.2370525868226,2
TCGA-AP-A1DP-01A,4.11198285706361,-6.38152982742608,-18.5216301225964,2
TCGA-AP-A1DR-01A,5.7348010633255,-9.04141024663463,-6.31071449334855,2
TCGA-AP-A1DV-01A,6.10407573779813,-3.49915897528103,-17.6852835333831,2
TCGA-AP-A1E0-01A,6.09099645824058,-3.36698399539199,-17.6038557461411,2
TCGA-AP-A1E3-01A,5.11021413274036,-9.74395826325106,-10.8030298199227,2
TCGA-AP-A5FX-01A,1.94152560616057,-1.64914774985297,-35.5655725374367,2
TCGA-AW-A1PO-01A,-0.939414962176127,-1.24462991420869,-19.1807498370724,2
TCGA-AX-A05S-01A,-0.958895752246395,-21.7412890530397,-6.15014441874327,2
TCGA-AX-A05T-01A,2.59274800043344,-11.0403109161437,-0.571257001650763,2
TCGA-AX-A05U-01A,3.53369271203977,-13.6560955010566,1.94593215000992,2
TCGA-AX-A05W-01A,-1.64785926735833,-2.06447329859874,-24.7390222052709,2
TCGA-AX-A05Z-01A,6.23385875740649,-13.7376152964507,-30.0245363377101,2
TCGA-AX-A062-01A,3.69888953575345,-13.2218499334083,3.29090483004813,2
TCGA-AX-A063-01A,1.90196322368331,-3.87403183338514,-25.6754422281579,2
TCGA-AX-A06D-01A,3.54102563558166,-7.4291498717114,-18.9268383759518,2
TCGA-AX-A06F-01A,-1.86704790531608,-21.431531248891,-5.85640908315869,2
TCGA-AX-A06H-01A,-0.993372179303541,-6.00766346132599,-22.0103455783416,2
TCGA-AX-A06J-01A,-2.1504307821277,-21.4499292336501,-5.97521860967708,2
TCGA-AX-A06L-01A,3.92767774209534,-1.969315662623,-32.63053024261,2
TCGA-AX-A0IS-01A,6.31407234666405,-8.40082216856154,-5.93231781673445,2
TCGA-AX-A0IU-01A,-7.17515597527208,-10.281779523311,-37.190312948608,2
TCGA-AX-A0IZ-01A,-0.905786879620428,-6.34414239970385,-22.2366404362672,2
TCGA-AX-A0J0-01A,5.04987128154861,-10.5773384807125,-11.6823980509713,2
TCGA-AX-A0J1-01A,3.26071429501769,-7.94445554623333,-9.91663011459495,2
TCGA-AX-A1C5-01A,7.83404272356621,-2.81314611045734,0.201595792546997,2
TCGA-AX-A1C7-01A,1.41776998408928,-14.8841640642394,-29.9654224790684,2
TCGA-AX-A1C9-01A,2.96493392151622,-13.7660836892157,1.41380167986909,2
TCGA-AX-A1CA-01A,6.38867785830956,-16.6427421952208,-28.0111388395726,2
TCGA-AX-A1CE-01A,-3.12367872325004,-6.64644184451262,-33.0069162823829,2
TCGA-AX-A1CF-01A,-3.22897414936551,-12.4577808632534,-25.7375223708824,2
TCGA-AX-A1CI-01A,4.55857323797764,-11.2736040117671,-29.7152078504916,2
TCGA-AX-A1CK-01A,2.28090501387403,-14.2584133772803,-29.5793619746306,2
TCGA-AX-A2HA-01A,8.7322804933272,-3.92025409571352,-7.35345930936225,2
TCGA-AX-A2HD-01A,5.69305992048504,-0.0115706353844813,-24.6608207042839,2
TCGA-AX-A2HJ-01A,-4.79415453803608,-19.5617717108254,-8.97508910323994,2
TCGA-AX-A2IN-01A,-1.13219231360692,-10.4366510795466,-27.4777628786322,2
TCGA-AX-A3FX-01A,6.14947512724821,-17.2208077987618,-26.5545039856225,2
TCGA-AX-A3G7-01A,8.88624611734759,-18.2911261517213,-26.9682298667152,2
TCGA-AX-A3G8-01A,-2.73619710419179,-11.6542008850458,-26.5393277120794,2
TCGA-AX-A3G9-01A,3.31687848327276,-7.43027176428595,-10.5106506725078,2
TCGA-AX-A3GB-01A,-0.984029926981182,-4.14395735408134,-22.7938076774983,2
TCGA-B5-A0JS-01A,2.51971898106464,-2.04580890304523,-10.4671100336467,2
TCGA-B5-A0JV-01A,2.40634751899249,-2.57143054390278,-10.4451057969827,2
TCGA-B5-A0JX-01A,7.89037937152982,-2.36401491361901,0.423184327718247,2
TCGA-B5-A0JY-01A,2.70205335708098,-8.56614566729562,-19.2736055983113,2
TCGA-B5-A0JZ-01A,0.257020877311657,-1.70565709241912,-20.8222631332183,2
TCGA-B5-A0K2-01A,-1.23652410605442,-4.93664088323048,-22.0612858434569,2
TCGA-B5-A0K6-01A,-3.67092921826018,-8.33797330567819,-35.3214786964691,2
TCGA-B5-A0K9-01A,2.51617740576877,-2.56993935916649,-9.59813420150787,2
TCGA-B5-A11E-01A,5.10906177141827,-11.0357919717759,-11.9253633444544,2
TCGA-B5-A11F-01A,-5.86967722335862,-20.6200978185381,-5.75495441328351,2
TCGA-B5-A11G-01A,3.55528672298832,-9.85683142955235,-30.2041713802402,2
TCGA-B5-A11H-01A,2.7750981878926,-9.49219364532982,-3.10277372956689,2
TCGA-B5-A11J-01A,-6.97055875717869,-17.1411909138103,-6.06771488412783,2
TCGA-B5-A11L-01B,5.90132442175745,-8.99998956658459,-7.57362057239158,2
TCGA-B5-A11M-01A,-0.264626062331939,-21.9365111884492,-6.24069600901534,2
TCGA-B5-A11N-01A,-1.80443794771679,-5.06364769806187,-21.5329525730975,2
TCGA-B5-A11O-01A,0.279921488499488,-5.48376651595466,-25.780330658292,2
TCGA-B5-A11P-01B,5.21602738373658,-9.735224985687,-3.68929939587376,2
TCGA-B5-A11Q-01A,0.5685876893718,-4.89898531697129,-37.1638519081287,2
TCGA-B5-A11S-01A,7.02834463234179,-0.387376064105593,-8.12724591788771,2
TCGA-B5-A11W-01A,3.25348857412591,-2.70177302348328,-25.9582777057711,2
TCGA-B5-A11Y-01A,-1.13084351916038,-4.95107942162579,-22.0169807051294,2
TCGA-B5-A1MX-01A,4.94679525507201,0.993931211597248,-22.0518169683151,2
TCGA-B5-A1MY-01A,4.65274063916844,-13.3880623740661,2.78189014348967,2
TCGA-B5-A1MZ-01A,2.76438324585206,-11.4068430636261,0.329714443495149,2
TCGA-B5-A3FA-01A,-0.0766293675328383,-7.22340274916681,-3.70139219742198,2
TCGA-B5-A3FD-01A,-2.05865726332476,-13.4751277008342,-26.2031566117137,2
TCGA-B5-A3FH-01A,0.296067322083489,-11.2466610638931,-17.6438336743387,2
TCGA-BG-A0LW-01A,7.53839892184814,-11.7854539829787,-32.2731437508995,2
TCGA-BG-A0LX-01A,5.02169401515266,-10.2044995649794,-11.3441162324083,2
TCGA-BG-A0M3-01A,1.06860825993167,-2.72766742680247,-39.2066112602808,2
TCGA-BG-A0M6-01A,-4.34544940614168,-11.4126437326227,-35.9257928012476,2
TCGA-BG-A0M8-01A,-5.09471779562248,-8.23607721708335,-34.5559852585852,2
TCGA-BG-A0MC-01A,-3.28118183548546,-8.50482061506624,-33.9667008576251,2
TCGA-BG-A0MK-01A,-0.453211225830546,-5.55948121119679,-28.7055217273777,2
TCGA-BG-A0MU-01A,1.60548351868039,-2.82620133608733,-34.7746326307983,2
TCGA-BG-A0VV-01A,-0.978424406417076,-5.16379139464968,-36.3697827632903,2
TCGA-BG-A0VW-01A,2.23966267977693,-5.80185496210214,-27.3085044950044,2
TCGA-BG-A0W2-01A,0.962784039920166,-13.1622810344156,-15.5212319301929,2
TCGA-BG-A0YV-01A,7.96670216307773,-17.5487013278067,-27.692942658178,2
TCGA-BG-A18A-01A,-5.87191640367243,-8.50752810307859,-38.6424072289144,2
TCGA-BG-A18C-01A,-4.9016975292025,-11.0899486543504,-35.2953192182773,2
TCGA-BG-A222-01A,-5.72265578657624,-20.7301859444936,-5.7436888602161,2
TCGA-BG-A2AD-01A,2.87278114148241,0.58696275204118,-21.8946555891494,2
TCGA-BG-A2L7-01A,-6.6442626318498,-16.5982516669287,-8.60521484396381,2
TCGA-BK-A0C9-01A,-4.54667838328951,-7.34920827774813,-39.5563947488181,2
TCGA-BK-A0CA-01A,8.59517695240785,-0.646436648729426,-13.5471606713802,2
TCGA-BK-A0CA-01B,8.6898413480356,-0.6188295247773,-13.3526655862008,2
TCGA-BK-A0CB-01A,-3.29291299541618,-8.24467646225297,-34.35670068937,2
TCGA-BK-A0CC-01B,10.0089374952203,-0.22940518612254,-10.7045923808628,2
TCGA-BK-A139-01A,-6.65366686845567,-21.799110149044,-4.56782725747869,2
TCGA-BK-A139-01C,7.14028910822321,-0.295886763730053,-8.18597660712637,2
TCGA-BK-A13B-01A,8.80456933576422,-3.78684048190465,-7.25423985111692,2
TCGA-BK-A26L-01A,10.6574722903591,0.188178330576649,-10.9298799209657,2
TCGA-BK-A26L-01C,10.4437155629388,0.0558041365962421,-10.9021975368587,2
TCGA-BK-A56F-01A,3.8801301055502,-13.2434956390257,2.84132869346632,2
TCGA-BK-A6W3-01A,1.04492771940789,-4.82522053677945,-6.04426485184814,2
TCGA-BS-A0T9-01A,-0.125604929858153,-4.51652106827116,-36.5926934662319,2
TCGA-BS-A0TC-01A,-3.26283181815947,-6.74663189954543,-32.9280005814972,2
TCGA-BS-A0TD-01A,1.22129317053061,-6.14675790823742,-27.0457387753028,2
TCGA-BS-A0TG-01A,6.88963056420154,-8.4827614450762,-7.90882261910381,2
TCGA-BS-A0TI-01A,3.10676950996195,-1.5822705558507,-31.462529182756,2
TCGA-BS-A0TJ-01A,1.41974473293659,-12.2941138962008,-16.6043742841081,2
TCGA-BS-A0U7-01A,9.40800010365862,-4.01500076739958,-6.51270506963227,2
TCGA-BS-A0U8-01A,4.52034207845214,-14.1178226688052,-17.0205293815004,2
TCGA-BS-A0UA-01A,-6.5197250991288,-9.52392274224869,-37.1461786451625,2
TCGA-BS-A0UF-01A,-3.10710783588062,-7.30132065542433,-37.0606533519584,2
TCGA-BS-A0UJ-01A,1.12630040145111,-7.04043088635501,-27.667609666165,2
TCGA-BS-A0UM-01A,-0.53131114981237,-3.24605998655746,-21.1839743719558,2
TCGA-BS-A0UT-01A,6.86274303378312,-16.0582383881061,-28.7527121909447,2
TCGA-BS-A0UV-01A,0.165366680305097,-1.73976940171253,-20.6367063698886,2
TCGA-BS-A0V4-01A,5.44980521939564,-12.7886028555567,-30.0578879859181,2
TCGA-BS-A0V6-01A,1.95889395903715,-5.6182573898305,-11.5039638820543,2
TCGA-BS-A0V7-01A,4.20939397681542,-7.17457433755092,-27.8307760082843,2
TCGA-BS-A0VI-01A,5.04771229915073,-9.93037959346551,-11.6252336015028,2
TCGA-BS-A0WQ-01A,4.76896570684584,-8.47826417864415,-34.3984521257619,2
TCGA-D1-A0ZO-01A,0.178103740451248,-4.47055938570524,-23.4611996940502,2
TCGA-D1-A0ZQ-01A,4.24732076354942,-0.372812696804774,-18.0409924503489,2
TCGA-D1-A0ZR-01A,1.39886607313398,-4.27814160593882,-27.7270984439731,2
TCGA-D1-A0ZV-01A,-1.78825970632444,-2.01404624742553,-24.7760752837418,2
TCGA-D1-A101-01A,0.264847501861668,-7.79744867277225,-24.9955416253787,2
TCGA-D1-A15W-01A,2.41489122860806,-7.31363162566831,-18.4804956308321,2
TCGA-D1-A161-01A,-5.31550850380839,-11.8985470987324,-34.1483142800909,2
TCGA-D1-A163-01A,-3.13380375139146,-21.5975628588887,-5.62437213864635,2
TCGA-D1-A168-01A,1.25219618071179,-2.46710159290554,-39.2623432191876,2
TCGA-D1-A169-01A,-3.64572289799885,-7.83905608165504,-36.4872490307999,2
TCGA-D1-A16D-01A,-3.59176833741611,-6.23906343558108,-31.1318735807253,2
TCGA-D1-A16E-01A,7.17243640195452,-2.77117420180668,-25.9278355500855,2
TCGA-D1-A16J-01A,3.287382320222,0.706874569390313,-21.8155930225612,2
TCGA-D1-A16N-01A,-5.18949785496061,-7.47194890862206,-39.1415277675811,2
TCGA-D1-A16O-01A,5.98553571766606,-2.87738520435226,-25.1508233152275,2
TCGA-D1-A16Q-01A,0.351452295998748,-4.43330473503764,-37.5437345396246,2
TCGA-D1-A16R-01A,-5.90762213741854,-11.3562863810128,-36.2113315959649,2
TCGA-D1-A16S-01A,3.21920724903174,-11.0892469283312,-30.9479375633416,2
TCGA-D1-A16X-01A,-4.78999432370898,-8.38192002308545,-37.6028194540292,2
TCGA-D1-A16Y-01A,6.43052103418788,-14.513138549904,-29.7385599789567,2
TCGA-D1-A174-01A,-4.04115426430101,-7.74491372541247,-37.6955657980091,2
TCGA-D1-A175-01A,-2.29494792220602,-21.0863489300346,-6.5241138902956,2
TCGA-D1-A17A-01A,2.02088241465201,-3.91510262759872,-9.44778904937511,2
TCGA-D1-A17B-01A,-6.69992869392625,-9.01121580001219,-37.3308178173831,2
TCGA-D1-A17C-01A,-4.5187077645726,-8.36813198393958,-37.1872368244634,2
TCGA-D1-A17D-01A,-6.3675016889443,-9.0125997548711,-38.0785798253246,2
TCGA-D1-A17F-01A,1.32641977629638,-6.66037595130511,-27.1671622333242,2
TCGA-D1-A17H-01A,-3.23511975566691,-6.84137223231652,-31.862515159112,2
TCGA-D1-A17L-01A,0.133456238122675,-4.60168662446978,-37.0405414100356,2
TCGA-D1-A17N-01A,-3.64722411721886,-8.14380482557278,-37.4595972277137,2
TCGA-D1-A17Q-01A,-2.33625626617561,-7.38762803061338,-30.8670320673845,2
TCGA-D1-A17R-01A,-5.37526577952656,-7.92407074198777,-39.6981110283262,2
TCGA-D1-A17T-01A,-6.14060738635091,-12.1148616372375,-36.3477704494316,2
TCGA-D1-A1NS-01A,0.0117880250821234,-4.1587479114233,-23.588759584835,2
TCGA-D1-A1NW-01A,7.76212274739774,-17.3469250012553,-27.8127800302671,2
TCGA-D1-A1NX-01A,5.46764282747679,-16.4992905912529,-28.1922234107289,2
TCGA-D1-A1O0-01A,6.55523246207596,-15.1040034415302,-29.4086527154893,2
TCGA-D1-A1O5-01A,5.11139701345238,-1.40682526521801,-25.5814494788163,2
TCGA-D1-A1O7-01A,-0.073724049196797,-2.0628654446139,-20.6662722020123,2
TCGA-D1-A3DA-01A,-6.04980790703697,-20.3199947828896,-5.94688994525187,2
TCGA-D1-A3DG-01A,2.43302728987913,-0.960897380153562,-20.7208733169403,2
TCGA-DF-A2KN-01A,1.19680731768452,-5.24673994475692,-4.56984218529569,2
TCGA-DF-A2KU-01A,3.5137618326537,-10.9737852946387,-30.5627834007698,2
TCGA-DF-A2KV-01A,0.225397949394765,-7.88817659852658,-25.0732504066044,2
TCGA-DF-A2KY-01A,-7.03722869140767,-19.2010854885845,-5.95895713229493,2
TCGA-DF-A2KZ-01A,2.0402335122436,-2.90806554671725,-34.2203321895584,2
TCGA-DF-A2L0-01A,0.341088625769979,-9.66470531586547,-27.4433926949509,2
TCGA-DI-A0WH-01A,5.09315994888957,-15.1180982885184,-17.7529960768782,2
TCGA-DI-A1BU-01A,-5.26422335755039,-18.7970610410224,-8.46852956085395,2
TCGA-DI-A1BY-01A,3.05915842811632,-8.53379538361896,-28.3730460004635,2
TCGA-DI-A2QY-01A,-1.19273579175503,-1.18794175668693,-18.9081032873272,2
TCGA-E6-A1LZ-01A,1.4309398849419,-5.25199756109282,-3.29096027505894,2
TCGA-EC-A1QX-01A,7.93927100373184,-2.15173624623311,0.552378228388037,2
TCGA-EC-A24G-01A,2.29433020780469,-2.95082902087261,-10.174853398913,2
TCGA-EO-A1Y7-01A,5.364061468623,-9.22085084477904,-10.1082137333164,2
TCGA-EO-A3AU-01A,6.51904519571021,-7.54602408885727,-4.991558190284,2
TCGA-EO-A3AV-01A,9.20450427987541,-4.23548780925963,-6.54227119996517,2
TCGA-EO-A3AY-01A,6.45614437335474,-7.06374449828022,-27.3170793550055,2
TCGA-EO-A3B0-01A,7.23060536178965,-6.00044787581547,-27.3014197456678,2
TCGA-EO-A3KU-01A,2.89811606827727,-6.39212649190806,-10.4549763147335,2
TCGA-EO-A3KW-01A,2.99415314616556,-10.1463489591186,-4.87265212573709,2
TCGA-EO-A3KX-01A,4.79477013897139,-1.30883121279736,-17.4233053106401,2
TCGA-EO-A3L0-01A,-2.77143907383486,-11.4883148155098,-26.6326152357286,2
TCGA-EY-A1G8-01A,4.44250314106403,0.000298267108555095,-18.7177242462211,2
TCGA-EY-A1GD-01A,5.60019116699029,-1.45040129030327,-8.39211597153256,2
TCGA-EY-A1GE-01A,1.50312614671348,-11.6643995459539,-0.460567963446326,2
TCGA-EY-A1GK-01A,7.4690435391568,-5.0105879797876,-27.0720193126783,2
TCGA-EY-A1GL-01A,7.5283950070988,-11.8136940602562,-32.2644746971755,2
TCGA-EY-A1GM-01A,1.89148442842693,-1.15114197402062,-35.9516089512047,2
TCGA-EY-A1GQ-01A,2.96214158220643,-1.20015274986734,-31.6222193397494,2
TCGA-EY-A1GS-01A,4.97118280564225,-9.73020153294115,-3.43398354809193,2
TCGA-EY-A1GT-01A,3.47541052940991,-7.69809074122635,-19.2732752283063,2
TCGA-EY-A1GU-01A,4.75099497227301,-1.54182710896377,-27.9883205209137,2
TCGA-EY-A1GW-01A,1.71513262958268,-0.630899550603533,-28.2423041006022,2
TCGA-EY-A1GX-01A,3.02629771396143,-9.99039061054817,-4.47481111529233,2
TCGA-EY-A1H0-01A,2.32870957415072,-11.5214169049096,0.0212624243406149,2
TCGA-EY-A2OO-01A,4.7100206592418,-1.56257748595359,-27.9932273578653,2
TCGA-EY-A3L3-01A,0.876655741912185,-6.60454892379634,-3.75537764595513,2
TCGA-EY-A547-01A,2.13631909480246,-14.528408467918,-29.5964084740927,2
TCGA-EY-A549-01A,2.82387063319471,-9.62897320232944,-3.00871851628763,2
TCGA-EY-A54A-01A,5.49525105863963,-9.30990137522282,-4.55006071379888,2
TCGA-EY-A5W2-01A,0.0583551082003276,-4.097112365695,-39.0338309278408,2
TCGA-FI-A2CX-01A,1.0797987357738,-5.69230280708531,-4.55685401660635,2
TCGA-FI-A2D5-01A,5.91505539170732,-2.88185564474312,-25.1137594499232,2
TCGA-FI-A2EW-01A,6.43212267438953,-16.9480015833754,-27.3782213642542,2
TCGA-FI-A2EY-01A,7.38234814951775,-16.480115215186,-28.5012281686477,2
TCGA-FI-A3PV-01A,2.03638725822885,-4.56961316930602,-9.67094282541068,2
TCGA-FI-A3PX-01A,2.72446168033098,-10.3590800970266,-1.56137100649428,2
TCGA-KP-A3W4-01A,-6.71269401750434,-16.8636037347805,-8.24543300601358,2
TCGA-PG-A5BC-01A,1.92062496566399,-11.8580582503027,1.92384241167681,2
TCGA-PG-A6IB-01A,-3.10836236688264,-9.46911502609417,-33.1893621227738,2
TCGA-PG-A916-01A,5.83869792680399,-1.41780559172016,-8.30790860242061,2
TCGA-QS-A5YR-01A,-0.183910018263165,-9.27482901451419,-27.1398040075512,2
TCGA-QS-A8F1-01A,6.30939434097912,-15.482933771691,-29.0473216233586,2
TCGA-SJ-A6ZI-01A,5.71458270495727,-9.14964394527498,-7.85706332195808,2
TCGA-SJ-A6ZJ-01A,2.21026527766203,-12.0087846016295,-17.2851455173407,2
TCGA-SL-A6J9-01A,-2.76762135558075,-12.4984787542011,-26.0948674582956,2
TCGA-SL-A6JA-01A,2.2693396808694,-10.6980259148452,-17.9645112458762,2
TCGA-2E-A9G8-01A,-28.2178322345606,-21.866398073917,64.0970659444694,3
TCGA-5B-A90C-01A,-30.1211497613957,-13.2588841077058,77.3760053176639,3
TCGA-A5-A0G1-01A,-25.9944691831105,-10.0493620970919,75.7453299738986,3
TCGA-A5-A0G2-01A,-33.7387534373315,-12.2993975327474,76.4208881064647,3
TCGA-A5-A0G3-01A,-34.1256010373941,-18.1003001055825,77.2167739157494,3
TCGA-A5-A0GE-01A,-20.8772097442855,-25.1216781015222,67.3915915659521,3
TCGA-A5-A0GR-01A,-27.7734402418393,-22.3336341377404,58.2732315400614,3
TCGA-A5-A0R6-01A,-13.8465501671809,-24.5356097830741,57.793630176959,3
TCGA-A5-A0VO-01A,-24.7053167027791,-22.4269068321376,76.478287943298,3
TCGA-A5-A1OF-01A,-31.8822910412036,-13.428959934356,78.6837281777637,3
TCGA-A5-A1OG-01A,-26.3919849030525,-19.2125690944697,64.1566186886658,3
TCGA-A5-A2K2-01A,-32.3916536085103,-16.8009979889721,76.0625205927935,3
TCGA-A5-A2K4-01A,-34.1766749196311,-15.8392330988423,75.9123203525816,3
TCGA-A5-A3LP-01A,-25.8249771384213,-17.2045326804432,72.1087692310232,3
TCGA-A5-A7WK-01A,-37.3518957522726,-15.7969307330309,72.7112370351043,3
TCGA-A5-AB3J-01A,-27.3119449837178,-9.84304400950626,76.6297900312093,3
TCGA-AJ-A23M-01A,-28.7293317802545,-22.4567457852209,60.68800849041,3
TCGA-AJ-A23N-01A,-19.7306653583232,-25.73404031961,64.3709681141204,3
TCGA-AJ-A3BD-01A,-14.8340437512389,-23.8726670860423,49.1854974249345,3
TCGA-AJ-A3BF-01A,-33.5989665998405,-17.0617636657257,78.2402601340956,3
TCGA-AJ-A3BG-01A,-35.1039682859202,-17.2765840488759,64.7612228210428,3
TCGA-AJ-A3BH-01A,-38.1193975287482,-17.8456625110807,73.7581990020961,3
TCGA-AJ-A3EK-01A,-10.3194096954774,-26.5159691080556,53.2683610769353,3
TCGA-AJ-A3EM-01A,-31.0865134366252,-17.8924470320748,77.0441047066444,3
TCGA-AJ-A3I9-01A,-27.6265700228456,-19.8669963669182,77.3406566940445,3
TCGA-AJ-A3IA-01A,-14.2524694816691,-23.9333019983546,58.3716312977127,3
TCGA-AJ-A3NF-01A,-25.9696209005071,-18.4306169864681,74.9905573292304,3
TCGA-AJ-A3NG-01A,-27.8188509465044,-20.5933433193564,77.8078726484691,3
TCGA-AJ-A3NH-01A,-29.8874123017088,-22.4702283135369,56.9122929909003,3
TCGA-AJ-A3OL-01A,-13.0512756623509,-27.5758041640903,55.0806704602917,3
TCGA-AJ-A3QS-01A,-31.65735662668,-13.1951364268866,78.0848841998926,3
TCGA-AJ-A8CW-01A,-38.3846369691082,-17.1084821045924,82.219978152153,3
TCGA-AP-A052-01A,-25.4226902763497,-10.2663088338511,75.3534602572505,3
TCGA-AP-A053-01A,-25.8236155314232,-19.4697778132485,75.3675781139357,3
TCGA-AP-A059-01A,-29.3679980093754,-12.7114108373252,76.1015418365031,3
TCGA-AP-A05A-01A,-14.5979779117841,-28.1496696326812,56.4836526653518,3
TCGA-AP-A0L8-01A,-27.3446640580006,-19.7668978278373,77.3436882275918,3
TCGA-AP-A0LH-01A,-33.5343104831973,-15.6905814471085,79.1292477730152,3
TCGA-AP-A0LO-01A,-31.56088111566,-20.2594588086291,75.6566729260245,3
TCGA-AP-A1DQ-01A,-21.2499436669679,-24.9198224741868,68.0424754367495,3
TCGA-AP-A3K1-01A,-12.9502214230588,-27.64406150145,54.2250358204412,3
TCGA-AX-A064-01A,-12.9638040564567,-23.1598660152,57.1903025749651,3
TCGA-AX-A1C4-01A,-10.2756426863865,-26.5000481391273,53.2365869392541,3
TCGA-AX-A1C8-01A,-30.2115643456367,-16.3321891666156,67.2165540920369,3
TCGA-AX-A1CC-01A,-37.0967547791299,-14.9144536045264,73.2982413703607,3
TCGA-AX-A1CP-01A,-27.8759797861298,-21.6842560094383,61.2046663659224,3
TCGA-AX-A1CR-01A,-19.7334973874583,-25.6590351090993,64.6660327485485,3
TCGA-AX-A2H2-01A,-33.1196136672202,-18.5305346924666,80.2146219917553,3
TCGA-AX-A2H4-01A,-35.4677542493786,-16.1094299912183,74.8976647520742,3
TCGA-AX-A2H5-01A,-27.4380661649267,-20.7900503410235,61.6430045358077,3
TCGA-AX-A2HC-01A,-34.9551384501158,-16.6335817564212,79.864837378342,3
TCGA-AX-A2HG-01A,-26.2833122559005,-18.5525164608602,65.9364186651472,3
TCGA-AX-A2HK-01A,-34.1999831460335,-12.0154298973511,77.2013761024677,3
TCGA-AX-A2IO-01A,-14.9014450438135,-27.8327985356023,57.0084359081734,3
TCGA-AX-A3FS-01A,-32.2979709890661,-18.5971388450149,76.9788856752433,3
TCGA-AX-A3FT-01A,-30.7839784505597,-13.422295485646,75.6665117923334,3
TCGA-AX-A3FV-01A,-28.8296832140286,-13.6474614181793,72.1525389211779,3
TCGA-AX-A3FW-01A,-29.1175846737049,-14.0366600246188,72.445623463748,3
TCGA-AX-A3G3-01A,-34.9319429747896,-17.5831266394341,66.0379815893752,3
TCGA-AX-A3G6-01A,-14.8202346854859,-23.8921755416106,49.2007928168583,3
TCGA-AX-A3GI-01A,-32.8338405009104,-19.6369081985366,80.2202757651683,3
TCGA-B5-A0JN-01A,-34.5745491326092,-14.6753219773754,79.9364795606196,3
TCGA-B5-A0JT-01A,-36.5335309397055,-16.7889289800585,81.0057161293481,3
TCGA-B5-A0K0-01A,-25.8455159760454,-9.80822969921484,75.7433390317152,3
TCGA-B5-A0K3-01A,-34.5919388424146,-19.9288511962102,68.8669871327504,3
TCGA-B5-A0K8-01A,-28.3361102100245,-15.6647689064399,71.6684380253419,3
TCGA-B5-A0KB-01B,-34.6451191620953,-12.162180142246,78.3863534354378,3
TCGA-B5-A11I-01A,-32.7867039529559,-18.7008067069037,79.3958759772334,3
TCGA-B5-A11R-01A,-26.7928753730285,-22.2139944002975,75.5224789231843,3
TCGA-B5-A11X-01A,-26.6862399782505,-22.2122126721274,78.456530987229,3
TCGA-B5-A1MR-01A,-15.1415702159463,-22.7800677327413,59.4398365618722,3
TCGA-B5-A1MS-01B,-29.9464930059852,-15.2615263875259,72.4828584469791,3
TCGA-B5-A1MU-01A,-33.3775402022171,-16.2953270037849,76.7914652254587,3
TCGA-B5-A1MW-01A,-36.0359331316943,-17.7951606785005,74.1145888094882,3
TCGA-B5-A1N2-01A,-26.6802569433784,-19.7205888965482,64.4921465427884,3
TCGA-B5-A3FB-01A,-32.9928912797914,-17.8440574845293,78.2667054019307,3
TCGA-B5-A3S1-01A,-32.369362144973,-18.777228107783,78.8496646446377,3
TCGA-B5-A5OC-01A,-29.107201327504,-10.679156539289,76.3285627965917,3
TCGA-B5-A5OD-01A,-27.8259821412311,-22.1705377290659,59.169624195691,3
TCGA-B5-A5OE-01A,-26.5384117763846,-18.4887260889068,63.1220989328443,3
TCGA-BG-A0M4-01A,-34.3791702602734,-19.9422899480146,68.5759445237763,3
TCGA-BG-A0MA-01A,-32.978731401362,-21.7550308106075,76.0335924840026,3
TCGA-BG-A0MG-01A,-38.0979048202694,-17.5834714434065,73.7132074318654,3
TCGA-BG-A0MH-01A,-13.544033712121,-23.7821472491906,57.7029399721205,3
TCGA-BG-A0MI-01A,-38.3662383299269,-17.1066947917962,82.1912043872736,3
TCGA-BG-A0MS-01A,-32.9068516433852,-20.8040104380254,70.5824258755041,3
TCGA-BG-A0YU-01A,-32.9096846831496,-18.9803592142199,75.7682242361448,3
TCGA-BG-A187-01A,-33.823963379594,-20.6104574695385,70.6419255305633,3
TCGA-BG-A220-01A,-25.2539890747562,-21.4610111072632,75.7040772219112,3
TCGA-BG-A221-01A,-14.9562847442437,-22.9605110158631,59.2548561660165,3
TCGA-BG-A2AE-01A,-35.2113684986187,-18.5404596550285,74.189121135371,3
TCGA-BG-A3EW-01A,-26.6547014242347,-22.2458436757437,78.4635397041241,3
TCGA-BG-A3PP-01A,-31.288671698792,-14.4670766121723,76.0645751560478,3
TCGA-BK-A0CC-01A,-34.8590861976807,-19.086449531354,76.4818815063833,3
TCGA-BK-A4ZD-01A,-36.4264037018376,-16.5796594722644,73.9500302529614,3
TCGA-BK-A6W4-01A,-32.1478904257254,-18.9325516187221,76.4009842761139,3
TCGA-BS-A0TA-01A,-29.1732987684271,-12.4405170591117,76.1927936596247,3
TCGA-BS-A0TE-01A,-13.0574583058923,-25.0445115775066,56.9804252051374,3
TCGA-BS-A0UL-01A,-20.7425385943784,-25.2023819537424,67.1293472522279,3
TCGA-D1-A0ZP-01A,-32.5629130860357,-16.3796336855238,74.9523543827298,3
TCGA-D1-A0ZU-01A,-29.2426740195998,-23.3656450776226,76.0696705595196,3
TCGA-D1-A0ZZ-01A,-34.6831441613216,-20.4104032508086,70.3551946715447,3
TCGA-D1-A102-01A,-32.770308047506,-19.2498853783377,70.1546661699628,3
TCGA-D1-A15V-01A,-38.078530430074,-17.9515668273593,73.7319660768753,3
TCGA-D1-A15X-01A,-29.7856099297185,-11.7253383406594,76.9727400939647,3
TCGA-D1-A15Z-01A,-29.2002522468799,-23.3580716998366,76.0885248185684,3
TCGA-D1-A167-01A,-34.1742125625872,-17.9492431981604,77.2005772634589,3
TCGA-D1-A16B-01A,-37.8712755867477,-17.0631835550684,81.8289961534343,3
TCGA-D1-A16F-01A,-36.7901011499081,-19.2608775112771,73.2187774621301,3
TCGA-D1-A16G-01A,-34.5024591592301,-20.535266700824,70.4349686048119,3
TCGA-D1-A16I-01A,-28.6459313698971,-22.3100567475215,61.9912634568657,3
TCGA-D1-A179-01A,-29.0917932741691,-22.6789129767462,60.6007846730456,3
TCGA-D1-A17U-01A,-34.5419210709737,-15.1077501570283,79.8407883352495,3
TCGA-D1-A1NU-01A,-28.2859182414102,-21.8740400344875,64.7845228835404,3
TCGA-D1-A1NY-01A,-13.8946854048377,-24.0163344522598,57.9913211645643,3
TCGA-D1-A2G0-01A,-33.9980123452509,-16.0995391457442,79.2141652627053,3
TCGA-D1-A2G5-01A,-12.7667903439644,-27.5598690242425,55.596144983764,3
TCGA-D1-A2G6-01A,-35.2747979512213,-18.4014105868656,74.2573415087871,3
TCGA-D1-A2G7-01A,-28.2139223583042,-22.6846333324479,58.2290759520465,3
TCGA-D1-A3DH-01A,-13.3454323848851,-26.4178151180599,56.1628617131518,3
TCGA-D1-A3JP-01A,-12.8180449204295,-25.4230327970864,56.8807289734395,3
TCGA-D1-A3JQ-01A,-28.0181437299513,-21.7765058708523,62.5567320203387,3
TCGA-DF-A2KR-01A,-31.2003768059028,-12.7417246788879,75.8150754880591,3
TCGA-DF-A2KS-01A,-25.2959253709096,-20.932981516515,75.487992418853,3
TCGA-DI-A1NN-01A,-33.4174834795571,-17.4901577805739,78.4452107784015,3
TCGA-DI-A1NO-01A,-27.8801400078236,-21.4334944002806,63.9790239321543,3
TCGA-DI-A2QT-01A,-36.0423255703326,-17.2541813287665,74.3362258616698,3
TCGA-E6-A1M0-01A,-24.7404855995178,-21.9348346323296,75.9634191549077,3
TCGA-E6-A2P8-01A,-19.5881966442404,-25.972375886459,63.3019646656399,3
TCGA-EO-A1Y5-01A,-30.2105864187042,-13.7467174917185,74.6358823609167,3
TCGA-EO-A1Y8-01A,-14.0346746624096,-27.7849907956686,56.1866320882149,3
TCGA-EO-A22R-01A,-12.7392811808754,-26.9686740903523,56.0994624856947,3
TCGA-EO-A22S-01A,-24.6928795615911,-21.1059945833769,75.0607292325871,3
TCGA-EO-A22T-01A,-13.0636039718736,-26.3519453403715,56.2963108793369,3
TCGA-EO-A22X-01A,-35.8362468386831,-16.5664650686225,80.6064280009393,3
TCGA-EO-A2CG-01A,-34.9178815153327,-17.5452645359509,65.691230506775,3
TCGA-EO-A2CH-01A,-30.8097240100351,-18.4503189206743,78.371506476823,3
TCGA-EO-A3AS-01A,-35.1163556101992,-20.9646953211871,70.422661246083,3
TCGA-EO-A3AZ-01A,-28.072581144786,-11.8554792027161,76.0322613326136,3
TCGA-EO-A3B1-01A,-34.9751613600123,-17.4944267902828,65.5227316564321,3
TCGA-EY-A1GF-01A,-24.844264574493,-22.0019038064568,75.9483566283796,3
TCGA-EY-A1GI-01A,-27.1878245117526,-20.075916397337,75.1790079386573,3
TCGA-EY-A1GV-01A,-14.1736224667709,-28.4248292636639,55.8083550847377,3
TCGA-EY-A212-01A,-32.3779198168868,-16.0453599474129,75.9351157446527,3
TCGA-EY-A215-01A,-14.8630277363593,-23.046520726711,59.151718498792,3
TCGA-EY-A2OM-01A,-29.1361867202254,-20.4996418272104,76.2294394213801,3
TCGA-EY-A2ON-01A,-31.4385832116423,-18.997579370982,76.4696235667246,3
TCGA-EY-A2OP-01A,-31.7348375903917,-18.5502635822812,77.5867291685787,3
TCGA-EY-A2OQ-01A,-29.9477387195229,-19.2077991043107,77.9323548975845,3
TCGA-EY-A3QX-01A,-32.3513005923226,-14.0898326956363,79.2716705897024,3
TCGA-EY-A4KR-01A,-31.4987635457675,-14.8332161164939,76.0798459835021,3
TCGA-EY-A72D-01A,-38.6766055216266,-17.1301845723605,82.4162571523386,3
TCGA-FI-A2CY-01A,-30.462399119712,-13.1982993949748,77.3071314502348,3
TCGA-FI-A2D0-01A,-33.6048632001477,-12.1893306713293,76.5556129694518,3
TCGA-FI-A2D2-01A,-26.0542608879353,-9.36102382179137,76.2664669524572,3
TCGA-FI-A2D4-01A,-32.3041006439955,-18.2284609931924,77.8283069540058,3
TCGA-FI-A2EU-01A,-27.340639070599,-22.1318860026876,57.1711552779264,3
TCGA-FI-A2EX-01A,-30.3689919329852,-15.3846283559323,72.5806628634763,3
TCGA-FI-A2F8-01A,-27.1959787045788,-22.21337550785,56.9637771273374,3
TCGA-FI-A2F9-01A,-28.7269033633315,-19.6539804331008,78.1483546700678,3
TCGA-JU-AAVI-01A,-33.644525081793,-16.7694927515244,77.8055485769733,3
TCGA-KJ-A3U4-01A,-27.5984214671231,-22.1648424865739,58.055158088146,3
TCGA-KP-A3W0-01A,-37.1160568362176,-15.6621462470082,73.1613201590105,3
TCGA-KP-A3W1-01A,-28.4903082265084,-15.5611377003283,71.4716524204906,3
TCGA-KP-A3W3-01A,-25.6787096092053,-17.1562238887198,71.8636232426062,3
TCGA-PG-A7D5-01A,-27.353212975183,-21.6827723900917,56.1186837837179,3
TCGA-PG-A914-01A,-31.9811011634701,-20.7745316712244,79.2963928179539,3
TCGA-PG-A915-01A,-27.9659829524218,-19.9123555077766,77.5941318870345,3
TCGA-QF-A5YS-01A,-26.3977270570321,-18.5737370958987,63.716605224933,3
TCGA-QS-A744-01A,-12.4033190278827,-26.6790550962809,54.9948738684268,3
