Sample,X,Y,Z,Cluster
TCGA-A5-A0G1-01A,-76.4248329148674,-44.3883620033183,12.2491343850311,1
TCGA-A5-A0G5-01A,-71.3343380217058,-37.704373201081,14.4144580308589,1
TCGA-A5-A0GA-01A,-60.0860505389094,-37.8505199387337,20.7007594462631,1
TCGA-A5-A0GG-01A,-73.4075078977506,-43.0139672391065,12.3946079446503,1
TCGA-A5-A0GH-01A,-75.3829265440703,-38.0937763910762,9.7591412112537,1
TCGA-A5-A0GW-01A,-51.4657894800122,-33.1726978974109,5.8521039054808,1
TCGA-A5-A0R7-01A,-53.9536586748309,-37.6940799013026,14.6793271253292,1
TCGA-A5-A0RA-01A,-58.0738304980051,-42.1980295963409,10.9179968481125,1
TCGA-A5-A0VO-01A,-56.5053034576071,-36.9743868959456,18.9164864244819,1
TCGA-A5-A0VP-01A,-67.4691861782153,-37.8634618115525,15.4339252745297,1
TCGA-A5-A1OF-01A,-74.703737195955,-45.8810370740623,12.4802758038075,1
TCGA-A5-A1OJ-01A,-71.7507758205564,-50.5092811541308,17.4728514323156,1
TCGA-A5-A2K3-01A,-72.9099727676176,-38.1949894085549,12.3212671906406,1
TCGA-A5-A3LO-01A,-69.5715771026629,-39.5211558098434,15.5664370818676,1
TCGA-A5-A3LP-01A,-62.3038738687419,-45.546279053922,13.5914259392402,1
TCGA-A5-AB3J-01A,-67.9843798660715,-44.1888054995837,19.8870186488923,1
TCGA-AJ-A23N-01A,-70.65460734253,-43.7709793449531,25.7645085520395,1
TCGA-AJ-A2QK-01A,-70.422541508151,-45.94857775048,10.2573429942386,1
TCGA-AJ-A2QM-01A,-75.2534241872293,-52.3832949769668,11.4711678154616,1
TCGA-AJ-A2QO-01A,-72.7042952553839,-42.8701571450253,20.2940960636778,1
TCGA-AJ-A3BG-01A,-72.2767984530392,-48.174149735774,2.86150004399671,1
TCGA-AJ-A3BK-01A,-54.4301929801342,-46.5749092954087,15.1418009590657,1
TCGA-AJ-A3EJ-01A,-75.6373772552453,-47.0877176333143,17.2426136190627,1
TCGA-AJ-A3EK-01A,-57.2572609048432,-38.6321257416828,9.91728357744721,1
TCGA-AJ-A3EL-01A,-57.0111208380365,-43.1497417155564,22.8325258126695,1
TCGA-AJ-A3IA-01A,-74.4319308282882,-53.5100142837268,13.9770943988539,1
TCGA-AJ-A3NE-01A,-70.9915157353968,-42.6614115652414,24.1822887815653,1
TCGA-AJ-A3NF-01A,-73.3345489697885,-44.764041560816,21.3096763911273,1
TCGA-AJ-A3NH-01A,-55.8858630555555,-37.5076447261134,14.5493034124172,1
TCGA-AJ-A3OJ-01A,-68.6169973856205,-43.2214396657853,26.0555841737058,1
TCGA-AJ-A3OK-01A,-74.797020849155,-49.912244320937,12.0257736115439,1
TCGA-AJ-A3QS-01A,-55.9243960326918,-33.1106135105407,10.6695359882639,1
TCGA-AJ-A5DV-01A,-70.3137270770624,-50.5151696512696,14.3944640316773,1
TCGA-AJ-A5DW-01A,-66.8530316765948,-44.4316864420856,18.7502711402597,1
TCGA-AJ-A8CT-01A,-71.4061657230261,-52.8377120041741,11.2654136413356,1
TCGA-AP-A053-01A,-62.122868180806,-40.3859925285508,20.0146232173895,1
TCGA-AP-A056-01A,-57.9786919522204,-38.467649872243,7.2336098007835,1
TCGA-AP-A059-01A,-70.0324883085406,-36.4606288753426,19.9601299176995,1
TCGA-AP-A0LG-01A,-59.7370582150026,-44.0885940269657,15.0436585097704,1
TCGA-AP-A0LM-01A,-59.2038684102653,-31.484668885466,12.3646829299905,1
TCGA-AP-A0LV-01A,-56.3933327139168,-29.5867565181626,2.58834687358454,1
TCGA-AP-A1DV-01A,-60.2767858769744,-34.2773011217173,10.6345461398927,1
TCGA-AP-A1E0-01A,-52.9674335602297,-41.2546207273824,14.3183122168037,1
TCGA-AP-A1E3-01A,-52.1349695745168,-37.334814490087,10.7569869112846,1
TCGA-AX-A05S-01A,-78.1050378153613,-47.2130188640061,10.3659844982857,1
TCGA-AX-A06B-01A,-63.1809463209893,-38.1178210261892,15.3441859105781,1
TCGA-AX-A06D-01A,-78.0104448061397,-44.5829594443739,7.98740064971061,1
TCGA-AX-A06H-01A,-56.3967728412311,-40.5460024773941,14.4898741238434,1
TCGA-AX-A0IZ-01A,-55.4912247331301,-38.1003644599991,14.70244475788,1
TCGA-AX-A1CC-01A,-64.3311309281061,-40.7319124780373,16.1732287097536,1
TCGA-AX-A1CP-01A,-65.6172659415883,-38.0826259964391,12.1608728521087,1
TCGA-AX-A2HA-01A,-49.9475504192137,-32.8930257389525,14.6276751965101,1
TCGA-AX-A2HD-01A,-71.5404004156563,-42.9359825913195,27.8684821502884,1
TCGA-AX-A2HJ-01A,-53.653614372601,-43.857372851633,11.8326945455162,1
TCGA-AX-A2IO-01A,-68.9924964874422,-37.5674065707317,10.3333249882508,1
TCGA-AX-A3G3-01A,-80.1275449518917,-43.4112119893385,16.9982723577151,1
TCGA-AX-A3G4-01A,-72.3899463187881,-49.8315759960068,15.0388039008682,1
TCGA-AX-A3GB-01A,-74.8145848059435,-46.8003995493005,9.64430339434576,1
TCGA-B5-A0JT-01A,-65.8021481500223,-44.2656071260207,21.2893569385578,1
TCGA-B5-A0JY-01A,-51.4844152977313,-42.4292736754463,11.9970767112647,1
TCGA-B5-A0K0-01A,-64.6609208038474,-32.7586700484796,12.1509104965871,1
TCGA-B5-A0K2-01A,-54.2997268374735,-32.1389761714282,7.08633772556479,1
TCGA-B5-A0K8-01A,-72.7227735289184,-36.9923994526877,12.9714246300419,1
TCGA-B5-A0KB-01B,-72.259651465595,-53.2543445098432,13.6144896030482,1
TCGA-B5-A11H-01A,-66.6298276457627,-34.6868003926774,18.8191550022847,1
TCGA-B5-A11J-01A,-71.6310189200051,-47.8830870298886,16.4898916141212,1
TCGA-B5-A11L-01B,-73.3488798860118,-38.8688569574985,16.2699182457733,1
TCGA-B5-A11M-01A,-66.9242306157632,-39.6943726279879,25.05768707345,1
TCGA-B5-A11N-01A,-69.6458661910319,-45.9250149240154,17.8131111271097,1
TCGA-B5-A11O-01A,-68.3715112031752,-37.6647891861286,16.6518831946205,1
TCGA-B5-A11P-01B,-72.6348823259961,-49.9879489960747,14.1706169945795,1
TCGA-B5-A11U-01A,-56.8559807891028,-38.1970383646181,13.5848612486766,1
TCGA-B5-A11X-01A,-58.5097112459164,-30.949014847987,3.68464896749877,1
TCGA-B5-A11Y-01A,-74.0336017408666,-42.2494347708088,19.9284035720668,1
TCGA-B5-A1MR-01A,-76.5791121769807,-44.9944999597022,13.1049244132905,1
TCGA-B5-A1MU-01A,-65.3806210062585,-36.1619013444905,14.9213664366952,1
TCGA-B5-A1MV-01A,-58.9442157864078,-36.1147749767392,15.1626614475329,1
TCGA-B5-A1MY-01A,-51.7864191457255,-34.8955978637091,15.5854471224428,1
TCGA-B5-A1MZ-01A,-57.2200238005034,-40.350404852778,9.52493284091896,1
TCGA-B5-A3FA-01A,-66.387361968848,-38.5006468580249,12.7852917795406,1
TCGA-B5-A3FB-01A,-72.1420004294072,-55.2002267288402,17.6927203614876,1
TCGA-B5-A3FC-01A,-63.7801924690192,-39.6258208437553,15.6273065375998,1
TCGA-B5-A3FH-01A,-71.6812241411323,-51.7191499847124,18.1851352556219,1
TCGA-B5-A5OC-01A,-68.3378145339983,-46.6568084012112,18.7954025830834,1
TCGA-BG-A0LX-01A,-58.9512567687341,-42.8185261556728,12.7054619741678,1
TCGA-BG-A0M4-01A,-74.7447720256524,-49.8579832876236,13.4100630831504,1
TCGA-BG-A0M8-01A,-72.0463212071858,-44.6666548252491,17.0112239350842,1
TCGA-BG-A0MH-01A,-74.4602602951834,-48.0399475687004,16.3123937774711,1
TCGA-BG-A0MK-01A,-76.10090181238,-50.5579257546622,13.0335816342824,1
TCGA-BG-A0RY-01A,-60.1397726384831,-34.8501970848199,5.89515191969888,1
TCGA-BG-A0VX-01A,-57.5035307834019,-29.1273611502136,6.3891605049996,1
TCGA-BG-A0VZ-01A,-62.2415300850734,-38.6919403406369,9.05409261261329,1
TCGA-BG-A222-01A,-67.1743022456217,-34.6724662107507,10.1061117394546,1
TCGA-BG-A3EW-01A,-59.5909775146021,-39.7933718205557,19.0452199924165,1
TCGA-BG-A3PP-01A,-53.0421480891829,-38.3151724558473,11.9236671613576,1
TCGA-BK-A0CB-01A,-69.9483377328127,-49.9612218350294,24.5515088974461,1
TCGA-BK-A0CC-01A,-67.2295989451174,-32.5639278432188,8.19531707735006,1
TCGA-BK-A0CC-01B,-56.671216585036,-30.1470960738876,11.6904765406146,1
TCGA-BK-A139-01A,-61.8268478767863,-39.2260108519114,12.4909790713026,1
TCGA-BK-A139-01C,-58.5042086097677,-37.1070302079844,11.5514610643879,1
TCGA-BK-A13B-01A,-57.1628179336477,-39.3879799006173,11.5686605792284,1
TCGA-BK-A26L-01A,-64.1869967819328,-41.3229179568027,17.3314796056118,1
TCGA-BK-A26L-01C,-60.9752786447228,-44.146160966928,12.5999668721858,1
TCGA-BK-A4ZD-01A,-72.7888488425656,-50.7737725971935,17.2913397812013,1
TCGA-BK-A56F-01A,-50.8880474280119,-46.1625639871219,13.6583346451111,1
TCGA-BK-A6W3-01A,-71.3207275447905,-41.6388727321952,19.9876400665254,1
TCGA-BK-A6W4-01A,-69.5975704842777,-43.2534672189454,22.4559928938732,1
TCGA-BS-A0TG-01A,-63.7928509136629,-32.7907833469549,2.92572711676302,1
TCGA-BS-A0U7-01A,-75.5123965787091,-44.6727646278944,23.985857371451,1
TCGA-BS-A0UA-01A,-71.2432864957999,-40.8135420894338,20.152634428764,1
TCGA-BS-A0UL-01A,-66.249282181811,-45.3210350041883,14.4549974700243,1
TCGA-BS-A0UM-01A,-74.1070202576716,-47.2908356003964,2.32188152816151,1
TCGA-BS-A0UV-01A,-72.9678667240992,-44.1690947004257,18.177344019575,1
TCGA-D1-A0ZN-01A,-73.1828983899626,-50.3400966971713,15.4312165737565,1
TCGA-D1-A0ZO-01A,-76.5511830843453,-49.700816492019,15.0197729395642,1
TCGA-D1-A0ZQ-01A,-72.4352221029005,-47.3244689150462,10.9884278976386,1
TCGA-D1-A0ZU-01A,-52.4172138167491,-36.5619587809621,11.6643498695518,1
TCGA-D1-A0ZV-01A,-65.669798389601,-33.5640238858919,8.50205613775248,1
TCGA-D1-A101-01A,-69.2543161696829,-46.0814094055397,13.5354536353994,1
TCGA-D1-A102-01A,-57.9266609027104,-33.9282212090278,7.70489493340699,1
TCGA-D1-A103-01A,-70.859642386208,-37.7387667151481,20.0538938999471,1
TCGA-D1-A15V-01A,-69.2694644535599,-41.0325340714123,6.91257146356296,1
TCGA-D1-A15W-01A,-75.0108887434108,-41.6712588717438,15.5768362631255,1
TCGA-D1-A15Z-01A,-78.9089418842446,-46.6410460045344,15.6257029725365,1
TCGA-D1-A163-01A,-70.0211295658667,-43.7952263367518,12.9906365647025,1
TCGA-D1-A165-01A,-72.9796961705647,-51.8835410647506,9.85989500387687,1
TCGA-D1-A16B-01A,-60.6183802407502,-29.5769770314936,9.7575749078156,1
TCGA-D1-A16D-01A,-77.6885984892198,-39.7508365144564,17.3616847046779,1
TCGA-D1-A16E-01A,-74.3948205836127,-48.7357433593363,19.4870366662028,1
TCGA-D1-A16F-01A,-70.2955777673402,-41.347135484647,7.53372955050314,1
TCGA-D1-A16J-01A,-72.8554489893255,-47.2661798907601,11.7948120473086,1
TCGA-D1-A16V-01A,-70.8867169982937,-45.5287906869334,20.5611767768794,1
TCGA-D1-A176-01A,-69.6843453112023,-51.4490622083344,11.2409002471616,1
TCGA-D1-A17A-01A,-71.8680015809694,-46.2095384411647,16.259742102564,1
TCGA-D1-A17H-01A,-68.9577540138087,-44.2479551811421,18.2044132966464,1
TCGA-D1-A17L-01A,-71.4348436472884,-54.9307400118675,3.82830253887315,1
TCGA-D1-A17M-01A,-78.1721481456851,-44.4838817690303,19.0835669131733,1
TCGA-D1-A17Q-01A,-76.8276117119655,-46.1588382651842,12.2048794429021,1
TCGA-D1-A17U-01A,-71.4746546717458,-46.8756150447601,14.2762229973107,1
TCGA-D1-A1NS-01A,-74.3487307993295,-42.1989280465424,14.1570983738816,1
TCGA-D1-A1NY-01A,-63.6946903142999,-47.1612467719275,18.9895750524085,1
TCGA-D1-A2G7-01A,-72.2618215521662,-44.3755069025323,7.48462353044264,1
TCGA-D1-A3DA-01A,-68.7894583042941,-40.4354667183692,17.5594057430102,1
TCGA-D1-A3DH-01A,-72.9231134701716,-33.4235071068199,16.6832953222709,1
TCGA-DF-A2KN-01A,-69.3766197563021,-38.3428695715287,17.8574194628124,1
TCGA-DF-A2KZ-01A,-68.1246497716355,-43.4590513940144,18.8697074278216,1
TCGA-DI-A2QY-01A,-72.6378225665851,-49.9298714186384,17.8804119263963,1
TCGA-EC-A1NJ-01A,-74.9740572363097,-46.4584613638455,21.3166442479954,1
TCGA-EC-A24G-01A,-61.4851917799113,-38.9417154943807,22.6452469740049,1
TCGA-EO-A22R-01A,-68.805386953579,-38.3628461787147,17.1197155208198,1
TCGA-EO-A22T-01A,-62.8480322083827,-31.9857570601511,9.7855338917893,1
TCGA-EO-A22X-01A,-57.3244844900252,-44.8691557121623,19.1612283609017,1
TCGA-EO-A3AS-01A,-57.379758089899,-39.472289792824,18.7427867266524,1
TCGA-EO-A3AU-01A,-60.8166332265781,-42.6616489351011,17.3395122741515,1
TCGA-EO-A3AV-01A,-65.5069906465539,-32.6106630655901,12.0553073795112,1
TCGA-EO-A3AY-01A,-73.4107716518499,-41.3586788561913,20.7887061029778,1
TCGA-EO-A3B1-01A,-65.7463500186919,-42.4605222567664,15.1313240820889,1
TCGA-EY-A1G7-01A,-63.2175900963891,-36.2976451005636,5.43251418277355,1
TCGA-EY-A1GD-01A,-59.4688158264486,-43.416379015664,18.803217528571,1
TCGA-EY-A1GH-01A,-59.1343588412577,-40.475531544856,15.6243924604749,1
TCGA-EY-A1GI-01A,-53.2555355853592,-37.1136867679298,13.4693823236512,1
TCGA-EY-A1GL-01A,-63.4728752516047,-37.0327978315235,2.2561468617762,1
TCGA-EY-A1GQ-01A,-53.4158364773345,-39.4693184118086,16.5628750499558,1
TCGA-EY-A1GR-01A,-67.1724762322346,-33.8821518408482,9.32613497219732,1
TCGA-EY-A1GU-01A,-69.745711818121,-40.7300607845169,10.8806830963799,1
TCGA-EY-A1GW-01A,-73.147544293275,-53.8258294380067,11.4486172995467,1
TCGA-EY-A2OM-01A,-69.7280865119252,-46.9151467176448,16.0260686136172,1
TCGA-EY-A2OO-01A,-61.1119503972837,-39.596323869581,12.9410659258491,1
TCGA-EY-A4KR-01A,-68.3858153968897,-41.9231107167502,18.0289233697828,1
TCGA-EY-A547-01A,-73.5328346962698,-50.4924557103982,7.57491680270167,1
TCGA-EY-A549-01A,-58.6338447298174,-41.4837082609951,16.0864906021844,1
TCGA-EY-A54A-01A,-58.7654846988342,-33.1727206397822,10.0188323875086,1
TCGA-FI-A2CX-01A,-75.0204132504162,-53.3708100061785,10.1152981726845,1
TCGA-FI-A2D0-01A,-71.9969471649008,-39.5052992152083,13.408223415738,1
TCGA-FI-A2D6-01A,-68.7515553038757,-34.8898122259187,9.72644938709523,1
TCGA-FI-A2F8-01A,-76.2892897144676,-45.6310907833933,18.6175687404155,1
TCGA-FI-A3PV-01A,-73.2504927744588,-48.7932424168299,8.3153958773855,1
TCGA-FI-A3PX-01A,-76.8079640350114,-50.7672982469182,15.3053336922826,1
TCGA-K6-A3WQ-01A,-72.3358108841297,-52.9937666193258,17.1924717467186,1
TCGA-KP-A3W0-01A,-60.9263415870556,-39.9033932741995,15.1778784237251,1
TCGA-KP-A3W4-01A,-72.8316635787051,-39.715244471827,21.7203044952144,1
TCGA-PG-A5BC-01A,-58.7044916610614,-48.520105590686,12.0991667269551,1
TCGA-QS-A744-01A,-69.3427523144714,-44.799806862086,22.6196973210089,1
TCGA-SJ-A6ZI-01A,-72.3114999942402,-43.5458676372786,20.5814477208213,1
TCGA-2E-A9G8-01A,34.8502256569036,24.7119675500413,-12.1264899518531,2
TCGA-4E-A92E-01A,26.6231308154038,18.3148231747445,1.025854547203,2
TCGA-5B-A90C-01A,28.2581155930191,25.8476653516576,-2.49020361064941,2
TCGA-5S-A9Q8-01A,50.9545659348758,26.075704931451,-5.17646993904842,2
TCGA-A5-A0G2-01A,46.9476482781904,33.562040778419,-18.1372192190454,2
TCGA-A5-A0G3-01A,50.7887263914436,40.14194797321,-15.5058084021456,2
TCGA-A5-A0G9-01A,33.2834146901858,19.9574598411319,-0.0226465997694537,2
TCGA-A5-A0GB-01A,16.7902900700953,13.988194797293,-6.95282211915607,2
TCGA-A5-A0GD-01A,38.2023342324173,17.8669576380819,-5.27655234834622,2
TCGA-A5-A0GE-01A,46.3020567700053,32.4880532230977,-20.4117422656038,2
TCGA-A5-A0GI-01A,44.7266428227857,32.4846282451638,-14.638566896418,2
TCGA-A5-A0GJ-01A,41.070610838234,39.5109466986313,-17.5652446564389,2
TCGA-A5-A0GM-01A,26.4650288207439,19.1365186432226,3.18097470399365,2
TCGA-A5-A0GN-01A,37.700568794847,33.6046865380061,-19.9210282321881,2
TCGA-A5-A0GP-01A,20.8433488466183,24.0278394165145,6.19324810685575,2
TCGA-A5-A0GQ-01A,45.0707922682236,29.5326861676808,-13.5790119818691,2
TCGA-A5-A0GR-01A,48.2697218615789,-12.4123041475617,0.985029031617174,2
TCGA-A5-A0GU-01A,23.8044613702488,16.5490904744433,4.97082437272849,2
TCGA-A5-A0GV-01A,33.9978848492817,23.2536053742116,-5.08593431768779,2
TCGA-A5-A0GX-01A,43.805607004758,35.1873460489975,-15.7969202613874,2
TCGA-A5-A0R6-01A,47.1020248947958,33.4046898049345,-17.3253019823136,2
TCGA-A5-A0R8-01A,56.8500935587297,29.1697768383956,-1.836785239089,2
TCGA-A5-A0R9-01A,21.1083590642882,19.3510141727907,4.89803406942284,2
TCGA-A5-A0VQ-01A,37.8106940075031,30.1891891552297,-10.8798860050386,2
TCGA-A5-A1OG-01A,26.1990500551106,23.7787534116186,-8.87113626057058,2
TCGA-A5-A1OH-01A,23.532136806841,14.4470162996807,1.41025786100241,2
TCGA-A5-A1OK-01A,26.8209858484006,18.1962041509994,-8.50347398327505,2
TCGA-A5-A2K2-01A,51.3148841082453,-14.4376502234221,-4.42273825739532,2
TCGA-A5-A2K4-01A,45.6261582975648,-5.566430499874,-2.19539502678293,2
TCGA-A5-A2K5-01A,38.0292290975133,29.4169436308899,-7.04615086567508,2
TCGA-A5-A2K7-01A,13.017756809096,11.0714282336955,3.32612316757433,2
TCGA-A5-A7WJ-01A,26.4798766487317,14.3411664773776,6.30242168102592,2
TCGA-A5-A7WK-01A,35.0268213873973,15.3047954863614,-16.5754865903734,2
TCGA-AJ-A23M-01A,41.7158029806348,34.5827592497764,-14.7082470683945,2
TCGA-AJ-A23O-01A,10.7628583408317,11.0551213588745,0.983164510784446,2
TCGA-AJ-A2QL-01A,24.0646048562172,20.9523589812063,-3.99287729302019,2
TCGA-AJ-A2QN-01A,42.9525872900708,35.9467397057985,-18.5161490957951,2
TCGA-AJ-A3BD-01A,44.3071832717312,-7.18786273270722,-4.21700166952039,2
TCGA-AJ-A3BF-01A,38.1115167664505,39.5079154325831,-20.9503779311498,2
TCGA-AJ-A3BH-01A,56.2669472628411,34.3508963435688,-11.9005438706847,2
TCGA-AJ-A3BI-01A,4.42110235963401,-3.66950507414145,-2.32306049871314,2
TCGA-AJ-A3EM-01A,19.3458734486343,6.39158914086184,1.08461485164737,2
TCGA-AJ-A3I9-01A,33.1265659678346,14.1528879502375,-11.8047431450558,2
TCGA-AJ-A3NC-01A,25.9345820800093,20.6673773677189,9.8956505012247,2
TCGA-AJ-A3NG-01A,22.0207396683203,24.333452277194,-4.48113946847213,2
TCGA-AJ-A3OL-01A,24.3061110852731,18.9105165156126,7.32287180174994,2
TCGA-AJ-A3TW-01A,22.0358726429879,22.9675949797543,-5.3084506848944,2
TCGA-AJ-A8CV-01A,19.4767667435065,7.60751040698901,0.89416123676462,2
TCGA-AJ-A8CW-01A,19.8839481462932,9.94224417268143,2.5888425032,2
TCGA-AP-A051-01A,19.4783519344613,10.5099118366153,4.69027916739672,2
TCGA-AP-A052-01A,38.1920684755147,38.2174692099585,-15.6856780055702,2
TCGA-AP-A054-01A,21.8042847408521,19.0390533356065,0.715096830838944,2
TCGA-AP-A05A-01A,49.7107009645375,33.4979336159728,-6.54998333994312,2
TCGA-AP-A05D-01A,51.5687722555425,34.4145664962626,-9.66571804827573,2
TCGA-AP-A05H-01A,42.5114857827869,30.2897836661156,-14.6309850062566,2
TCGA-AP-A05J-01A,46.0922165741815,38.482095234969,-13.6210221721763,2
TCGA-AP-A05N-01A,23.373348671577,19.4017760174826,-11.9064283266096,2
TCGA-AP-A05O-01A,37.291277542707,32.3688918993091,-24.9017232902712,2
TCGA-AP-A05P-01A,49.3935978435191,30.1302111514203,-10.8064291837402,2
TCGA-AP-A0L8-01A,51.8588940169294,28.9869545703371,-5.07129967120803,2
TCGA-AP-A0L9-01A,50.5239642875798,39.2731481718248,-19.1581924070592,2
TCGA-AP-A0LD-01A,28.847689769512,23.4614693384338,-0.89300433396181,2
TCGA-AP-A0LE-01A,34.3869623399232,25.7963816188107,-10.3568286788252,2
TCGA-AP-A0LF-01A,48.3485872564824,31.3642681729113,-8.65471389582225,2
TCGA-AP-A0LH-01A,50.1964913494362,-6.40812415474553,2.53604549629201,2
TCGA-AP-A0LI-01A,54.5260703692297,33.4528763491396,-6.85481922480952,2
TCGA-AP-A0LJ-01A,48.6135968809535,34.3025393918513,-18.4854278104801,2
TCGA-AP-A0LL-01A,50.2213529620935,27.6542406289056,-4.63264520455689,2
TCGA-AP-A0LN-01A,50.3370317453137,36.5787026747327,-18.4131628507098,2
TCGA-AP-A0LO-01A,19.8030458739365,11.4229707913841,0.540529866272666,2
TCGA-AP-A0LP-01A,32.3268920274423,28.8663374981902,-8.89613593972557,2
TCGA-AP-A0LS-01A,34.1971182101141,20.0287133949947,-12.4828027534712,2
TCGA-AP-A0LT-01A,33.7447385538573,24.3459744656336,-13.6993245168463,2
TCGA-AP-A1DH-01A,36.8913394378233,24.5784233795586,-1.21727135968805,2
TCGA-AP-A1DK-01A,32.6359888733503,29.1207339992263,-5.15113950297723,2
TCGA-AP-A1DM-01A,48.9558423997458,25.9025196479779,-12.0808962421439,2
TCGA-AP-A1DO-01A,34.351536826702,21.8352629721346,-12.0291959432369,2
TCGA-AP-A1DP-01A,34.0347559194282,26.5203984006997,-13.8323720344757,2
TCGA-AP-A1DQ-01A,26.0791383807192,16.6970430638668,3.9265988657407,2
TCGA-AP-A1DR-01A,21.4529756945543,21.3111970290316,5.76708010314152,2
TCGA-AP-A1E1-01A,24.4221392841914,13.2308444764187,1.56627151075618,2
TCGA-AP-A1E4-01A,35.8558329961344,25.0465050009053,-9.41354586951138,2
TCGA-AP-A3K1-01A,40.3083959631831,33.7165280976025,-19.0512584351332,2
TCGA-AP-A5FX-01A,28.3748651120106,30.2378329933171,-11.9763242593707,2
TCGA-AW-A1PO-01A,34.3339482045074,20.6155113824103,-0.564920980894357,2
TCGA-AX-A05T-01A,8.31027626412696,-1.91560285570451,-2.88177396599236,2
TCGA-AX-A05U-01A,6.4032941385308,-6.44286842275613,-6.3526051108218,2
TCGA-AX-A05W-01A,34.3268093412203,32.7166164774486,-10.6284993409606,2
TCGA-AX-A05Y-01A,37.9682673711159,27.8472272359976,-19.4653244836143,2
TCGA-AX-A05Z-01A,50.1223913193053,29.7497908989572,-11.1406731360682,2
TCGA-AX-A060-01A,35.4145335531072,26.4925876723787,-8.76563583728173,2
TCGA-AX-A062-01A,16.3519528873546,10.7629684540467,2.83107329755053,2
TCGA-AX-A063-01A,36.7762271655233,35.1169732001079,-21.0299434116155,2
TCGA-AX-A064-01A,37.0938262583253,34.3835536358285,-18.9377471232505,2
TCGA-AX-A06F-01A,27.7250168808741,25.6163491691074,-3.01632094658514,2
TCGA-AX-A06J-01A,36.4503536505958,33.5714997832695,-18.3199824336453,2
TCGA-AX-A06L-01A,27.6511969127128,25.3003251743962,4.51521986903548,2
TCGA-AX-A0IS-01A,35.6804703373133,13.6106763347944,-11.3438414217557,2
TCGA-AX-A0IU-01A,52.6343994811993,35.5773893056964,-13.9594701658597,2
TCGA-AX-A0IW-01A,37.0502829953948,38.3662906550016,-11.0669181221347,2
TCGA-AX-A0J0-01A,27.537852024483,21.1066237557839,1.42908014260112,2
TCGA-AX-A0J1-01A,13.5780926313615,7.29682841359147,1.9266830376291,2
TCGA-AX-A1C4-01A,23.8634048012731,16.3262962835074,1.69893606552907,2
TCGA-AX-A1C5-01A,6.36831975897927,-2.81459704471606,-5.5114389221539,2
TCGA-AX-A1C7-01A,37.3559670796094,24.4216568411658,-14.2391068275643,2
TCGA-AX-A1C8-01A,33.2979136840596,31.8391942624389,-1.54424507259765,2
TCGA-AX-A1C9-01A,26.9184666343408,28.8310322964013,-12.8542579350657,2
TCGA-AX-A1CA-01A,37.3284274868435,31.0002077751637,-14.4330505466215,2
TCGA-AX-A1CE-01A,25.8075749401712,22.1393700691332,-8.1315312821844,2
TCGA-AX-A1CF-01A,49.8184894238673,34.0884022407727,-13.5788694851974,2
TCGA-AX-A1CI-01A,42.7408798707427,24.6767831686144,-10.2171285427563,2
TCGA-AX-A1CJ-01A,41.3815951052353,31.0755738568379,-15.5440157314915,2
TCGA-AX-A1CK-01A,36.8469368069258,31.1916542310738,-7.08060938030548,2
TCGA-AX-A1CN-01A,20.7011479279698,26.2159274289938,1.32813493503168,2
TCGA-AX-A1CR-01A,32.3633796433673,32.4308372570531,-13.2334582744321,2
TCGA-AX-A2H2-01A,34.0492141992065,28.7727155458388,-10.4348805582522,2
TCGA-AX-A2H4-01A,44.0386073412418,-8.70937713283876,0.511451306280834,2
TCGA-AX-A2H5-01A,26.0084818035133,23.3724493966406,-0.424025942492753,2
TCGA-AX-A2H7-01A,19.5972212328983,16.3795759686214,-7.11650963721684,2
TCGA-AX-A2H8-01A,41.4112949764626,41.4914074286635,-20.4944368179461,2
TCGA-AX-A2HC-01A,25.8204802850564,17.3503683453079,1.73109549082502,2
TCGA-AX-A2HF-01A,50.193460890335,32.7126460179989,-6.80930193691674,2
TCGA-AX-A2HG-01A,49.9918057506394,29.5847759987581,-2.24512879946436,2
TCGA-AX-A2HH-01A,28.3815087875915,22.1304735284687,4.62102245443106,2
TCGA-AX-A2HK-01A,32.237074634876,28.5740806179883,-16.1963338062537,2
TCGA-AX-A2IN-01A,10.5879275220555,3.26650602368586,-1.59812498610028,2
TCGA-AX-A3FS-01A,21.2316873203467,9.45697664926952,0.622325362419762,2
TCGA-AX-A3FT-01A,44.6531506191023,29.8644372642048,-9.6289213686608,2
TCGA-AX-A3FV-01A,29.5627361751362,30.2267652985904,-9.73332672111201,2
TCGA-AX-A3FW-01A,38.3526791783295,28.2303487089596,-10.0873949253439,2
TCGA-AX-A3FX-01A,32.0970459051999,15.4836928900583,-12.5227730960887,2
TCGA-AX-A3FZ-01A,28.8523629896736,19.6467454623873,5.56860424212299,2
TCGA-AX-A3G1-01A,33.1812606506257,37.6170931525542,-18.6496179793292,2
TCGA-AX-A3G6-01A,23.6886326607879,14.9634211463812,9.01497525593061,2
TCGA-AX-A3G7-01A,33.150529969023,28.7384313929406,-12.0566071587043,2
TCGA-AX-A3G8-01A,17.5048254962286,15.4061151052336,0.646018883201792,2
TCGA-AX-A3G9-01A,23.8571263719153,9.03383937343847,4.78353106610281,2
TCGA-AX-A3GI-01A,29.2842864443655,24.5157600797452,-10.646306058611,2
TCGA-B5-A0JN-01A,24.2453330032906,10.0195359872313,8.10506159240231,2
TCGA-B5-A0JR-01A,24.2751041949531,17.7380263664854,-5.85844209775668,2
TCGA-B5-A0JS-01A,32.8393460620246,21.2437914206732,-9.46488027082113,2
TCGA-B5-A0JU-01B,7.50418695956553,-6.78203326349258,-5.8978925081342,2
TCGA-B5-A0JV-01A,21.2858616829096,10.6562909350282,5.72237121680724,2
TCGA-B5-A0JX-01A,22.9940980414809,17.2817825731681,-2.98834573328265,2
TCGA-B5-A0JZ-01A,20.5991295596719,12.5819393178766,4.85459967841011,2
TCGA-B5-A0K1-01A,33.057278197813,26.923013353668,-18.0276011243322,2
TCGA-B5-A0K3-01A,37.2180046330657,26.4325443778865,0.898676301717148,2
TCGA-B5-A0K4-01A,36.6681431176136,29.5231894807324,-14.9499065312547,2
TCGA-B5-A0K6-01A,45.5036328699552,36.7315938893954,-12.00970713658,2
TCGA-B5-A0K7-01A,32.8709130744683,18.7706006902239,3.03188160482499,2
TCGA-B5-A0K9-01A,10.4147976110002,8.65488698572332,1.96925658017709,2
TCGA-B5-A11E-01A,48.6414063357233,34.8377235674581,-2.85954986430066,2
TCGA-B5-A11F-01A,51.3478371883406,28.4781198491114,-7.08510269502982,2
TCGA-B5-A11G-01A,31.1736516294041,32.93717437106,-9.19308903690958,2
TCGA-B5-A11I-01A,27.4991448091983,18.1346508585529,-8.25421595756344,2
TCGA-B5-A11Q-01A,31.5539878590076,31.7258600213096,-7.52569673838576,2
TCGA-B5-A11R-01A,27.6599112810335,19.7102871291763,-11.3629528426386,2
TCGA-B5-A11S-01A,18.4588690458731,14.6700251479038,-1.24032434415544,2
TCGA-B5-A11V-01A,34.5619862154208,34.902781180455,-19.5162927693431,2
TCGA-B5-A11W-01A,34.5620169197161,26.5982899466848,-16.6943824852288,2
TCGA-B5-A11Z-01A,34.1898718618262,18.8966004725546,-4.86447253624885,2
TCGA-B5-A121-01A,7.40103466912137,-3.0180693575769,-5.60675914666379,2
TCGA-B5-A1MS-01B,26.8245906737998,15.9718729916887,6.54828505596489,2
TCGA-B5-A1MW-01A,36.2643169683728,27.8467542423735,-4.1799620840471,2
TCGA-B5-A1MX-01A,21.8540641203898,21.457121501171,-6.44200427341833,2
TCGA-B5-A1N2-01A,50.8128031624709,-12.2852681930881,0.286018707358413,2
TCGA-B5-A3F9-01A,25.7732340596176,17.2187562512423,-0.431138098212544,2
TCGA-B5-A3FD-01A,40.7157017388417,22.3385290008885,-11.4091696858378,2
TCGA-B5-A3S1-01A,30.817966513942,24.0579961058598,-13.1750864141106,2
TCGA-B5-A5OD-01A,28.6261356930574,10.1973088391145,2.29747364107764,2
TCGA-B5-A5OE-01A,49.6343532554486,34.0407321342403,-15.4170432361224,2
TCGA-BG-A0LW-01A,52.0716068641337,31.0771147011419,-8.75649640055244,2
TCGA-BG-A0M0-01A,39.7138767059697,28.4762084530728,-13.7251542490083,2
TCGA-BG-A0M2-01A,43.7656878140799,41.3489881552947,-20.1727885716664,2
TCGA-BG-A0M3-01A,28.8636244298932,30.4419144573037,-19.0340776425437,2
TCGA-BG-A0M6-01A,43.8436302888204,39.1929592160454,-23.8403917796508,2
TCGA-BG-A0M7-01A,46.3848139632712,-9.65317379579256,-5.84183192378308,2
TCGA-BG-A0M9-01A,34.1004167035746,34.9635447292982,-16.2212744836729,2
TCGA-BG-A0MA-01A,33.7719019791799,22.8983498554738,-4.7161136330408,2
TCGA-BG-A0MC-01A,44.6853767580697,38.7653198168073,-21.9115421494884,2
TCGA-BG-A0MG-01A,45.7588592644216,28.5163278614321,-16.1516272295073,2
TCGA-BG-A0MI-01A,42.8583660735688,-5.90591695167211,-0.216612357374387,2
TCGA-BG-A0MO-01A,31.4063524653825,24.7248573693915,-15.9533245974668,2
TCGA-BG-A0MQ-01A,37.9809859030429,18.3265171761483,-6.2411751942567,2
TCGA-BG-A0MS-01A,49.7321488770637,41.4155905885322,-17.9773774593749,2
TCGA-BG-A0MT-01A,12.2417744325539,13.9463408170662,-0.977730826539388,2
TCGA-BG-A0MU-01A,50.406752994869,-15.1432443686379,-3.07747632141484,2
TCGA-BG-A0VT-01A,17.7529130045204,12.4532352369333,3.35328463129768,2
TCGA-BG-A0VV-01A,33.8201636545645,27.3737133332591,-15.6355224780053,2
TCGA-BG-A0VW-01A,21.3346577951833,16.587366426655,-11.1496710908833,2
TCGA-BG-A0W1-01A,32.9290216372907,27.7691470669552,-13.0517801638471,2
TCGA-BG-A0W2-01A,37.0051006644952,24.4805013295579,-2.76411103288059,2
TCGA-BG-A0YU-01A,30.1967837036519,27.7427522342905,-14.8010762983371,2
TCGA-BG-A0YV-01A,36.8064581958572,22.2087065082842,-15.242079996116,2
TCGA-BG-A186-01A,3.92954459958822,-0.96232500353023,-4.17004835076168,2
TCGA-BG-A187-01A,42.5873896287259,39.7456822344161,-22.8214656699403,2
TCGA-BG-A18A-01A,47.8266542214372,-12.6012466753086,-4.91620036569454,2
TCGA-BG-A18B-01A,4.69325545650587,-4.35950089067862,-9.04197394020994,2
TCGA-BG-A18C-01A,40.2970689149122,38.6599207351664,-14.6723842378104,2
TCGA-BG-A220-01A,13.0917723272296,8.00169636238679,-4.43658838782997,2
TCGA-BG-A221-01A,48.5622899406138,39.0701926797461,-12.1672014357303,2
TCGA-BG-A2AD-01A,22.2480562769682,18.6289676102838,0.60025333190578,2
TCGA-BG-A2AE-01A,46.5447975446739,-8.17113135751157,-4.24889108885816,2
TCGA-BG-A2L7-01A,18.29834496599,6.08071710823882,8.62586158119356,2
TCGA-BK-A0C9-01A,39.6077963128497,38.4103581366552,-21.6565747768311,2
TCGA-BK-A0CA-01A,18.3324635409843,9.53461234334706,6.9515305142104,2
TCGA-BK-A0CA-01B,16.6597569615384,8.49225382573269,-0.22529040591575,2
TCGA-BK-A13C-01A,31.0972195843844,20.5332362753317,-11.8620369423302,2
TCGA-BS-A0T9-01A,50.6546466493169,33.4407790598741,-7.98951624343946,2
TCGA-BS-A0TA-01A,28.4198491274161,23.3143473737614,2.37684824300441,2
TCGA-BS-A0TC-01A,45.4033690257052,-6.73158903700914,1.25847009500423,2
TCGA-BS-A0TD-01A,56.6350859210247,30.8178549174218,-10.0723125704675,2
TCGA-BS-A0TE-01A,45.7376518186687,35.8754611779264,-15.8351729393233,2
TCGA-BS-A0TI-01A,37.3391872341346,20.2612866589155,-8.00143137908298,2
TCGA-BS-A0TJ-01A,22.9684602666258,25.1757033133751,-2.54058275322953,2
TCGA-BS-A0U5-01A,29.047158883828,26.5833592212711,-0.0755067218941138,2
TCGA-BS-A0U8-01A,35.6596633812714,22.3929961087612,-7.36037719869016,2
TCGA-BS-A0U9-01B,36.3875204534538,36.540782908918,-18.3426730816805,2
TCGA-BS-A0UF-01A,36.9056612855216,30.8822870974272,-14.2596735408984,2
TCGA-BS-A0UJ-01A,42.4237629746461,30.5252984441234,-14.7552591568586,2
TCGA-BS-A0UT-01A,25.639573683354,25.4756176637983,2.92028966643841,2
TCGA-BS-A0V4-01A,32.8982120791032,21.1596979531116,-9.1002536473719,2
TCGA-BS-A0V6-01A,15.3359498309285,6.88060075554022,-0.35119080610113,2
TCGA-BS-A0V7-01A,23.5041941033134,12.898081843456,-0.680911075173122,2
TCGA-BS-A0V8-01A,22.0134124445991,12.3529780142424,5.85643237579884,2
TCGA-BS-A0VI-01A,29.272513031018,19.1503020097474,2.33562356589322,2
TCGA-BS-A0WQ-01A,35.1581324278959,25.0763816631138,-7.01063950476851,2
TCGA-D1-A0ZP-01A,50.8698672635214,36.5839523334454,-11.9011508226077,2
TCGA-D1-A0ZR-01A,37.2307903018776,21.3175394006436,-19.0240483003305,2
TCGA-D1-A0ZS-01A,21.378177957769,15.6292313368628,7.9409060664535,2
TCGA-D1-A0ZZ-01A,37.5004940033664,32.6733254341349,-18.1474170070261,2
TCGA-D1-A15X-01A,51.9083886873762,-17.3974842820523,0.136753413204085,2
TCGA-D1-A160-01A,36.7952810745372,15.5999514585507,-5.91882602903851,2
TCGA-D1-A161-01A,36.2068516766215,21.5671948090643,-9.11507097484363,2
TCGA-D1-A162-01A,38.1353390978183,27.8754956243681,-18.0591154242316,2
TCGA-D1-A167-01A,22.4197388331705,9.13504376819881,3.37684802948163,2
TCGA-D1-A168-01A,55.5327504912367,34.6153096788618,-14.4674092843,2
TCGA-D1-A169-01A,46.661937114951,40.3159357880777,-14.8737151624933,2
TCGA-D1-A16G-01A,47.7403164024453,31.3317429149245,-6.66362083262854,2
TCGA-D1-A16I-01A,40.2662270785425,31.0930649243385,-17.1555393317154,2
TCGA-D1-A16N-01A,36.7550615312256,29.9912876343573,-15.3399742956935,2
TCGA-D1-A16O-01A,37.9969882909811,38.0190303718697,-18.4799893867873,2
TCGA-D1-A16Q-01A,45.0877711218269,35.4158529594502,-7.09215848402703,2
TCGA-D1-A16R-01A,50.5415050124756,-8.30217491937167,-1.30368278362793,2
TCGA-D1-A16S-01A,41.4200989722524,33.0069553834858,-15.6591310559762,2
TCGA-D1-A16X-01A,43.3718702485063,33.9461500235281,-23.9177764775073,2
TCGA-D1-A16Y-01A,36.3300193043953,36.9011546697488,-19.1778614156668,2
TCGA-D1-A174-01A,43.3294362769985,41.3944234918476,-16.4661403376919,2
TCGA-D1-A175-01A,12.1670755788998,-5.04462538931322,-8.13061718554567,2
TCGA-D1-A177-01A,51.4608506227016,27.9404848739994,-9.71986228550687,2
TCGA-D1-A179-01A,40.4021234747076,36.3628586920467,-24.3024874731726,2
TCGA-D1-A17B-01A,46.1147536207949,-10.9876994281657,-2.57150241441294,2
TCGA-D1-A17C-01A,51.1980178009118,-14.7163266654521,-6.6312868665155,2
TCGA-D1-A17D-01A,39.8312809897633,38.7640895393892,-22.5808071730033,2
TCGA-D1-A17F-01A,38.7580418024629,24.3682244339687,-6.28503632033947,2
TCGA-D1-A17K-01A,43.401686331789,31.2525308196151,-12.3578206301378,2
TCGA-D1-A17N-01A,45.6989116546478,37.6718088063531,-14.3942299128095,2
TCGA-D1-A17R-01A,49.058770811075,-12.4684322308221,-6.49641057542987,2
TCGA-D1-A17S-01A,38.8240676690499,30.837540714079,-9.86844482574861,2
TCGA-D1-A17T-01A,40.4753046719907,32.5668096874771,-7.62586132818281,2
TCGA-D1-A1NU-01A,47.3755109904919,36.7896475510965,-23.5720285039998,2
TCGA-D1-A1NW-01A,39.7037058477342,28.5946910790786,-16.3965248131068,2
TCGA-D1-A1NX-01A,35.3785082909959,26.525356616717,-11.4672318820533,2
TCGA-D1-A1NZ-01A,17.47360202841,4.65330740321532,6.05928572985044,2
TCGA-D1-A1O0-01A,35.2217459291641,35.803674721404,-16.940088581937,2
TCGA-D1-A1O5-01A,31.8196587587892,29.0349485608181,-5.86835284443836,2
TCGA-D1-A1O7-01A,11.1201486780984,8.21891469552117,5.94906927447294,2
TCGA-D1-A1O8-01A,55.7116106060784,35.6961158891877,-1.8339445957051,2
TCGA-D1-A2G0-01A,42.0523879379499,28.4361054830926,-19.2873689819684,2
TCGA-D1-A2G5-01A,38.0846215930839,28.5088129745265,-15.8469196977151,2
TCGA-D1-A2G6-01A,13.6376745549619,6.61237646070649,3.08040473827291,2
TCGA-D1-A3DG-01A,18.5213570390753,14.1532738667082,0.303850976926998,2
TCGA-D1-A3JP-01A,54.3358299854567,33.9103461628649,-19.4676984902767,2
TCGA-D1-A3JQ-01A,11.7346961238865,-4.42440918856002,-5.0477053625512,2
TCGA-DF-A2KR-01A,38.3762176769522,28.3775686689499,-9.7287007717107,2
TCGA-DF-A2KS-01A,44.1290763965864,-7.17922415000057,-4.82685362462216,2
TCGA-DF-A2KU-01A,32.2668365909528,18.0715628762469,-8.75149192696884,2
TCGA-DF-A2KV-01A,30.5461860195714,26.0067429028161,-0.0882397928701462,2
TCGA-DF-A2KY-01A,29.2975541171334,9.80176953960538,2.59191447875967,2
TCGA-DF-A2L0-01A,29.3342052106909,14.7894361523401,-1.43243893850092,2
TCGA-DI-A0WH-01A,46.9860538895683,28.5591361004368,-10.014871959453,2
TCGA-DI-A1BU-01A,21.7702210029371,16.800564837425,9.57915196851092,2
TCGA-DI-A1BY-01A,33.9869998048283,27.4068461792835,-12.5766433489335,2
TCGA-DI-A1NN-01A,33.0273606398581,21.8595368634772,-11.0244186218047,2
TCGA-DI-A1NO-01A,32.5220065548051,23.9575254591225,-8.34420975663311,2
TCGA-DI-A2QT-01A,47.5923544459457,35.4764994874282,-7.71067294477184,2
TCGA-DI-A2QU-01A,50.1335610172407,31.8362740398892,-14.0995032906156,2
TCGA-E6-A1LX-01A,49.0577593083672,26.1509146482426,-9.9122290936988,2
TCGA-E6-A1LZ-01A,42.2907327926115,37.3275521845259,-13.9123751214098,2
TCGA-E6-A1M0-01A,35.0183045260478,29.4277892330008,-5.37383867900652,2
TCGA-E6-A2P8-01A,13.4675619853912,13.5138886632806,3.72459824232152,2
TCGA-E6-A2P9-01A,20.3407968783086,15.1707607209847,4.84120920214534,2
TCGA-E6-A8L9-01A,22.6400749757731,12.4256634711344,2.22886756009399,2
TCGA-EC-A1QX-01A,41.0247570954681,32.2084996614234,-11.4241006873459,2
TCGA-EO-A1Y5-01A,27.8878926940058,19.8097239858298,2.45037656795204,2
TCGA-EO-A1Y7-01A,32.1350899065419,26.6068544133566,-11.3389157780064,2
TCGA-EO-A1Y8-01A,49.8912745309977,28.738035237585,-4.22079764842166,2
TCGA-EO-A22S-01A,13.1134642520342,9.03155959922605,-3.24966376528324,2
TCGA-EO-A22U-01A,27.2295042225536,17.7806297610213,-3.41713108754048,2
TCGA-EO-A22Y-01A,24.6736761091177,21.4247857574001,-7.07636351441574,2
TCGA-EO-A2CG-01A,51.7076218299297,29.8921393545291,-12.8299856403671,2
TCGA-EO-A2CH-01A,31.9922282393722,15.9543561277195,-7.20557696570985,2
TCGA-EO-A3AZ-01A,18.714352177252,18.5499171313472,9.51653199141323,2
TCGA-EO-A3B0-01A,9.62787274041568,-0.0610827171132986,-8.23079194760602,2
TCGA-EO-A3KU-01A,53.0051938962668,36.9252407793476,-12.0555644090804,2
TCGA-EO-A3KW-01A,23.6298319255733,10.5706064401658,1.57834287074287,2
TCGA-EO-A3KX-01A,18.9026460569654,10.4058275495319,-0.0719624150836363,2
TCGA-EO-A3L0-01A,10.9511303375592,5.17629622546971,-0.31351888582149,2
TCGA-EY-A1G8-01A,39.5765087426865,15.7037454581304,-9.89703692555979,2
TCGA-EY-A1GC-01A,34.9921965286956,27.3895455513951,-14.59096693444,2
TCGA-EY-A1GE-01A,43.8439579777891,40.8868210496224,-19.8317706762292,2
TCGA-EY-A1GF-01A,14.732003080506,12.6567527370469,-3.87490204692843,2
TCGA-EY-A1GK-01A,23.0805982371308,9.55639674754561,-2.23553644749205,2
TCGA-EY-A1GM-01A,46.6602204364946,-10.2596339235781,-6.23981328128669,2
TCGA-EY-A1GO-01A,37.3046291619967,29.5745506174412,-15.4851278568785,2
TCGA-EY-A1GP-01A,29.622969906483,28.6013590472668,-4.06345108574771,2
TCGA-EY-A1GS-01A,48.7355650291113,36.3915262991236,-16.6683410846571,2
TCGA-EY-A1GT-01A,45.1083662130039,-9.9392415549373,-0.394200214515153,2
TCGA-EY-A1GV-01A,56.255407174806,28.8384408495905,-5.56906152423568,2
TCGA-EY-A1GX-01A,39.9611666281715,35.7202387150093,-17.6841219087828,2
TCGA-EY-A1H0-01A,46.0769941738879,30.5924644555355,-11.6515803378257,2
TCGA-EY-A210-01A,41.1124991594065,13.8494507472733,-7.41979677585228,2
TCGA-EY-A212-01A,43.8892942925343,40.9348235596101,-22.1199270789487,2
TCGA-EY-A214-01A,48.499118714122,-8.25984463951711,-1.2338206038548,2
TCGA-EY-A215-01A,7.88707890446141,-7.3579255269056,-2.0999279624398,2
TCGA-EY-A2ON-01A,45.3940414932671,-3.45769346007735,-3.14841936883454,2
TCGA-EY-A2OP-01A,20.9151539434928,26.0712990711718,-0.039882901658756,2
TCGA-EY-A2OQ-01A,39.9501492694828,28.0525352730201,-10.1894305767053,2
TCGA-EY-A3L3-01A,27.7530660047507,19.9670727521774,-5.13590275745989,2
TCGA-EY-A3QX-01A,34.5583506429329,30.2259913397866,-12.5945286985139,2
TCGA-EY-A548-01A,22.9120530043725,9.9952413173078,1.97600463193038,2
TCGA-EY-A5W2-01A,15.583745014634,5.65559735146014,5.22075378270391,2
TCGA-EY-A72D-01A,42.6532568351253,-8.01968172376083,2.57794810695346,2
TCGA-FI-A2CY-01A,56.4334013533467,32.274197956939,-7.09240828001383,2
TCGA-FI-A2D2-01A,27.1971870223583,21.9582659232226,-3.04021033633169,2
TCGA-FI-A2D4-01A,37.3138662044397,35.8163537264072,-22.705109761828,2
TCGA-FI-A2D5-01A,23.5667071625309,15.7472341969836,1.30149328456712,2
TCGA-FI-A2EU-01A,37.6986675252075,36.9627903801012,-23.7925842269347,2
TCGA-FI-A2EW-01A,52.6188777552735,28.1210140133971,-11.4164815621851,2
TCGA-FI-A2EX-01A,49.2694095526785,31.1504674113067,-14.0725408026084,2
TCGA-FI-A2EY-01A,39.0835485581955,32.880138716094,-12.9452279387449,2
TCGA-FI-A2F4-01A,23.9287472397858,18.5169505365514,-5.86617835200143,2
TCGA-FI-A2F9-01A,27.8481423285961,16.5757956048445,-5.24099675473458,2
TCGA-H5-A2HR-01A,22.8555678793404,15.4875049170308,5.78314236480011,2
TCGA-JU-AAVI-01A,50.7551580280864,33.6415244896457,-16.0777370692129,2
TCGA-KJ-A3U4-01A,47.3297333658097,-6.07209773540915,2.30210771225324,2
TCGA-KP-A3VZ-01A,29.7339356287684,27.9980792384411,-13.5430914925803,2
TCGA-KP-A3W1-01A,51.8422652874322,35.346734280692,-19.379104493801,2
TCGA-KP-A3W3-01A,23.5686673764726,12.2346882586141,5.82516616467747,2
TCGA-PG-A6IB-01A,14.8528646854173,13.364597662719,2.66113646021904,2
TCGA-PG-A7D5-01A,42.449188028862,33.9857175467923,-23.6112534850938,2
TCGA-PG-A914-01A,41.6369402422583,28.3472694267979,-13.7798994652952,2
TCGA-PG-A915-01A,6.78450426616622,-7.14148553973049,-6.58968893567608,2
TCGA-PG-A916-01A,24.2186495029915,17.2956925625563,-1.0767587080431,2
TCGA-PG-A917-01A,26.0213296383608,18.226485516314,2.98772172100508,2
TCGA-QF-A5YS-01A,20.0741783321944,8.17569830518107,-2.74803721534125,2
TCGA-QF-A5YT-01A,18.0790362758638,11.1040660492462,3.84549232028785,2
TCGA-QS-A5YQ-01A,29.0606644678198,22.633375783514,-10.0564807958707,2
TCGA-QS-A5YR-01A,14.3998139334019,9.97478110300813,4.52280856654566,2
TCGA-QS-A8F1-01A,19.3916957584569,13.0088851814445,-1.28848440219997,2
TCGA-SJ-A6ZJ-01A,31.3791342005432,20.4624571164974,-11.1032059525513,2
TCGA-SL-A6J9-01A,26.6168599435443,21.8784103920597,-5.37214347588154,2
TCGA-SL-A6JA-01A,15.9670804486887,4.25674555853759,3.20967505940843,2
