Sample,X,Y,Z,Cluster
TCGA-4E-A92E-01A,-151.815956300398,-1.40142738044217,-3.91198595562231,1
TCGA-5B-A90C-01A,-144.76062582041,9.8323954857592,-18.8108501823647,1
TCGA-A5-A0G1-01A,-133.927274283546,0.675361076832387,0.814915980407029,1
TCGA-A5-A0G3-01A,-151.410336378951,0.466564172753655,1.89547110546212,1
TCGA-A5-A0G5-01A,-137.992188199607,-1.21215638795484,-2.68935146499119,1
TCGA-A5-A0G9-01A,-145.957138667781,-6.31573677560179,-0.560629405408795,1
TCGA-A5-A0GA-01A,-153.248002573562,2.22591772114833,-0.596028051870157,1
TCGA-A5-A0GB-01A,-153.329071438162,-1.52150923372856,-0.425743178479477,1
TCGA-A5-A0GD-01A,-136.888399360291,-11.3707588583407,-0.101585360408232,1
TCGA-A5-A0GH-01A,-142.668396045532,1.34586249970351,-8.73645050619182,1
TCGA-A5-A0GI-01A,-148.077973049438,4.10491203091528,-10.1445746098976,1
TCGA-A5-A0GJ-01A,-144.573934694586,3.22803137149142,5.36654139560373,1
TCGA-A5-A0GM-01A,-149.796014534229,-0.0242180035742864,-7.68070270812215,1
TCGA-A5-A0GP-01A,-154.30537874462,13.1481978261245,-15.2712377577506,1
TCGA-A5-A0GU-01A,-146.899187657059,-6.27695537633737,-5.50820390632422,1
TCGA-A5-A0GW-01A,-138.231569508962,3.53676163208952,-11.6213984621978,1
TCGA-A5-A0GX-01A,-145.058265889318,-8.43660937104505,-5.69551082590444,1
TCGA-A5-A0R6-01A,-149.700664811569,10.051338029588,-4.69944809256113,1
TCGA-A5-A0R7-01A,-140.543154078695,8.235484548302,-15.231678345895,1
TCGA-A5-A0R9-01A,-144.608476114824,-13.8607054814778,5.11521478647107,1
TCGA-A5-A0VO-01A,-148.819101009291,-10.6084110947133,-8.42498150070039,1
TCGA-A5-A0VQ-01A,-150.456159434796,2.24539045017487,4.27691675510113,1
TCGA-A5-A1OF-01A,-136.831256210821,15.7895417566232,-5.23179451281573,1
TCGA-A5-A2K3-01A,-146.750615559616,24.8305094192687,-10.7598378367572,1
TCGA-A5-A2K5-01A,-151.588207401675,6.4405587990164,-16.9774606801371,1
TCGA-A5-A2K7-01A,-153.468716169238,15.9558364783969,-4.69832887036713,1
TCGA-A5-A3LO-01A,-141.042960504758,25.6843697637384,-13.4502795693858,1
TCGA-A5-A3LP-01A,-138.139192127064,0.99019804602097,-16.2871792424578,1
TCGA-A5-A7WK-01A,-153.071113834516,8.17572772360391,-13.3639846161903,1
TCGA-AJ-A23M-01A,-131.999981626483,6.45232157883815,-13.7076918508824,1
TCGA-AJ-A23N-01A,-138.935615966453,-4.86621942216257,-3.2010030839846,1
TCGA-AJ-A2QM-01A,-155.852423507133,-5.8296373593787,-10.8021544953949,1
TCGA-AJ-A3BF-01A,-134.117375461024,10.2820418703241,-19.0614379695661,1
TCGA-AJ-A3BG-01A,-148.118626537147,-3.11789274580061,-10.2351455248749,1
TCGA-AJ-A3BK-01A,-148.381757436276,7.68898645814604,-5.40915326984969,1
TCGA-AJ-A3EJ-01A,-144.071959158697,3.88981704123347,-11.9603177531457,1
TCGA-AJ-A3EL-01A,-152.691841654525,6.51700709813793,-3.89086250287608,1
TCGA-AJ-A3EM-01A,-147.892918418201,-5.11316989475704,-5.17010714590695,1
TCGA-AJ-A3IA-01A,-141.649453266951,5.36478644322601,-10.1760503876758,1
TCGA-AJ-A3NF-01A,-142.475017574899,12.1691481817907,-11.0691649592234,1
TCGA-AJ-A3OJ-01A,-138.764950812726,19.3446949532217,-19.4635940605973,1
TCGA-AJ-A3TW-01A,-135.407942472104,20.3544856495491,-11.1133467279285,1
TCGA-AP-A052-01A,-144.717443010446,11.933210442182,-6.7026307704241,1
TCGA-AP-A053-01A,-146.996016234935,13.0054957311127,-9.60583976415751,1
TCGA-AP-A056-01A,-143.98091406799,-12.4072668522026,2.89365804823944,1
TCGA-AP-A059-01A,-143.98268836794,-1.20602340251897,-12.464623297603,1
TCGA-AP-A05D-01A,-151.280337154328,-3.11891386521992,-2.0495321476119,1
TCGA-AP-A05H-01A,-149.925866256325,-5.60344414378268,-6.91004333475813,1
TCGA-AP-A05J-01A,-153.310887862099,1.62627725963706,-5.4418289877489,1
TCGA-AP-A05N-01A,-136.322893073261,-3.03760306359357,-9.65088106291414,1
TCGA-AP-A05P-01A,-138.087657541609,-0.103959850910004,-2.89274508300291,1
TCGA-AP-A0L8-01A,-144.153482648896,3.561545379933,-7.09431807150333,1
TCGA-AP-A0LD-01A,-146.643101464975,-1.75919556591421,-3.84480180308093,1
TCGA-AP-A0LE-01A,-152.928743628211,3.55760038559236,-14.3366515649197,1
TCGA-AP-A0LF-01A,-148.743653597751,7.2523676194444,-12.0612726804286,1
TCGA-AP-A0LG-01A,-146.821003887372,-0.704304612403433,-7.84732655662539,1
TCGA-AP-A0LJ-01A,-135.922858810434,-5.70746630804534,-5.27641996005807,1
TCGA-AP-A0LM-01A,-145.419363176079,-1.54028823454074,-2.36553171649465,1
TCGA-AP-A0LN-01A,-144.018607496659,-10.9023956248762,-13.452214102272,1
TCGA-AP-A0LO-01A,-147.899312889159,8.50263938733753,-4.08084615487343,1
TCGA-AP-A0LP-01A,-146.743066059382,0.262051015558629,4.65716411487218,1
TCGA-AP-A0LT-01A,-155.448083026278,-1.98923110879233,-5.86843090336952,1
TCGA-AP-A0LV-01A,-148.098117166033,-4.43904530784089,-1.74547483792735,1
TCGA-AP-A1DH-01A,-147.161260449629,12.0077775330525,-14.1494923803959,1
TCGA-AP-A1DM-01A,-152.196331928004,-4.35834678595613,7.07601960157642,1
TCGA-AP-A1DQ-01A,-145.282823069689,-2.78551588318614,-13.992909556494,1
TCGA-AP-A1DR-01A,-136.88685443457,-3.74643136903166,-8.89600988554293,1
TCGA-AP-A1E0-01A,-141.023786197342,-8.02087505587631,3.0062689003968,1
TCGA-AP-A1E4-01A,-153.679791198429,2.76641634827098,2.20324891030166,1
TCGA-AP-A3K1-01A,-151.678938850012,11.733310055263,-10.3558068351426,1
TCGA-AW-A1PO-01A,-135.184270311855,1.02413129836627,-10.913596812231,1
TCGA-AX-A05S-01A,-153.996728743882,5.34265673936224,-6.88344727124311,1
TCGA-AX-A05T-01A,-146.672477545121,-12.5842195669989,-11.6696545296375,1
TCGA-AX-A05U-01A,-144.507210387727,-5.12793190166732,-8.23391924206253,1
TCGA-AX-A05Y-01A,-147.117999959286,-2.81659785505096,-10.2341854608685,1
TCGA-AX-A05Z-01A,-153.820405191134,3.02118539056039,-0.221498817425432,1
TCGA-AX-A060-01A,-154.763622385647,-12.0049202123636,-4.44126741072139,1
TCGA-AX-A06F-01A,-146.36650338299,-2.14997214515298,-2.74089054821855,1
TCGA-AX-A06J-01A,-144.443729232187,-15.1447302358214,6.01320204426113,1
TCGA-AX-A0IZ-01A,-137.166560646174,-0.724710334143066,-3.23313945676482,1
TCGA-AX-A0J0-01A,-155.090176966105,-8.44927631660705,1.91742899996054,1
TCGA-AX-A1C4-01A,-142.497687634696,-9.93383322832302,-3.5571137070249,1
TCGA-AX-A1C5-01A,-148.139224589247,-6.27888986745886,2.49446882467545,1
TCGA-AX-A1CA-01A,-153.808621893928,0.647911580315461,-14.4407338384485,1
TCGA-AX-A1CJ-01A,-151.935366063038,0.0506566535998779,-4.19117342406308,1
TCGA-AX-A1CP-01A,-150.072347650681,5.19642969711276,1.80383142284444,1
TCGA-AX-A2H4-01A,-141.731591443914,-1.56949208483615,-9.61834097764063,1
TCGA-AX-A2H5-01A,-138.194892585772,-1.4235307203489,-3.01426088705372,1
TCGA-AX-A2HC-01A,-127.738475139133,7.61484648033968,-18.2376635384033,1
TCGA-AX-A2HG-01A,-148.341947525249,-1.42017381517451,-11.2943306317009,1
TCGA-AX-A3FS-01A,-147.85503323403,15.7381850896798,-16.886275695691,1
TCGA-AX-A3G3-01A,-151.779932544547,-1.4670806651116,-3.14011358287459,1
TCGA-AX-A3G4-01A,-151.931930470964,4.28036012623745,-6.50498759172695,1
TCGA-AX-A3G7-01A,-133.881664991906,10.1753272788702,-15.3521827062012,1
TCGA-AX-A3GI-01A,-140.559276372164,12.5255996950178,-16.2394071239194,1
TCGA-B5-A0JN-01A,-150.928792446718,-0.444621579681826,-14.9893846499841,1
TCGA-B5-A0JU-01B,-156.02473750835,-2.66246928847617,-5.80372306821004,1
TCGA-B5-A0JV-01A,-151.726966447333,-10.5078337558388,3.80245054942474,1
TCGA-B5-A0JX-01A,-154.12323376447,0.712098656851068,2.92318499279674,1
TCGA-B5-A0JY-01A,-136.277710973161,-5.93852849818122,-1.27541456244036,1
TCGA-B5-A0K1-01A,-146.594887636339,-18.307877943338,-1.17939168856985,1
TCGA-B5-A0K3-01A,-145.74994201386,-2.65074010480632,-12.1202500226918,1
TCGA-B5-A0K4-01A,-147.694517530034,-2.01469542719873,-5.41259983239602,1
TCGA-B5-A0K6-01A,-150.149746141568,-6.52030913503812,1.2931525780362,1
TCGA-B5-A0K8-01A,-141.901125812236,7.22299558649633,-11.4267817389371,1
TCGA-B5-A0KB-01B,-142.983523949762,-3.26064878724577,-2.61757215246512,1
TCGA-B5-A11F-01A,-148.610317610266,-10.9933204350962,-3.91252182137199,1
TCGA-B5-A11P-01B,-155.208309503367,-0.266013966765026,8.14679947437825,1
TCGA-B5-A11U-01A,-140.801263630828,3.15652826138935,-5.61812371787992,1
TCGA-B5-A1MR-01A,-147.244297846261,3.24386681214602,-15.3277232524205,1
TCGA-B5-A1MU-01A,-155.027488920788,0.0831293645490103,-9.63179549669934,1
TCGA-B5-A1MV-01A,-140.593451113972,-7.81202981257815,-6.06770321187682,1
TCGA-B5-A1MW-01A,-154.949453052635,-13.406090207987,-5.52115490680539,1
TCGA-B5-A1MX-01A,-146.813546381607,10.8869297620363,-7.70684360053478,1
TCGA-B5-A3F9-01A,-144.517230776348,-13.0482962955698,-0.443085092853758,1
TCGA-BG-A0LW-01A,-141.139878217494,-12.8096785181841,-0.212549283977654,1
TCGA-BG-A0M0-01A,-154.353404017453,-2.13885257691044,9.45488860077525,1
TCGA-BG-A0M3-01A,-148.599663260508,6.4030446499262,-8.55561391544044,1
TCGA-BG-A0M4-01A,-145.008159091033,-13.3523851479069,5.34750422791112,1
TCGA-BG-A0M7-01A,-146.468825064782,-3.90883511069594,-4.66428159714299,1
TCGA-BG-A0M8-01A,-132.073144040278,2.17717065712965,-7.20678103143552,1
TCGA-BG-A0MA-01A,-155.995179044536,-5.00608340031968,1.84985696026134,1
TCGA-BG-A0MG-01A,-151.962451547587,-5.91532665301566,-1.64960663322612,1
TCGA-BG-A0MI-01A,-143.63402568443,-1.72929736975411,-4.20478783064292,1
TCGA-BG-A0MO-01A,-144.538205640989,-11.3074549688032,-7.31039324964134,1
TCGA-BG-A0MS-01A,-152.34689167972,-2.70560667890206,-2.74572980683631,1
TCGA-BG-A0VT-01A,-137.917881605609,2.73291405481405,-3.84345148474994,1
TCGA-BG-A0VX-01A,-142.539472937035,-7.33023835195463,-13.2116422738412,1
TCGA-BG-A0W2-01A,-141.288745627178,-10.3628133592225,5.2738073722341,1
TCGA-BG-A0YV-01A,-154.135482158397,5.32679136367734,-3.59647777843637,1
TCGA-BG-A187-01A,-144.246107664417,-10.9124729254035,-11.1905286889366,1
TCGA-BG-A18A-01A,-148.536766705718,-12.4345362268262,-7.19640991280008,1
TCGA-BG-A18C-01A,-140.908798032421,-8.74406285569954,-7.48437435556861,1
TCGA-BG-A220-01A,-153.446173233456,4.62164553220036,-3.18737315603088,1
TCGA-BG-A221-01A,-142.847944917029,-11.102532206705,-1.01492726890984,1
TCGA-BG-A2AD-01A,-139.281019873128,-2.6991027541519,-3.84550804318872,1
TCGA-BG-A2L7-01A,-139.313223106721,0.837448637800209,4.2429314990755,1
TCGA-BG-A3EW-01A,-141.183063469313,-1.31529840346372,-2.05416430776945,1
TCGA-BK-A0C9-01A,-148.926047611195,-4.22720841001585,5.48574197964563,1
TCGA-BK-A0CB-01A,-149.536247561378,1.91402198997815,-13.0436025846295,1
TCGA-BS-A0T9-01A,-150.60123796531,-1.24213511692317,-11.6028579509551,1
TCGA-BS-A0TA-01A,-140.754390952264,0.91616878491429,3.32588213184037,1
TCGA-BS-A0TC-01A,-142.295185233678,-10.0546427208516,0.862863874940095,1
TCGA-BS-A0TD-01A,-142.209240044641,-17.6135536696604,3.55526014737649,1
TCGA-BS-A0TG-01A,-134.560423153891,-13.8633448082897,-3.38050691286381,1
TCGA-BS-A0TJ-01A,-145.311014287099,-9.77062816908742,-12.6278095737734,1
TCGA-BS-A0U5-01A,-134.133524889078,-16.5895443571924,-7.14604272593135,1
TCGA-BS-A0U8-01A,-150.243862832878,8.26862192233211,-12.0523705233862,1
TCGA-BS-A0UA-01A,-139.326836900364,-9.44896219234768,2.06203430625051,1
TCGA-BS-A0UJ-01A,-149.27559004849,-12.1394846516883,-3.92640799349343,1
TCGA-BS-A0VI-01A,-151.455792928259,-0.329379694248437,-5.41115223297775,1
TCGA-BS-A0WQ-01A,-143.610640454977,-1.1319324451449,-1.08253910746422,1
TCGA-D1-A0ZS-01A,-151.375847842693,-12.0711157094472,-6.27010751731106,1
TCGA-D1-A0ZU-01A,-144.631247487113,0.721924992009039,-9.2419894164085,1
TCGA-D1-A0ZV-01A,-151.314211458737,-0.422523148688796,5.72812725232181,1
TCGA-D1-A101-01A,-145.69418395073,-6.40676054763252,1.19453081917867,1
TCGA-D1-A103-01A,-134.331707562615,-3.31960869913389,-1.88168675493861,1
TCGA-D1-A15V-01A,-151.059663356243,3.00946133483936,-8.6342324988704,1
TCGA-D1-A15X-01A,-131.911154204706,-7.23237159294676,-3.57969908224854,1
TCGA-D1-A15Z-01A,-137.582425987677,-4.3692779784363,-5.1919656037152,1
TCGA-D1-A163-01A,-139.908923814714,-1.56926651665797,-1.24132214576106,1
TCGA-D1-A167-01A,-151.757991512697,-0.129659432804094,-5.00996979169073,1
TCGA-D1-A168-01A,-142.895383866238,0.740074135282377,0.502505137703271,1
TCGA-D1-A169-01A,-140.364209229708,-1.99080519731417,-3.77454300484714,1
TCGA-D1-A16B-01A,-141.026079990076,-13.7507320351323,-2.05610860621276,1
TCGA-D1-A16F-01A,-141.338181168245,-5.1409279868722,6.93334966399115,1
TCGA-D1-A16G-01A,-141.006826971568,3.16961252498221,-8.69436301394187,1
TCGA-D1-A16J-01A,-148.170840019232,6.54346471635789,-13.7117884008693,1
TCGA-D1-A16N-01A,-141.87393838042,-3.76364381610588,-6.68899507641094,1
TCGA-D1-A16Q-01A,-146.177130524801,5.76558989758351,-2.96617022047257,1
TCGA-D1-A16R-01A,-154.162037732114,-2.53580166518863,-11.0671135913884,1
TCGA-D1-A16S-01A,-152.572475210941,12.3432689147759,-6.85910880171728,1
TCGA-D1-A16V-01A,-148.560618300144,-10.8218402920941,-10.4622178711054,1
TCGA-D1-A16X-01A,-148.153613887915,-3.20238615432753,0.486459024488864,1
TCGA-D1-A16Y-01A,-146.508953244315,2.96869559451162,-1.9977650574936,1
TCGA-D1-A174-01A,-153.011803260468,-0.882371867258313,-6.3165958984765,1
TCGA-D1-A175-01A,-147.651318106753,-8.3847876378203,3.1262701611213,1
TCGA-D1-A176-01A,-150.536205037354,-3.01866661075505,8.06608297574894,1
TCGA-D1-A179-01A,-150.294694267864,11.8551911576447,-9.28514727121563,1
TCGA-D1-A17B-01A,-144.19766083337,-6.3114612665584,-5.57096771833283,1
TCGA-D1-A17C-01A,-148.476380560371,-6.62379870364105,-11.4794505962049,1
TCGA-D1-A17D-01A,-149.881030828095,-3.16387715645505,-4.73455302253497,1
TCGA-D1-A17F-01A,-141.27780610649,-17.0841388077495,-5.04523211633652,1
TCGA-D1-A17H-01A,-146.21020458657,-4.67499862875095,3.10348192578296,1
TCGA-D1-A17M-01A,-145.141238673803,-9.51028170171377,-1.12755759646536,1
TCGA-D1-A17N-01A,-139.873358260961,-2.0566782522757,-12.4399391530784,1
TCGA-D1-A17R-01A,-147.935704529172,-8.10000438146993,-4.97704256033244,1
TCGA-D1-A17T-01A,-152.681955731404,-4.74884857077612,-5.07210436712181,1
TCGA-D1-A1NX-01A,-151.625308960508,-2.33912379590993,-16.8173687071121,1
TCGA-D1-A1NY-01A,-152.597537460285,-9.77408645481917,-9.16289864101502,1
TCGA-D1-A1O0-01A,-146.76088472898,6.80343099415339,1.86406088597048,1
TCGA-D1-A1O8-01A,-136.52327152761,-1.26762985296825,-12.3685385964566,1
TCGA-D1-A2G6-01A,-149.249173684073,-3.57585012481121,5.20584567398442,1
TCGA-D1-A2G7-01A,-138.814140108904,11.1106902016674,-16.8871244091075,1
TCGA-D1-A3DH-01A,-153.667340675351,10.7081947309872,-8.66364120567375,1
TCGA-D1-A3JQ-01A,-138.690619283198,22.1998769756802,-16.154216237856,1
TCGA-DF-A2KN-01A,-139.260018933241,23.7290692408546,-18.1179910436424,1
TCGA-DF-A2KR-01A,-139.662370524378,7.25100683675744,-9.68871534610972,1
TCGA-DF-A2KV-01A,-144.690986750687,17.1467137756405,-6.63113115316515,1
TCGA-DF-A2KY-01A,-155.84818819247,10.8000428932054,-8.00260816862703,1
TCGA-DF-A2KZ-01A,-139.666940419746,-11.9507649961508,4.20618028452458,1
TCGA-DF-A2L0-01A,-152.293692881971,8.45742564145828,-17.3723009795155,1
TCGA-DI-A0WH-01A,-149.866172563787,7.14752542348898,-3.7357932815533,1
TCGA-DI-A1BY-01A,-155.505350974428,-2.46531747586344,-4.85298717932152,1
TCGA-DI-A2QU-01A,-143.761043049878,-1.46656826890139,-14.3370091798063,1
TCGA-DI-A2QY-01A,-153.610295537701,-1.4038408229226,10.1691565306478,1
TCGA-E6-A1LX-01A,-150.100835545319,6.67595020540174,-4.96634761480595,1
TCGA-E6-A1M0-01A,-156.000827555154,1.28507866609924,-8.90475193759487,1
TCGA-EO-A1Y5-01A,-139.827774884356,10.3505900815571,-15.387124934173,1
TCGA-EO-A1Y8-01A,-141.610456010643,4.7336146416764,-5.15099942614689,1
TCGA-EO-A22S-01A,-154.470862735107,13.9896167476313,-14.9293477764658,1
TCGA-EO-A22X-01A,-135.430558581919,21.3668562474529,-13.4008371878214,1
TCGA-EO-A2CG-01A,-148.006392684798,-7.951576480787,-9.04110479970337,1
TCGA-EO-A2CH-01A,-153.79357953936,0.24664894112791,-13.9897662208973,1
TCGA-EO-A3AS-01A,-132.180182700849,-1.06778244004847,-0.412158867860622,1
TCGA-EO-A3AU-01A,-147.183057223148,16.6749866613909,-7.51682764421021,1
TCGA-EO-A3AV-01A,-136.478850111399,23.6776923248656,-19.9257952302315,1
TCGA-EO-A3AY-01A,-153.556020554999,16.1489392427662,-12.9620414164004,1
TCGA-EO-A3AZ-01A,-151.273197612931,3.73654623481953,-16.5975666269877,1
TCGA-EO-A3B1-01A,-151.193113403471,4.89863605511788,-17.3227828616418,1
TCGA-EO-A3KU-01A,-148.09343378183,8.29152045888872,-8.38008243034456,1
TCGA-EO-A3L0-01A,-147.61254369271,17.3680132454662,-14.8291501562215,1
TCGA-EY-A1G7-01A,-151.258043354114,4.71317939253224,-3.50866686818477,1
TCGA-EY-A1GC-01A,-152.420165653434,-2.27556095055181,-11.0586783673761,1
TCGA-EY-A1GD-01A,-133.881474902026,-5.29261180724697,-5.71980712094674,1
TCGA-EY-A1GO-01A,-144.67915772221,2.09558663060531,-10.8346281939778,1
TCGA-EY-A1GQ-01A,-150.568524505679,6.33602362545327,7.56021066000734,1
TCGA-EY-A212-01A,-152.203997418438,6.37156523993852,-13.5334110486307,1
TCGA-EY-A215-01A,-153.176960264333,-1.74940704107727,-7.15426035029341,1
TCGA-EY-A2OP-01A,-156.199378050397,4.28957660474039,-4.98081601425913,1
TCGA-EY-A2OQ-01A,-151.572689262022,3.71607058372346,-14.5431072236555,1
TCGA-EY-A3L3-01A,-152.567347732399,12.198683030835,-16.1043459713515,1
TCGA-EY-A3QX-01A,-130.082160750667,5.20934116830396,-13.034469612937,1
TCGA-EY-A4KR-01A,-128.191881099974,6.2044242421658,-18.3759182451072,1
TCGA-FI-A2CY-01A,-143.632622712645,7.53168043769948,-15.9218068730119,1
TCGA-FI-A2D0-01A,-137.227438437626,4.59732427086762,-9.06170436964815,1
TCGA-FI-A2D4-01A,-149.061780177589,-0.186156014011966,-7.12690771364019,1
TCGA-FI-A2D6-01A,-144.211284196219,1.77942406987091,-10.1313679751354,1
TCGA-FI-A2EY-01A,-152.524583098193,9.80157392811719,-6.82574121064328,1
TCGA-FI-A2F4-01A,-155.42562663795,-2.94552692923202,-4.95211774429917,1
TCGA-FI-A2F8-01A,-144.253897906357,14.7757111933435,-7.08841459094438,1
TCGA-JU-AAVI-01A,-144.403233504049,12.7031882750134,-13.3302832926133,1
TCGA-KP-A3VZ-01A,-143.709323805748,6.09318303267769,-7.78406060134293,1
TCGA-KP-A3W0-01A,-136.739240150247,11.7094325668444,-12.5056247825486,1
TCGA-KP-A3W3-01A,-150.359149904615,6.28175410558775,-7.68353535629052,1
TCGA-PG-A915-01A,-134.872057827372,0.68414099376733,-13.9240539647308,1
TCGA-PG-A917-01A,-148.02059142844,-0.244267640356138,-1.89243886418006,1
TCGA-QF-A5YS-01A,-139.898390539703,18.8706526234282,-20.2050683430357,1
TCGA-QF-A5YT-01A,-140.833901022746,13.9691566722147,-7.57892691057184,1
TCGA-SJ-A6ZJ-01A,-153.920691996278,-10.4122813162754,-4.8481258969047,1
TCGA-2E-A9G8-01A,129.519467538553,2.74232409153215,1.23550296117463,2
TCGA-5S-A9Q8-01A,123.125651054048,-2.54775501153554,9.06940553937799,2
TCGA-A5-A0G2-01A,122.500505938014,-1.24195053957427,8.91706434348612,2
TCGA-A5-A0GE-01A,64.0168024791919,-7.79554537132835,16.4593818440394,2
TCGA-A5-A0GG-01A,135.759339325537,12.0722384580269,3.49811466302948,2
TCGA-A5-A0GN-01A,117.360267275534,-2.09602685630977,5.00700943997501,2
TCGA-A5-A0GQ-01A,130.955178001847,18.922250818473,3.46610267919122,2
TCGA-A5-A0GR-01A,126.640266061422,5.02442006580315,12.4320609343311,2
TCGA-A5-A0GV-01A,125.677368075623,-1.99195420795943,-2.68382296694373,2
TCGA-A5-A0R8-01A,126.078452872235,13.4898428348454,3.60259407954159,2
TCGA-A5-A0RA-01A,128.261092423506,22.8398070865123,5.1255042525176,2
TCGA-A5-A0VP-01A,135.494404089308,8.72123849736479,9.99388023154852,2
TCGA-A5-A1OG-01A,104.242653718377,-7.30287372231621,21.7959425274388,2
TCGA-A5-A1OH-01A,128.604589923481,-0.245058396274604,-4.19456607998022,2
TCGA-A5-A1OJ-01A,128.832554166038,-13.4372689830101,2.15166515409217,2
TCGA-A5-A1OK-01A,109.381980153845,-3.99975516430517,15.9650381606254,2
TCGA-A5-A2K2-01A,137.409716728839,4.47876225646131,-7.00003266820973,2
TCGA-A5-A2K4-01A,140.213372721681,-13.0167214969916,-6.63351631752425,2
TCGA-A5-A7WJ-01A,114.056303826243,-5.82315211148852,9.45955976414095,2
TCGA-A5-AB3J-01A,128.174733030771,-1.42690748403198,9.10823567105915,2
TCGA-AJ-A23O-01A,110.081139638051,-8.18596361239911,15.9644857124498,2
TCGA-AJ-A2QK-01A,128.141410915237,-7.39009544294342,4.1753770493677,2
TCGA-AJ-A2QL-01A,129.865639663379,12.0424840622944,6.82438614024723,2
TCGA-AJ-A2QN-01A,138.739055125224,17.1689039489157,1.82475443133253,2
TCGA-AJ-A2QO-01A,131.988841721826,10.6895658010627,2.45869284296355,2
TCGA-AJ-A3BD-01A,127.258122503424,-7.25325312326597,-4.4871358353828,2
TCGA-AJ-A3BH-01A,131.176637265447,-14.8725749540522,15.4612268202508,2
TCGA-AJ-A3BI-01A,135.973319398648,-3.44785008299037,-4.76738282636172,2
TCGA-AJ-A3EK-01A,134.585939561692,-13.4318694278788,4.87126151205922,2
TCGA-AJ-A3I9-01A,126.320805920582,7.55205025316577,7.40064876004912,2
TCGA-AJ-A3NC-01A,113.886073740762,0.521050389339557,17.8873996504605,2
TCGA-AJ-A3NE-01A,130.438323205455,-7.32644859203119,5.39612005338601,2
TCGA-AJ-A3NG-01A,142.562150046313,-12.7307098738363,14.3323420051626,2
TCGA-AJ-A3NH-01A,107.097303596472,-5.89669556121484,15.3930564899524,2
TCGA-AJ-A3OK-01A,137.884114964031,8.11483090059959,-1.12338204067133,2
TCGA-AJ-A3OL-01A,128.045202241514,9.38334992820261,6.92117440176474,2
TCGA-AJ-A3QS-01A,133.645940111965,-5.87385183941737,5.65793303348109,2
TCGA-AJ-A5DV-01A,136.836692945331,7.91290971533744,2.72340682013493,2
TCGA-AJ-A5DW-01A,133.558115099029,15.5885561135335,6.53145426584056,2
TCGA-AJ-A8CT-01A,129.030472526612,3.29657281770805,3.47615360132569,2
TCGA-AJ-A8CV-01A,138.03988801785,16.3380046819618,-2.46409289223632,2
TCGA-AJ-A8CW-01A,112.890007968114,-8.1441629086293,15.5489960216024,2
TCGA-AP-A051-01A,111.039096785362,-6.76038671295446,7.85295971058069,2
TCGA-AP-A054-01A,114.794322744979,5.02868346096842,9.33186198924426,2
TCGA-AP-A05A-01A,125.050588893791,-7.45764330229427,-5.24366490479842,2
TCGA-AP-A05O-01A,73.1397071953334,-8.63210206179114,2.42333036167242,2
TCGA-AP-A0L9-01A,109.905859678108,-5.3379170714163,15.5932730162129,2
TCGA-AP-A0LH-01A,136.239158696332,-4.140432535911,10.990314888748,2
TCGA-AP-A0LI-01A,133.426454765688,-13.9571942632542,-8.23473810236718,2
TCGA-AP-A0LL-01A,111.657827793718,-2.08141213265499,4.54887175123669,2
TCGA-AP-A0LS-01A,70.6119337757099,-0.831372573221519,13.9249973834379,2
TCGA-AP-A1DK-01A,124.528977204759,5.53653958859031,14.6953090817377,2
TCGA-AP-A1DO-01A,118.950268291142,-6.42930108802959,5.14744264505935,2
TCGA-AP-A1DP-01A,119.093991055235,-4.82963320747531,16.6807270466712,2
TCGA-AP-A1DV-01A,134.544891785589,8.79367289197354,-1.71196316425377,2
TCGA-AP-A1E1-01A,117.776269724327,0.0242652156755098,8.95124182286181,2
TCGA-AP-A1E3-01A,130.443734070933,-9.2465287530009,6.66518022013289,2
TCGA-AP-A5FX-01A,131.5159466585,-0.828198018871676,2.51922948624586,2
TCGA-AX-A05W-01A,135.342616703071,24.8502170008306,-4.38729400196968,2
TCGA-AX-A062-01A,132.998296641539,-0.199774363192303,6.09833661194151,2
TCGA-AX-A063-01A,134.924167922167,6.18401127103725,5.19880179814711,2
TCGA-AX-A064-01A,106.777914928267,-15.9039491533948,12.0713865196882,2
TCGA-AX-A06B-01A,136.330048534168,0.475815634013276,1.01189106014559,2
TCGA-AX-A06D-01A,116.433951645479,-0.281404674317493,17.4889768415366,2
TCGA-AX-A06H-01A,138.774677729851,-3.73981229083623,13.4347548643661,2
TCGA-AX-A06L-01A,118.730747245904,-1.14538745649363,15.2588510742438,2
TCGA-AX-A0IS-01A,108.099711745437,-11.0805637146279,16.7656736417999,2
TCGA-AX-A0IU-01A,130.664383904947,-6.33942383617189,-1.81960122756143,2
TCGA-AX-A0IW-01A,135.139821299551,3.31992744756822,4.68912632884762,2
TCGA-AX-A0J1-01A,122.87377829064,5.46433492255029,-0.362332660388169,2
TCGA-AX-A1C7-01A,129.478925199053,1.84370992455233,-8.48120732094243,2
TCGA-AX-A1C8-01A,130.102695111247,-15.096805058856,17.6522340063673,2
TCGA-AX-A1C9-01A,123.53035099271,-8.88287823727411,-6.4228771714762,2
TCGA-AX-A1CC-01A,128.445448049301,-2.24775202996318,6.43698626101385,2
TCGA-AX-A1CE-01A,130.447201497234,26.9661315466796,3.28266286515474,2
TCGA-AX-A1CF-01A,129.370515846239,-4.97718682314879,11.0483453318732,2
TCGA-AX-A1CI-01A,123.241958197207,-1.61580789713529,13.0605328723519,2
TCGA-AX-A1CK-01A,114.569734061066,-8.08405855971736,10.4694092267282,2
TCGA-AX-A1CN-01A,131.323961834,0.887345402547573,11.3107689013524,2
TCGA-AX-A1CR-01A,125.782499671695,-6.2663141570311,-3.15738495181749,2
TCGA-AX-A2H2-01A,126.368104763805,-4.01647607193738,-6.34484693703511,2
TCGA-AX-A2H7-01A,104.076088253425,-19.7568726596684,8.74930849681475,2
TCGA-AX-A2H8-01A,115.171439161457,-10.2700136425654,3.32997401819165,2
TCGA-AX-A2HA-01A,125.971038816911,2.32301439242303,14.1436767447274,2
TCGA-AX-A2HD-01A,125.025102088081,12.5370172533553,2.97034720552636,2
TCGA-AX-A2HF-01A,113.174819401958,-4.25275270059908,7.74380403189586,2
TCGA-AX-A2HH-01A,127.418397549245,-15.2274745294849,10.1242718505233,2
TCGA-AX-A2HJ-01A,127.716695600668,4.13183883328315,16.7088402961549,2
TCGA-AX-A2HK-01A,130.003629971202,-1.98098798595251,8.93600855348062,2
TCGA-AX-A2IN-01A,132.804833295244,1.50000663435635,3.54500251801436,2
TCGA-AX-A2IO-01A,135.587737367856,-9.49589580044277,-5.67224035865029,2
TCGA-AX-A3FT-01A,139.838153818,3.12503592277089,6.96244601552137,2
TCGA-AX-A3FV-01A,122.685897783184,-8.11236710590838,-15.6599505306642,2
TCGA-AX-A3FW-01A,137.355893420946,4.54126132048182,1.92783267885624,2
TCGA-AX-A3FX-01A,129.06102292394,3.94210628777415,-1.93126282758765,2
TCGA-AX-A3FZ-01A,137.236489482737,-12.3530183447873,14.6345669703863,2
TCGA-AX-A3G1-01A,134.660269342832,4.35121801430783,-2.98743720208206,2
TCGA-AX-A3G6-01A,131.861475290448,-8.96241959495015,-5.1439818033934,2
TCGA-AX-A3G8-01A,134.802928505596,1.29370156408117,-14.2030987783564,2
TCGA-AX-A3G9-01A,141.834053770441,-4.12372371076435,0.475607979965384,2
TCGA-AX-A3GB-01A,122.546876411469,6.47478090070708,5.80295441223782,2
TCGA-B5-A0JR-01A,114.448315524567,-11.2764750349033,15.3620598970403,2
TCGA-B5-A0JS-01A,122.057287094077,23.1785880153324,1.16447382616893,2
TCGA-B5-A0JT-01A,131.863372681368,11.6979882146031,7.59535745300421,2
TCGA-B5-A0JZ-01A,124.630237191551,1.08471765661929,2.73405207831148,2
TCGA-B5-A0K0-01A,133.050105403683,-14.8530512333982,15.3311015453884,2
TCGA-B5-A0K2-01A,68.871823866838,2.72626995375434,12.2976448121451,2
TCGA-B5-A0K7-01A,108.564378245371,1.52705342196215,10.7686473746577,2
TCGA-B5-A0K9-01A,139.271351988378,-15.7485575387666,3.32591086109003,2
TCGA-B5-A11E-01A,110.60402467874,-11.6160286929248,3.49608706030742,2
TCGA-B5-A11G-01A,134.805144408539,14.7078650051416,1.00649025031843,2
TCGA-B5-A11H-01A,74.2805965206214,-10.3783907248637,17.3999353971808,2
TCGA-B5-A11I-01A,134.714992801957,-1.19885495182469,9.99590440540733,2
TCGA-B5-A11J-01A,126.254056357215,11.8955805426039,7.46696254190408,2
TCGA-B5-A11L-01B,136.905149315404,15.4551249257753,11.2454178280771,2
TCGA-B5-A11M-01A,125.415456743665,14.9461479358121,6.1726214249502,2
TCGA-B5-A11N-01A,124.504785076923,-9.44499367160739,4.5692562489879,2
TCGA-B5-A11O-01A,126.533603901329,23.9970333000905,0.143314348517995,2
TCGA-B5-A11Q-01A,124.100889966944,-1.73362930679506,5.86684668043251,2
TCGA-B5-A11R-01A,128.696945285361,16.9117965993396,6.58815229776032,2
TCGA-B5-A11S-01A,107.90290666867,-0.31882971908685,16.9550474355398,2
TCGA-B5-A11V-01A,123.248201064385,24.024380228362,5.17100770358993,2
TCGA-B5-A11W-01A,135.407934712094,11.4322266450909,-5.00221794452865,2
TCGA-B5-A11X-01A,136.274359651075,-13.204427703905,13.9635306162118,2
TCGA-B5-A11Y-01A,71.2042620921405,-9.22174157356709,2.8785738143126,2
TCGA-B5-A11Z-01A,125.488084151813,-11.3021992351424,15.1843733047615,2
TCGA-B5-A121-01A,135.150326496114,19.0681031156375,8.17975342829664,2
TCGA-B5-A1MS-01B,136.612715334538,-1.7968722803332,-2.09009066028362,2
TCGA-B5-A1MY-01A,134.596737413163,-11.4145406574537,15.1657797159973,2
TCGA-B5-A1MZ-01A,114.801892346273,3.38171466436609,21.146503616004,2
TCGA-B5-A1N2-01A,125.576284040369,-10.6058185540208,0.367534627878126,2
TCGA-B5-A3FA-01A,139.551251542932,-13.8869855300126,9.19220775516205,2
TCGA-B5-A3FB-01A,73.328346949529,-9.79298492513358,8.51177985201781,2
TCGA-B5-A3FC-01A,134.38661761174,4.50054760611964,-2.65168931914726,2
TCGA-B5-A3FD-01A,126.526636275777,15.5162898729489,1.28631153754981,2
TCGA-B5-A3FH-01A,123.610402378841,5.80942019608582,6.84926118235652,2
TCGA-B5-A3S1-01A,138.773754517684,-12.9294106398642,-5.31007328592927,2
TCGA-B5-A5OC-01A,126.451853216345,-1.81606294200942,6.58148096560037,2
TCGA-B5-A5OD-01A,119.894285851505,-11.7616337776296,-5.69721592927498,2
TCGA-B5-A5OE-01A,126.659052340978,-15.7410201036873,-18.3388944301671,2
TCGA-BG-A0LX-01A,130.051929603956,-12.0192324167558,0.139762223948442,2
TCGA-BG-A0M2-01A,127.445357879524,16.4045835225519,9.94943085743352,2
TCGA-BG-A0M6-01A,103.755714311835,-7.66826568328087,20.4736196777906,2
TCGA-BG-A0M9-01A,74.139307797073,-0.885889025499926,4.55619875219567,2
TCGA-BG-A0MC-01A,63.9331043735363,-10.8989486751815,14.6866301253796,2
TCGA-BG-A0MH-01A,135.921672003347,25.3708126137987,8.33351107295827,2
TCGA-BG-A0MK-01A,136.045070520348,16.3813700290102,10.5804656304387,2
TCGA-BG-A0MQ-01A,112.077637634344,-3.92700490202422,7.4384719039691,2
TCGA-BG-A0MT-01A,113.797051599862,-8.13584208299079,10.9661129067294,2
TCGA-BG-A0MU-01A,116.445565429484,-7.4856122923964,11.1769073132384,2
TCGA-BG-A0RY-01A,104.323963186636,-3.69027385645396,18.1050805101243,2
TCGA-BG-A0VV-01A,67.0050245332044,-5.5862946737829,14.8963209408275,2
TCGA-BG-A0VW-01A,66.0211259210617,-5.66472746165538,4.71811927644853,2
TCGA-BG-A0VZ-01A,70.0913449179603,1.37302951369714,1.36910045453628,2
TCGA-BG-A0W1-01A,126.983554810276,2.77906221828896,11.9248950241941,2
TCGA-BG-A0YU-01A,124.545081780457,13.2936157366891,-0.428921477888244,2
TCGA-BG-A186-01A,119.444396694698,-13.2666766942448,8.57983749013634,2
TCGA-BG-A18B-01A,134.837883789192,8.15719185363123,-0.404174699764917,2
TCGA-BG-A222-01A,124.690425055311,-0.702193575422483,6.38979278354537,2
TCGA-BG-A2AE-01A,141.240932042763,-10.6957394542915,8.12600770329215,2
TCGA-BG-A3PP-01A,128.469339908079,-6.43625516259029,-15.5714454418808,2
TCGA-BK-A0CA-01A,132.015527277122,7.76394109415706,1.22810453041972,2
TCGA-BK-A0CA-01B,134.081327344859,9.37646036597965,6.22502004714544,2
TCGA-BK-A0CC-01A,133.507994051018,-10.496341206028,-0.885533578307306,2
TCGA-BK-A0CC-01B,120.328627570881,-1.42478067534954,-0.846670534421377,2
TCGA-BK-A139-01A,125.326846603468,-3.01511200332383,-3.51970427604232,2
TCGA-BK-A139-01C,130.238089572628,2.48562689236578,13.4226133733041,2
TCGA-BK-A13B-01A,127.60329402111,26.0116441550907,-5.84402745514837,2
TCGA-BK-A13C-01A,122.515532315644,7.83353961938636,13.7254075560362,2
TCGA-BK-A26L-01A,127.445615918409,0.224727157942367,12.1714036729111,2
TCGA-BK-A26L-01C,132.585384187487,-11.133322250404,2.43508411663486,2
TCGA-BK-A4ZD-01A,140.317015326004,-12.0436755410981,11.9314262834762,2
TCGA-BK-A56F-01A,133.438459016107,5.54669486970912,1.27460806205723,2
TCGA-BK-A6W3-01A,128.643585315883,20.1085537262292,7.16274223134376,2
TCGA-BK-A6W4-01A,140.500277506653,-10.6092932615493,11.7661035603829,2
TCGA-BS-A0TE-01A,136.795669514806,-16.4483390705297,2.28979191209483,2
TCGA-BS-A0TI-01A,125.221786133762,-9.98545578311477,-8.26814670395533,2
TCGA-BS-A0U7-01A,122.233603285755,10.5195319387772,1.40150099551238,2
TCGA-BS-A0U9-01B,112.559048633605,-14.1718918583406,10.2720787783482,2
TCGA-BS-A0UF-01A,116.590634831629,-3.04153231156477,6.87438532968495,2
TCGA-BS-A0UL-01A,127.621333708476,-5.20462477048333,19.2932307516103,2
TCGA-BS-A0UM-01A,125.288202706742,4.4639592196722,13.8090332924845,2
TCGA-BS-A0UT-01A,113.444884996343,-3.170316048694,16.9252239126387,2
TCGA-BS-A0UV-01A,123.12395373578,-1.76752288419643,-1.34296143352866,2
TCGA-BS-A0V4-01A,118.144612512449,-5.46774005455184,4.62253737076656,2
TCGA-BS-A0V6-01A,133.943975412176,7.00296661612837,7.23606218854289,2
TCGA-BS-A0V7-01A,119.557070828144,9.06668899711768,10.7702521063535,2
TCGA-BS-A0V8-01A,123.868716562217,-4.99342941775386,-1.18351615805055,2
TCGA-D1-A0ZN-01A,138.194594304594,-5.35242465676247,14.3085424170445,2
TCGA-D1-A0ZO-01A,124.133257945077,8.15604898224527,-0.738834340309741,2
TCGA-D1-A0ZP-01A,128.100071033517,-6.7371647050856,-0.462634662033516,2
TCGA-D1-A0ZQ-01A,135.082737418968,3.616088099382,-2.34572199528268,2
TCGA-D1-A0ZR-01A,122.823646972398,7.72490210987965,10.1068189307763,2
TCGA-D1-A0ZZ-01A,116.586368455364,-3.7497723230397,4.2599321749511,2
TCGA-D1-A102-01A,124.548927342381,6.03957602812593,16.9074804401055,2
TCGA-D1-A15W-01A,123.538243899318,8.35254225975055,13.4077491285178,2
TCGA-D1-A160-01A,107.478639594604,-0.787223821649168,7.13699935848667,2
TCGA-D1-A161-01A,76.8324180775203,-8.17169068761579,7.60123571811627,2
TCGA-D1-A162-01A,116.14351943763,-2.71001426278037,13.863057858848,2
TCGA-D1-A165-01A,69.5561080595196,-10.4865892679109,8.54552369785745,2
TCGA-D1-A16D-01A,136.708371355015,24.0453778879767,-0.967961159600573,2
TCGA-D1-A16E-01A,124.481178021484,22.7224039183623,4.26219797093074,2
TCGA-D1-A16I-01A,103.508315456257,-9.93771677017706,13.7663067012374,2
TCGA-D1-A16O-01A,131.757474137109,6.98306742027954,3.38710819380616,2
TCGA-D1-A177-01A,109.057891108854,-17.201196824766,6.75616573301992,2
TCGA-D1-A17A-01A,66.8782237200677,-5.5305516635383,13.0311912460012,2
TCGA-D1-A17K-01A,136.774371326102,-3.03033131870657,-3.72817102136499,2
TCGA-D1-A17L-01A,120.259833998129,0.378990261049546,10.8935406181414,2
TCGA-D1-A17Q-01A,69.084401371905,-6.33235750830618,4.62828426627261,2
TCGA-D1-A17S-01A,119.843700954308,0.220530434930539,5.07243760597874,2
TCGA-D1-A17U-01A,126.210843327072,12.5368092927249,-1.92930123561463,2
TCGA-D1-A1NS-01A,136.201545146731,16.3470632721118,-1.60327913005701,2
TCGA-D1-A1NU-01A,133.279077011301,-3.96120901216969,-4.1306069375291,2
TCGA-D1-A1NW-01A,125.735048832338,-12.5726163607632,8.21864664559479,2
TCGA-D1-A1NZ-01A,114.062341358667,-6.68317644552613,13.5017622718676,2
TCGA-D1-A1O5-01A,66.4678066367495,-9.95246467928546,2.27473437886773,2
TCGA-D1-A1O7-01A,64.5725622806416,-6.6844223617657,11.86898104622,2
TCGA-D1-A2G0-01A,134.37519774823,-0.614299345483922,-9.79235793058205,2
TCGA-D1-A2G5-01A,112.287846278502,7.85865467139367,16.2553340642067,2
TCGA-D1-A3DA-01A,126.933626397967,13.9180713123637,-2.55662222560111,2
TCGA-D1-A3DG-01A,127.243534917708,0.128311581242871,9.03651612391916,2
TCGA-D1-A3JP-01A,133.252973727924,-9.79080229411382,4.37910259414383,2
TCGA-DF-A2KS-01A,133.224405529583,-1.86553051612584,9.90910893279666,2
TCGA-DF-A2KU-01A,132.670692679898,-1.75612706061204,-10.7481986047395,2
TCGA-DI-A1BU-01A,140.458538182862,-5.78548151231186,11.4074958644458,2
TCGA-DI-A1NN-01A,131.514060425107,-0.777442868180933,4.79708269561685,2
TCGA-DI-A1NO-01A,124.707363147391,-8.57818514348995,5.76634958366479,2
TCGA-DI-A2QT-01A,125.516477757178,-4.59621270722419,-2.43589557567743,2
TCGA-E6-A1LZ-01A,134.341914737004,-9.48549547134421,-1.47261863102,2
TCGA-E6-A2P8-01A,141.537671827958,-11.8639240812615,16.8296340934873,2
TCGA-E6-A2P9-01A,111.55311195148,-2.6056154587208,10.0672814697894,2
TCGA-E6-A8L9-01A,135.427517792609,-11.8915207280731,7.08394108266948,2
TCGA-EC-A1NJ-01A,125.838267375143,-2.234430892215,2.13104338041867,2
TCGA-EC-A1QX-01A,112.436615666464,-4.98007323420348,11.2708535263526,2
TCGA-EC-A24G-01A,122.855118698396,18.2009515042101,-3.86215283999481,2
TCGA-EO-A1Y7-01A,127.944383569915,2.79798496277652,6.7640457434473,2
TCGA-EO-A22R-01A,67.0124236786335,1.79458231064268,8.96067957702729,2
TCGA-EO-A22T-01A,125.359492143598,16.6944471207719,1.64228995074167,2
TCGA-EO-A22U-01A,125.837181640265,2.96105735165195,-5.81162253602397,2
TCGA-EO-A22Y-01A,112.517610058894,-9.67447449081593,18.9658031723329,2
TCGA-EO-A3B0-01A,137.759159542552,-9.68568598584466,-12.4538963274052,2
TCGA-EO-A3KW-01A,131.312978559007,-6.90474229111986,10.1563938090995,2
TCGA-EO-A3KX-01A,70.3133035515642,-14.2686943663392,5.06293414780816,2
TCGA-EY-A1G8-01A,130.686926603237,-7.75923563926488,-6.54947167051553,2
TCGA-EY-A1GE-01A,132.989784363122,2.36893732241576,14.8493521693624,2
TCGA-EY-A1GF-01A,133.940436908149,5.40033960104343,6.80014131203292,2
TCGA-EY-A1GH-01A,135.083914704656,18.5597629870147,-5.71592017389401,2
TCGA-EY-A1GI-01A,137.475507783873,4.30531419342516,12.6225780127038,2
TCGA-EY-A1GK-01A,131.802586242051,16.1064105724083,-4.07559333272845,2
TCGA-EY-A1GL-01A,132.644195715666,-14.3860328283898,7.51472011425398,2
TCGA-EY-A1GM-01A,118.796608230193,-2.00117078960717,4.55550502527249,2
TCGA-EY-A1GP-01A,134.755304314099,-16.8644869148754,8.5885831537673,2
TCGA-EY-A1GR-01A,126.996767866743,-3.10033314964868,-14.723259489147,2
TCGA-EY-A1GS-01A,122.19147325105,-15.1433818000557,4.81665965427326,2
TCGA-EY-A1GT-01A,117.16569947207,-3.14160308303425,12.0454409800269,2
TCGA-EY-A1GU-01A,119.835451157864,-9.34739045807025,19.6016750362143,2
TCGA-EY-A1GV-01A,131.204588523957,-4.26847475252821,11.6575100430168,2
TCGA-EY-A1GW-01A,124.736595953839,10.406087889682,6.94369155333762,2
TCGA-EY-A1GX-01A,131.563918127286,8.1392492128127,3.8441934210103,2
TCGA-EY-A1H0-01A,136.713068441194,10.8319067183766,-1.58404515559729,2
TCGA-EY-A210-01A,76.0632749087152,1.91227295296377,11.2235187807271,2
TCGA-EY-A214-01A,126.772760716568,8.85040134724788,4.97066250995172,2
TCGA-EY-A2OM-01A,134.331219772384,1.2462252937587,13.4169675041958,2
TCGA-EY-A2ON-01A,132.864241550638,-7.8996190923179,-8.01541711871255,2
TCGA-EY-A2OO-01A,121.858798584487,-10.3501522964515,17.7149665604871,2
TCGA-EY-A547-01A,131.125884642308,4.68634027473504,-6.30146788525835,2
TCGA-EY-A548-01A,137.111164802556,4.56054563316924,13.2364152510085,2
TCGA-EY-A549-01A,134.989700806044,14.5626793302811,8.41826363885463,2
TCGA-EY-A54A-01A,130.554614664655,-1.44744899429828,9.9408626448696,2
TCGA-EY-A5W2-01A,132.052634516702,1.32142798426396,-5.31150210726179,2
TCGA-EY-A72D-01A,133.254402692089,-1.9440737365429,4.14536216895556,2
TCGA-FI-A2CX-01A,127.864496439735,-11.4980487224231,9.76890386561024,2
TCGA-FI-A2D2-01A,137.773095442067,-3.07540654877342,0.437575907114082,2
TCGA-FI-A2D5-01A,63.543853782417,-10.9717520017429,8.0253324547359,2
TCGA-FI-A2EU-01A,132.531597279601,-4.10253270821716,-3.25027227645859,2
TCGA-FI-A2EW-01A,130.124637281646,-6.80084613792898,-0.138284437021116,2
TCGA-FI-A2EX-01A,122.912263296128,-0.688656651520632,-3.91988837779152,2
TCGA-FI-A2F9-01A,121.32302011078,-1.18105584958403,16.1040124478683,2
TCGA-FI-A3PV-01A,127.302787823852,-3.09339300525042,-0.738088817319674,2
TCGA-FI-A3PX-01A,130.829143358565,0.186042683095401,7.67521781633607,2
TCGA-H5-A2HR-01A,126.021668982423,-2.64184243846417,2.55143338655093,2
TCGA-K6-A3WQ-01A,123.182304304302,-13.2314226342798,-8.54570655772867,2
TCGA-KJ-A3U4-01A,132.334963661782,-4.88209937154226,12.6366926798058,2
TCGA-KP-A3W1-01A,125.212887257025,-8.0972549631353,-4.41279410168888,2
TCGA-KP-A3W4-01A,131.147442509007,-0.493171322475192,1.46825200133684,2
TCGA-PG-A5BC-01A,136.650837559737,-7.57669711520122,0.702344288821953,2
TCGA-PG-A6IB-01A,140.951710143449,-12.2236025636917,-1.03941685354454,2
TCGA-PG-A7D5-01A,121.561093003649,-7.9066410251334,-14.9075058606964,2
TCGA-PG-A914-01A,115.68366690702,-12.9418384460244,16.6267035105614,2
TCGA-PG-A916-01A,135.310086296792,14.6559244036291,11.6148425753845,2
TCGA-QS-A5YQ-01A,137.610809838927,14.9473002678506,5.58129678602667,2
TCGA-QS-A5YR-01A,125.124547526118,16.9754197544979,-3.23912865995395,2
TCGA-QS-A744-01A,116.614912500168,1.4408895803607,10.1831224113997,2
TCGA-QS-A8F1-01A,134.747216190432,-2.41187245717757,-10.3337913793619,2
TCGA-SJ-A6ZI-01A,129.946246349505,0.0122654183212948,4.51599223401691,2
TCGA-SL-A6J9-01A,123.637647031493,5.84160370350678,3.18080911908553,2
TCGA-SL-A6JA-01A,137.027763177136,10.8519746582717,3.13912329574839,2
