Sample,X,Y,Z,Cluster
TCGA-2E-A9G8-01A,14.4599356006373,9.0881843140407,-21.9959959133044,1
TCGA-5B-A90C-01A,15.1112558495295,16.3864859584632,-32.3374099694305,1
TCGA-A5-A0G1-01A,10.9505737495331,15.0066905055192,-24.2250924668434,1
TCGA-A5-A0G2-01A,10.3177938805998,9.62546695496492,-25.4198654238995,1
TCGA-A5-A0G3-01A,12.9323421725939,16.3436650200343,-25.5193366482087,1
TCGA-A5-A0G5-01A,0.992223831943467,16.7806792500919,-19.8837417229473,1
TCGA-A5-A0GB-01A,16.688081660472,12.323998806244,-33.228824618297,1
TCGA-A5-A0GD-01A,9.00184934467206,17.6412656034977,-24.118536037223,1
TCGA-A5-A0GH-01A,12.8110607581416,14.2841789128205,-23.1683907882551,1
TCGA-A5-A0GJ-01A,8.95988749666706,6.35804371723676,-12.76832920903,1
TCGA-A5-A0GQ-01A,15.3612400665683,11.7782387017029,-21.5719528137323,1
TCGA-A5-A0VP-01A,9.12124485230267,12.9893944027609,-22.4896021171572,1
TCGA-A5-A1OF-01A,15.3167052909854,13.24542128567,-19.1234316172218,1
TCGA-A5-A1OG-01A,3.51686473768213,16.6107183493704,-20.1382887698594,1
TCGA-A5-A1OH-01A,3.28688753820784,16.9931957467806,-23.3939531252027,1
TCGA-A5-A1OJ-01A,5.88913846957066,6.61423017428657,-24.7149286545366,1
TCGA-A5-A2K2-01A,14.7355010523808,7.0157273339301,-21.7440398092956,1
TCGA-A5-A2K3-01A,8.24632989936096,8.22089140013116,-23.9010575829624,1
TCGA-A5-A2K4-01A,-0.0662339166010981,13.3402072715837,-24.2617574751001,1
TCGA-A5-A3LO-01A,12.1795666271369,11.0343224262465,-32.8201470301089,1
TCGA-A5-A3LP-01A,10.5981378621957,8.69375814441988,-29.1113096153089,1
TCGA-A5-A7WJ-01A,14.1960319084756,19.8183774977667,-11.1894492145308,1
TCGA-A5-A7WK-01A,9.23109561006468,10.9663473265028,-26.8822611256985,1
TCGA-AJ-A23M-01A,2.55691157750803,19.1717495328018,-27.1637586982677,1
TCGA-AJ-A23O-01A,10.5260250681102,-0.503446514056493,-18.3592625030744,1
TCGA-AJ-A2QM-01A,7.95925512928359,7.37985985690116,-29.4056374323419,1
TCGA-AJ-A2QO-01A,17.6744522505399,15.0890014009974,-25.9729634539183,1
TCGA-AJ-A3BD-01A,13.0878142634557,4.22938210330473,-25.005101382032,1
TCGA-AJ-A3BF-01A,17.4563738402658,13.6619706905004,-22.8789225005716,1
TCGA-AJ-A3BG-01A,15.493805902917,15.9614091733736,-20.5571461724001,1
TCGA-AJ-A3BH-01A,18.0446417043877,18.4079048547528,-17.0921744447072,1
TCGA-AJ-A3BI-01A,9.07095488784427,8.87254724900973,-16.5419307066111,1
TCGA-AJ-A3EJ-01A,3.74671447717439,17.318449904569,-22.3019221191326,1
TCGA-AJ-A3EK-01A,15.5339426684781,21.4408214107382,-9.65385176297399,1
TCGA-AJ-A3I9-01A,15.6596287414577,10.7431231808977,-25.0487262600544,1
TCGA-AJ-A3NE-01A,18.9989134960621,13.3599739138155,-24.8092333593601,1
TCGA-AJ-A3NG-01A,11.0391651843647,10.6130973320719,-33.407355532673,1
TCGA-AJ-A3NH-01A,3.80150234103266,19.9733877863687,-25.5593166650363,1
TCGA-AJ-A3OL-01A,6.88840880247777,9.44454686163363,-21.4854847825403,1
TCGA-AJ-A3QS-01A,18.8881940571267,11.3338007248584,-28.1696143376907,1
TCGA-AJ-A3TW-01A,13.0357371800049,12.2620956115949,-32.911405212487,1
TCGA-AJ-A5DV-01A,12.9230337839423,9.5315896215254,-26.7824560430637,1
TCGA-AP-A051-01A,18.1727037185892,10.0774930873133,-30.502417710633,1
TCGA-AP-A053-01A,16.0534742882794,15.3493290775505,-27.3492202858853,1
TCGA-AP-A054-01A,12.955309619039,12.3194072921492,-30.5091818429723,1
TCGA-AP-A05A-01A,1.35496806831536,14.8707642764807,-25.7145244095389,1
TCGA-AP-A05J-01A,4.39950235998143,14.2660706003425,-22.4698030404645,1
TCGA-AP-A0L8-01A,6.23057119335224,14.5819809440872,-22.2963563147195,1
TCGA-AP-A0L9-01A,1.98062251482836,18.3462437784543,-19.3398078346812,1
TCGA-AP-A0LD-01A,6.59682745653657,12.4279622952931,-19.6723110186919,1
TCGA-AP-A0LE-01A,9.33715508819003,18.8764246077281,-10.8236679412675,1
TCGA-AP-A0LF-01A,12.4347607550762,4.88514951696369,-20.5866720113217,1
TCGA-AP-A0LH-01A,19.0066487375509,11.24258801041,-29.8089386220461,1
TCGA-AP-A0LI-01A,10.480763578995,7.18670965584731,-12.3190835447954,1
TCGA-AP-A0LP-01A,3.16005725299104,13.7907986246665,-16.7617922828024,1
TCGA-AP-A0LT-01A,11.2749173441938,12.853641822121,-18.2541925497007,1
TCGA-AP-A1DH-01A,4.92564390337918,12.3201512698145,-14.5122368327363,1
TCGA-AP-A1DM-01A,8.09823157034042,15.9113164018557,-15.5735667436254,1
TCGA-AP-A1DO-01A,12.0982777383581,9.55257091650411,-22.2130971412984,1
TCGA-AP-A1DP-01A,14.2230497283549,3.14383367435861,-19.978832635756,1
TCGA-AP-A1DR-01A,13.1394567626467,8.70173974355714,-27.5055431894832,1
TCGA-AP-A1DV-01A,5.1441205323635,15.1331959693976,-25.3450288713395,1
TCGA-AP-A1E0-01A,12.6951861023359,21.2842032221476,-13.9810931663836,1
TCGA-AP-A3K1-01A,11.6290586386438,4.24358055940958,-17.9338486862204,1
TCGA-AP-A5FX-01A,18.7629196674403,9.12472466933705,-19.7732294248758,1
TCGA-AX-A05S-01A,0.843425285967839,19.7491569371595,-19.3459654409031,1
TCGA-AX-A05Y-01A,9.01761847583565,12.3893830792048,-18.6634041335611,1
TCGA-AX-A05Z-01A,10.5121179376814,16.4157082789495,-10.6229172445685,1
TCGA-AX-A060-01A,11.9400594451761,12.2505888266298,-20.4520086318414,1
TCGA-AX-A063-01A,13.7451639798024,3.24850201985306,-21.2332077959796,1
TCGA-AX-A064-01A,10.84123801182,16.7525813480014,-16.6551997628718,1
TCGA-AX-A06D-01A,7.22053226147045,14.2084028942651,-15.383196273857,1
TCGA-AX-A06J-01A,11.0594494113171,12.8206365152119,-25.2139570588521,1
TCGA-AX-A0IU-01A,16.1636284601322,6.4069069732073,-19.3292322455501,1
TCGA-AX-A0IW-01A,8.25743849683591,16.0749678249785,-19.1075906604622,1
TCGA-AX-A0J1-01A,11.5308768379518,5.39890165611738,-16.4193667540079,1
TCGA-AX-A1C4-01A,14.8750117359378,15.0886193417475,-21.4430312096497,1
TCGA-AX-A1C5-01A,11.9062517338576,14.1750923701968,-14.8285877038308,1
TCGA-AX-A1C7-01A,4.68206902225182,18.0053438013779,-24.6896354731333,1
TCGA-AX-A1C8-01A,12.7729982584117,5.63952087368422,-22.9600407717126,1
TCGA-AX-A1C9-01A,13.4263222926858,2.81683273132184,-22.7008007535673,1
TCGA-AX-A1CA-01A,-1.13925224994934,8.16830304202179,-26.0723302977631,1
TCGA-AX-A1CE-01A,7.39316574751445,10.4303651952808,-25.057764755017,1
TCGA-AX-A1CF-01A,11.6420853554445,15.243957586116,-17.5421304131822,1
TCGA-AX-A1CJ-01A,7.86105006557636,6.52206909129891,-14.1276381292446,1
TCGA-AX-A1CN-01A,10.4819147473656,21.0046033405294,-10.5183040797204,1
TCGA-AX-A1CP-01A,5.21301416819163,14.1072098894648,-27.4505032689719,1
TCGA-AX-A2H2-01A,18.9560789587052,14.7728010383303,-19.2420711748697,1
TCGA-AX-A2H4-01A,12.0127793125253,3.14278876744287,-19.9608456244739,1
TCGA-AX-A2H5-01A,21.0711365646669,10.3640449639618,-24.024548269039,1
TCGA-AX-A2H8-01A,10.8047595009238,18.0394544146599,-26.3403682710392,1
TCGA-AX-A2HA-01A,6.43406762872128,18.6981308307078,-23.8239652653115,1
TCGA-AX-A2HC-01A,13.9934100798047,14.8369799128001,-22.2947944404093,1
TCGA-AX-A2HD-01A,12.0710975075827,17.061991340285,-26.5456650023228,1
TCGA-AX-A2HG-01A,10.9353443304208,19.2085168448915,-17.9633812918353,1
TCGA-AX-A2HK-01A,5.66504387391027,19.470127352247,-22.7794179122239,1
TCGA-AX-A2IN-01A,8.47586674770573,15.0123243556838,-32.43511100999,1
TCGA-AX-A3FT-01A,10.0020029748907,18.6783222327072,-10.3385853913083,1
TCGA-AX-A3FV-01A,19.0834908508567,14.3294415867559,-32.4922500961564,1
TCGA-AX-A3FW-01A,12.7693885797952,15.1430622452127,-22.9580938390338,1
TCGA-AX-A3FX-01A,10.0331436506963,5.90461116844737,-15.2615911898472,1
TCGA-AX-A3G1-01A,19.8260392883974,15.3927699144831,-26.3677428686695,1
TCGA-AX-A3G3-01A,2.95262781038195,11.9317019560123,-28.5836519409329,1
TCGA-AX-A3G6-01A,10.0279896760217,13.8429679072119,-28.199703544422,1
TCGA-AX-A3G7-01A,17.5053029745056,9.2703133466511,-24.801440571411,1
TCGA-AX-A3G8-01A,7.56482985984678,10.1185108256078,-25.1485235050037,1
TCGA-AX-A3GI-01A,15.7544467539171,12.2859585511453,-28.5630827104339,1
TCGA-B5-A0JN-01A,6.74220187704515,3.3023033345853,-22.1718454288462,1
TCGA-B5-A0JU-01B,14.5905978871858,9.21389531231096,-26.8418926993689,1
TCGA-B5-A0JV-01A,16.1858109767396,0.885835863529705,-20.238035366595,1
TCGA-B5-A0JZ-01A,13.1960730235964,1.81410266260397,-22.3150323349018,1
TCGA-B5-A0K1-01A,14.2253126759003,16.3972562130928,-24.0364299345818,1
TCGA-B5-A0K2-01A,13.4766400936005,8.78243939343592,-27.1798201554077,1
TCGA-B5-A0K3-01A,11.6236451352368,10.1265411792702,-18.8984340252656,1
TCGA-B5-A0K4-01A,10.9092397339526,3.31989972221964,-18.6713511753712,1
TCGA-B5-A0KB-01B,15.8314081744531,18.586659079306,-28.040775942943,1
TCGA-B5-A11E-01A,11.0361158188143,7.78407900699177,-28.778759837177,1
TCGA-B5-A11G-01A,4.10848717558422,12.0098462793062,-13.3690048913551,1
TCGA-B5-A11H-01A,15.9658216179629,8.80132709168015,-27.6320674592892,1
TCGA-B5-A11I-01A,15.8926911679791,13.8875579749702,-31.065851442536,1
TCGA-B5-A11J-01A,18.7509385823315,8.91212313117111,-32.0089440305514,1
TCGA-B5-A11L-01B,17.1048035407071,1.84396899833675,-23.2143878193623,1
TCGA-B5-A11N-01A,13.7685589277161,3.0130235003947,-18.6321459185077,1
TCGA-B5-A11Q-01A,9.63422786954558,16.2600587058571,-18.703719868893,1
TCGA-B5-A11R-01A,16.1055006357991,10.8884337214141,-24.5942279127075,1
TCGA-B5-A11X-01A,13.7855616523814,23.4471020714812,-14.4733358119022,1
TCGA-B5-A11Y-01A,15.8408788144079,10.1191266391679,-25.2991433521818,1
TCGA-B5-A1MR-01A,14.9366835576872,14.79958871471,-18.2844242480284,1
TCGA-B5-A1MS-01B,11.7093997198976,22.2509163546483,-14.3542242463384,1
TCGA-B5-A1MV-01A,19.3548291328795,1.47701602176436,-21.4488759649115,1
TCGA-B5-A1MX-01A,18.1832289145534,11.662881945834,-32.9135200966,1
TCGA-B5-A1MY-01A,1.722376619016,15.0733835889814,-25.4126792335957,1
TCGA-B5-A1N2-01A,14.7159631532282,7.58010310144903,-22.8853114198076,1
TCGA-B5-A3FA-01A,14.897025304858,9.3676682989663,-30.8991984170453,1
TCGA-B5-A3FB-01A,14.4943634878583,9.3770064461775,-24.9723852988671,1
TCGA-B5-A3FC-01A,2.69882010197026,14.6219110272164,-26.4956539353906,1
TCGA-B5-A3FH-01A,11.7682883241929,4.59779275149891,-23.1518379238399,1
TCGA-B5-A3S1-01A,10.957262672631,7.2063517023528,-31.8349623582263,1
TCGA-B5-A5OC-01A,9.98234565464106,20.1342489948286,-8.44785222239034,1
TCGA-B5-A5OD-01A,12.8753934862301,9.19063943211523,-21.0607454145779,1
TCGA-B5-A5OE-01A,20.8091853447883,14.434392900001,-25.0181420888684,1
TCGA-BG-A0M6-01A,11.5345822909817,15.7035350148008,-27.9506520059574,1
TCGA-BG-A0M7-01A,12.4775731290273,12.4000698869836,-17.1427797536132,1
TCGA-BG-A0M8-01A,13.4445588954446,18.1986416002152,-9.01566562546355,1
TCGA-BG-A0M9-01A,13.2775528071936,3.20407309103798,-24.1417094204207,1
TCGA-BG-A0MG-01A,15.0106622681985,16.7930635870227,-17.9893056557218,1
TCGA-BG-A0MQ-01A,8.96839041785953,7.06631684280693,-20.4009949030921,1
TCGA-BG-A0RY-01A,16.3155874619862,13.600561840904,-28.8384294146965,1
TCGA-BG-A0VZ-01A,12.2311215213765,6.47534445603347,-15.2745562993664,1
TCGA-BG-A0W1-01A,7.83096876929501,11.7625026442156,-15.089027123844,1
TCGA-BG-A0YV-01A,2.50555211637167,12.4816786007952,-28.5987943845757,1
TCGA-BG-A186-01A,8.50012153941956,13.4437660057928,-19.1054309112687,1
TCGA-BG-A18B-01A,8.91822597368134,10.9857572194223,-21.6548003615209,1
TCGA-BG-A18C-01A,7.69777266709115,6.70219702224005,-11.1778266963374,1
TCGA-BG-A220-01A,5.04668826561246,16.5922442450427,-23.2503811422585,1
TCGA-BG-A222-01A,16.5127655845941,10.3507012500272,-32.5650590971198,1
TCGA-BG-A2AE-01A,13.151730537083,13.2849358756828,-24.1269788873748,1
TCGA-BG-A3EW-01A,15.0543792058641,18.1504693609514,-29.4298332849902,1
TCGA-BK-A0C9-01A,8.59563313872813,6.94559563957926,-11.6510986264892,1
TCGA-BK-A0CC-01A,21.3457357488529,13.0711664867171,-32.6725964643523,1
TCGA-BK-A139-01A,14.5624378419784,9.73598986470612,-30.7084964398622,1
TCGA-BK-A139-01C,19.6327950404862,8.4439588002824,-28.3769410248264,1
TCGA-BK-A13C-01A,10.1227594343825,2.24151742815431,-22.8792541648326,1
TCGA-BK-A26L-01A,13.4059851645182,9.47997099875831,-34.4770262652359,1
TCGA-BK-A26L-01C,20.4628447673636,9.40867974548568,-31.2992538659242,1
TCGA-BK-A6W3-01A,18.3163374486363,7.76525224269786,-24.8575902780144,1
TCGA-BS-A0TC-01A,13.2624574271272,15.1110603496187,-14.4499188711648,1
TCGA-BS-A0TD-01A,13.4488153042702,5.61133336878579,-23.1392235486415,1
TCGA-BS-A0TE-01A,15.8559555310092,12.4452702316061,-23.5548411507663,1
TCGA-BS-A0U7-01A,12.4641011885459,7.24006816786269,-23.1781641154222,1
TCGA-BS-A0U8-01A,14.7018410249877,21.0604217800647,-11.528529388224,1
TCGA-BS-A0U9-01B,-0.474078649456273,11.6597122509161,-24.0125656704821,1
TCGA-BS-A0UV-01A,5.51997995487674,19.1641742798473,-23.1740021204827,1
TCGA-BS-A0V4-01A,11.5855368507123,8.47001699465856,-15.6214474612167,1
TCGA-D1-A0ZP-01A,10.5864197857306,6.98046832090795,-27.9237816997748,1
TCGA-D1-A0ZS-01A,13.8312327204039,17.5499713253363,-25.9221479944647,1
TCGA-D1-A0ZZ-01A,13.5877304987837,15.1488424979288,-24.3363720113145,1
TCGA-D1-A103-01A,17.2754002119761,9.29108201258516,-32.1699949787413,1
TCGA-D1-A15V-01A,13.4266202840761,10.2067710642878,-28.443397988023,1
TCGA-D1-A15W-01A,21.0100337292766,7.98278966896497,-31.3328711460775,1
TCGA-D1-A15X-01A,12.9233140551613,22.0080967737529,-13.3769825967462,1
TCGA-D1-A160-01A,9.81214262001494,7.40513701325131,-18.9856052314915,1
TCGA-D1-A167-01A,12.9354357506058,14.7608716543767,-23.1941472710739,1
TCGA-D1-A169-01A,11.8749748106167,12.8865728181478,-17.3512999466288,1
TCGA-D1-A16G-01A,19.1032297004579,11.0162282752777,-23.796290861425,1
TCGA-D1-A16I-01A,7.42433355700605,13.076949579822,-14.5213624864843,1
TCGA-D1-A16J-01A,9.49765988634704,8.91068159824368,-14.3253470917117,1
TCGA-D1-A16N-01A,9.6400003338599,13.0458137170192,-17.7635173097114,1
TCGA-D1-A16S-01A,5.87758325249718,17.1128307363327,-14.7982393422821,1
TCGA-D1-A16V-01A,13.9724694651016,4.44665063323007,-16.5098900860735,1
TCGA-D1-A16Y-01A,9.05143332329258,17.4296276767396,-13.7987484847138,1
TCGA-D1-A175-01A,14.4633670706731,4.02001752757193,-23.0962689779856,1
TCGA-D1-A176-01A,10.4180657879486,6.91754925283712,-15.6525884818558,1
TCGA-D1-A177-01A,12.9340140488877,16.3354185730992,-16.0498295357429,1
TCGA-D1-A179-01A,12.5955230471197,13.3014335259479,-25.348618628049,1
TCGA-D1-A17A-01A,15.365398731846,5.64071243250301,-25.0861514626126,1
TCGA-D1-A17D-01A,8.15431498012951,6.71933485669089,-15.963154523535,1
TCGA-D1-A17F-01A,7.94534577385213,3.17784186179531,-15.6831889299498,1
TCGA-D1-A17K-01A,16.4388766631751,14.9344485980925,-26.0306753036774,1
TCGA-D1-A17L-01A,4.79122027075147,10.3141457684786,-19.9176296227902,1
TCGA-D1-A17S-01A,7.92552036473422,11.8106732704612,-15.0939561736441,1
TCGA-D1-A1NS-01A,13.5894058842352,13.726605127386,-24.5337572675831,1
TCGA-D1-A1NU-01A,12.1983323761145,10.5267152581244,-30.2984821438973,1
TCGA-D1-A1NX-01A,13.6250564206508,9.23728695180175,-24.1868744767346,1
TCGA-D1-A1NZ-01A,14.6649285204991,2.27479892151947,-22.7642301333297,1
TCGA-D1-A1O0-01A,9.03366275066441,5.77133164011183,-21.7347225636559,1
TCGA-D1-A1O7-01A,8.60130942045434,9.05781426373113,-14.714036766343,1
TCGA-D1-A2G0-01A,17.7863838059159,13.668911368179,-28.735185048083,1
TCGA-D1-A2G5-01A,12.3577634156088,6.49929666184569,-26.4416483764207,1
TCGA-D1-A3DA-01A,9.81790063850902,12.0901157437958,-27.1758848047385,1
TCGA-D1-A3DG-01A,4.24067428440578,7.99018353053911,-19.4248535804239,1
TCGA-D1-A3DH-01A,5.31328207533313,21.5229790747683,-25.7545647280387,1
TCGA-D1-A3JP-01A,17.3767539672119,19.7125616824336,-23.3520594587484,1
TCGA-DF-A2KN-01A,15.1598415571157,6.21167809759274,-29.3125075512196,1
TCGA-DF-A2KR-01A,11.5790632265678,12.8217168830868,-24.999657312987,1
TCGA-DF-A2KS-01A,8.73590929722216,18.8852237243084,-21.3586184558222,1
TCGA-DF-A2KU-01A,17.5343039967424,10.2532504840299,-25.2360968618165,1
TCGA-DF-A2KV-01A,3.55848447087833,7.57486653905644,-18.7719318592954,1
TCGA-DF-A2KY-01A,10.195332209973,10.5338778445774,-28.2017137226676,1
TCGA-DI-A1NN-01A,16.5178081344774,9.78012304271776,-27.1230406953527,1
TCGA-DI-A1NO-01A,18.3873645893325,15.1621874021453,-31.7388785774157,1
TCGA-DI-A2QT-01A,11.1078786095298,5.68473424654512,-18.8066870195763,1
TCGA-DI-A2QU-01A,7.86676160841136,5.77164739953547,-16.9053147079593,1
TCGA-E6-A1LX-01A,12.0206547871817,14.1951426793968,-11.2508386542319,1
TCGA-E6-A1LZ-01A,10.2949355812,8.9391490010461,-24.1454659630069,1
TCGA-E6-A2P8-01A,14.1541937120259,23.0720703054458,-13.3621090055464,1
TCGA-E6-A8L9-01A,5.88087375054528,15.0053462919906,-22.8334018437972,1
TCGA-EC-A1QX-01A,15.0040671449284,18.5107426253143,-18.6593042964792,1
TCGA-EO-A1Y5-01A,12.7444182887023,10.2318494002295,-27.4864618683019,1
TCGA-EO-A1Y8-01A,5.8974505842649,18.9571033104529,-24.1637071911408,1
TCGA-EO-A22R-01A,11.3980517623024,19.7898168678676,-9.27399323424924,1
TCGA-EO-A22S-01A,10.0574161656235,20.4696675404605,-11.0099295799372,1
TCGA-EO-A22U-01A,18.121564597215,11.6859681476081,-22.6088321477909,1
TCGA-EO-A22Y-01A,17.9222352509388,10.6074607318384,-33.5029910202841,1
TCGA-EO-A2CH-01A,6.47146473413156,18.489507869431,-26.8239228366833,1
TCGA-EO-A3AU-01A,10.5522081455518,22.7668836929251,-12.692342827185,1
TCGA-EO-A3AV-01A,11.8931882367081,16.4190536198259,-14.4210506954034,1
TCGA-EO-A3AY-01A,2.77287795526863,17.2251189466895,-19.3194945522347,1
TCGA-EO-A3B1-01A,16.8683986757159,15.664605642015,-31.9003380825153,1
TCGA-EO-A3KU-01A,18.8735512354601,14.4551831925047,-28.6771082419173,1
TCGA-EO-A3KW-01A,17.1700099972416,8.74510890032476,-30.2591320414553,1
TCGA-EO-A3KX-01A,5.67334963254252,9.12932203240277,-23.2871609153053,1
TCGA-EY-A1G7-01A,14.085475455753,19.3614650970394,-26.2322279382663,1
TCGA-EY-A1GC-01A,18.6661048131438,11.7604874352434,-32.5975952378464,1
TCGA-EY-A1GE-01A,12.0623101822207,17.6573281089102,-11.7162152963701,1
TCGA-EY-A1GF-01A,14.4791001392897,8.27544416587529,-29.9964548242596,1
TCGA-EY-A1GM-01A,3.67571487371892,14.401432039044,-21.1055396150539,1
TCGA-EY-A1GO-01A,1.120023944549,15.1750826884724,-22.5879981999675,1
TCGA-EY-A1GQ-01A,8.29045564355713,6.89018358265061,-23.7433846429479,1
TCGA-EY-A1GR-01A,19.06985005933,14.7296958366246,-31.0262407415304,1
TCGA-EY-A1GS-01A,11.0988427264573,9.37017305733428,-20.8226839194692,1
TCGA-EY-A1GT-01A,16.517727881382,19.0700644923833,-15.2434381445928,1
TCGA-EY-A1GU-01A,13.7899985934612,8.09627028101696,-24.892569626104,1
TCGA-EY-A1GV-01A,2.85864043072637,14.2304170882109,-19.8271068760866,1
TCGA-EY-A1GX-01A,2.3648461879611,8.1680252721457,-21.3537275485203,1
TCGA-EY-A1H0-01A,9.95074224891939,8.73124529506226,-18.7990325290989,1
TCGA-EY-A210-01A,3.67067627041104,13.9860802179,-20.2050392859918,1
TCGA-EY-A212-01A,15.8277351671916,13.7269788424425,-24.4305498943811,1
TCGA-EY-A214-01A,11.3817849763162,8.66366522386854,-26.621487301698,1
TCGA-EY-A215-01A,11.8188257004635,2.31856937911308,-17.4210293768962,1
TCGA-EY-A2ON-01A,-1.02402244157434,7.94056485276103,-22.6830564339688,1
TCGA-EY-A2OO-01A,2.3742767345687,14.4566701813954,-21.449732096147,1
TCGA-EY-A2OP-01A,16.5290467763043,22.9210381870916,-9.75597876899642,1
TCGA-EY-A3L3-01A,5.93274818921257,7.2210633658899,-26.8664927883273,1
TCGA-EY-A3QX-01A,11.9469158432725,14.2724669788159,-29.3959908171543,1
TCGA-EY-A4KR-01A,5.6980416002512,6.17564294307839,-21.5761427997281,1
TCGA-EY-A547-01A,2.30252832578827,12.3499905151389,-16.8643058011537,1
TCGA-EY-A54A-01A,14.5849255579147,5.69771838552701,-27.1870163719625,1
TCGA-EY-A5W2-01A,10.0729587154839,5.06803774670647,-20.0415085494836,1
TCGA-EY-A72D-01A,14.2955923079006,17.7102698881405,-18.0084295643064,1
TCGA-FI-A2CX-01A,17.0751932378,14.4017928219569,-27.1366645125893,1
TCGA-FI-A2CY-01A,14.8446560317786,9.83511643261329,-25.3366834518033,1
TCGA-FI-A2D0-01A,13.3728768890672,18.4345987425308,-23.5625221194962,1
TCGA-FI-A2D2-01A,11.5396779557596,10.4532692059797,-29.2999093479473,1
TCGA-FI-A2D5-01A,16.4339423866562,13.5076085793752,-35.5752409493369,1
TCGA-FI-A2D6-01A,6.95665956618732,13.2797104640844,-14.8967184814213,1
TCGA-FI-A2EU-01A,12.7306125890436,12.6923548765016,-30.3619694817386,1
TCGA-FI-A2EW-01A,12.7930465399002,0.504784481613265,-22.4944556891296,1
TCGA-FI-A2EX-01A,10.0370707963473,7.75688340486624,-18.4712140158497,1
TCGA-FI-A2EY-01A,9.91902161787867,3.89600389102704,-18.9380527932345,1
TCGA-FI-A2F4-01A,9.30791945269736,9.08223963936563,-25.5129635541938,1
TCGA-FI-A2F9-01A,3.19175393386333,14.7991592361881,-21.8431747383345,1
TCGA-FI-A3PX-01A,11.8458363606386,18.0520465768156,-26.0683848390743,1
TCGA-H5-A2HR-01A,11.5926641889436,10.541518681301,-24.8972121898467,1
TCGA-JU-AAVI-01A,22.8378739184719,10.5743438506343,-32.8944637579026,1
TCGA-K6-A3WQ-01A,3.66744998058963,11.3764430900945,-25.0897918005162,1
TCGA-KJ-A3U4-01A,14.9911740556721,14.0483025704272,-30.6217531944447,1
TCGA-KP-A3VZ-01A,19.1571579374227,10.1500630218716,-30.7963082625966,1
TCGA-KP-A3W0-01A,17.3256765937219,12.1795677427305,-29.5344184656855,1
TCGA-KP-A3W1-01A,11.4473820440133,5.93986625678528,-22.5962599079869,1
TCGA-KP-A3W3-01A,0.940637147584065,15.4453375230421,-22.9255500008521,1
TCGA-KP-A3W4-01A,3.37252331670629,11.4480854350846,-26.5282633216231,1
TCGA-PG-A6IB-01A,0.722431305553178,11.9649098442998,-16.4127353914185,1
TCGA-PG-A7D5-01A,13.0251130676209,15.9575072618172,-31.2049577739,1
TCGA-PG-A914-01A,14.9264469294855,6.22643818676051,-28.0149939048938,1
TCGA-PG-A915-01A,13.1734038081116,16.5760585200882,-25.0060228414299,1
TCGA-QF-A5YS-01A,12.9653449546467,12.366040382235,-26.2178092020525,1
TCGA-QS-A744-01A,11.069613084913,16.1185821476958,-32.3729018114909,1
TCGA-QS-A8F1-01A,14.2856702604381,13.294439866855,-28.7424361083144,1
TCGA-SJ-A6ZI-01A,19.3107023111994,10.1342903215656,-26.2297222816372,1
TCGA-SL-A6J9-01A,13.7993574728817,12.2175838241688,-29.4682601228597,1
TCGA-SL-A6JA-01A,13.0197509101307,3.18636748159512,-19.0832727894761,1
TCGA-4E-A92E-01A,-34.8607505265108,-36.987263327547,42.5545448749452,2
TCGA-5S-A9Q8-01A,-34.7049386796606,-36.0977809588205,42.038961679101,2
TCGA-A5-A0G9-01A,-33.6650876597669,-27.7345939227512,49.5427485265972,2
TCGA-A5-A0GI-01A,-34.9052100603563,-33.3739018850435,40.2388583251297,2
TCGA-A5-A0GM-01A,-34.62009475567,-29.0264274151652,45.7157216672209,2
TCGA-A5-A0GN-01A,-32.0061812651362,-38.8474522330689,44.7887068645048,2
TCGA-A5-A0GU-01A,-31.1342750325333,-37.522256894175,37.5011315755908,2
TCGA-A5-A0GV-01A,-31.0508252175115,-36.1087774447466,49.7997035603424,2
TCGA-A5-A0GW-01A,-32.5991750125564,-32.8059469151105,51.254575230485,2
TCGA-A5-A0GX-01A,-29.9837974400745,-34.8020680976131,38.6910345208618,2
TCGA-A5-A0R9-01A,-34.6316980030616,-32.1285069177626,48.9921934574683,2
TCGA-A5-A0VO-01A,-32.367619389533,-38.3610805612989,40.0022111695201,2
TCGA-A5-A0VQ-01A,-29.3463991363503,-31.9515053321606,45.1624257339315,2
TCGA-A5-A2K5-01A,-29.6452846751838,-35.44277865575,42.3517648957505,2
TCGA-A5-AB3J-01A,-34.8620673880348,-36.1300171530862,39.7999400333576,2
TCGA-AJ-A3NC-01A,-33.7666154751165,-34.2907066242732,39.3977892611677,2
TCGA-AJ-A8CW-01A,-30.8653764229346,-36.1216911259613,36.66584885321,2
TCGA-AP-A05N-01A,-32.0908423550139,-33.349050094296,43.1224064627931,2
TCGA-AP-A0LG-01A,-34.0752637703255,-37.7541389316615,39.7706803133674,2
TCGA-AP-A0LJ-01A,-30.0350819885988,-34.7481011982136,42.0219837204235,2
TCGA-AP-A0LL-01A,-35.4779917890117,-33.7765323001278,41.1521087389187,2
TCGA-AP-A0LN-01A,-35.9811381928598,-38.1900200372577,43.6099858739438,2
TCGA-AP-A0LV-01A,-33.1784372540964,-31.9963103609697,46.5838977803844,2
TCGA-AP-A1E1-01A,-33.0998965227182,-29.592698258345,37.0392234007162,2
TCGA-AX-A05T-01A,-36.8510924006457,-33.3381138210519,42.3291163362299,2
TCGA-AX-A05U-01A,-31.6053526130993,-28.2797178138135,46.8176576622827,2
TCGA-AX-A05W-01A,-30.7011472264687,-35.4286676605086,40.664007787517,2
TCGA-AX-A062-01A,-30.350736521487,-32.1731867470013,46.6386013942562,2
TCGA-AX-A0IS-01A,-32.0939942583939,-37.1753092818896,47.2598346626491,2
TCGA-AX-A0IZ-01A,-35.1785399600848,-32.7766602149183,44.8441342649443,2
TCGA-AX-A1CI-01A,-32.1792772363863,-35.4398503220015,40.2403230514176,2
TCGA-AX-A2HF-01A,-36.8986500508259,-37.1230971623633,44.4143730907356,2
TCGA-AX-A2HH-01A,-35.0180737606222,-39.3731469443443,41.7583123479542,2
TCGA-AX-A3FZ-01A,-29.0363241058415,-30.7156079838944,50.6459634714093,2
TCGA-AX-A3GB-01A,-30.4467932034223,-32.9781331706831,40.6006272444413,2
TCGA-B5-A0JT-01A,-34.4625872908047,-38.3637633643531,37.2727466743814,2
TCGA-B5-A0JY-01A,-36.6424312561221,-36.7656013055916,42.2223783286494,2
TCGA-B5-A0K0-01A,-31.7126672763271,-33.9740785646799,42.5368584621812,2
TCGA-B5-A0K6-01A,-33.6457690109184,-32.6487658921382,42.2669676924542,2
TCGA-B5-A0K7-01A,-33.1900879825195,-37.1685661164056,44.9442157048742,2
TCGA-B5-A11F-01A,-32.1253215545071,-34.1446257438417,43.0454756366217,2
TCGA-B5-A11P-01B,-31.2389554109705,-27.3639176988632,51.2798832498482,2
TCGA-B5-A11U-01A,-31.8819294564471,-34.6866459707261,49.6756418556798,2
TCGA-B5-A11V-01A,-33.3238781312141,-36.1482815821431,48.1801476460067,2
TCGA-B5-A11Z-01A,-29.7308164416451,-35.3883794957329,45.0821395742566,2
TCGA-B5-A121-01A,-25.4372225338465,-35.9979654078716,45.5059703114014,2
TCGA-B5-A1MW-01A,-31.5866103543508,-30.7378323593275,46.3499346459108,2
TCGA-B5-A1MZ-01A,-31.8792982505122,-31.1460882342254,49.2579542230065,2
TCGA-BG-A0LW-01A,-30.1495631080384,-33.0523438355219,38.2589380310019,2
TCGA-BG-A0M2-01A,-30.6734014404758,-28.5026646518654,47.993015555508,2
TCGA-BG-A0M3-01A,-35.5702881984739,-28.678520118189,37.1979704638061,2
TCGA-BG-A0MA-01A,-32.20077993888,-32.70371329026,46.6639736816683,2
TCGA-BG-A0MI-01A,-36.3107673882559,-36.7009731568467,42.1334237549289,2
TCGA-BG-A0MO-01A,-33.8388401547182,-36.9367845439799,43.6212698936594,2
TCGA-BG-A0MS-01A,-33.4704544042053,-32.6518276930639,47.220179108972,2
TCGA-BG-A0MU-01A,-33.8780352257323,-35.0127097293062,40.272575876647,2
TCGA-BG-A0VT-01A,-38.2247964624794,-34.9412378278279,43.2607502313284,2
TCGA-BG-A0VX-01A,-34.6086480944567,-33.1637650889848,47.0141908875103,2
TCGA-BG-A0W2-01A,-31.0231967431809,-31.0130031292862,47.1423394877017,2
TCGA-BG-A187-01A,-28.3416908274203,-31.8099581151467,43.3907767627167,2
TCGA-BK-A0CB-01A,-34.912946327204,-33.4510238609779,41.2133709338649,2
TCGA-BK-A13B-01A,-34.0592014209048,-39.2591912709656,45.1391302424795,2
TCGA-BK-A56F-01A,-33.2030545732331,-35.522612784915,45.3604372383582,2
TCGA-BS-A0T9-01A,-32.0808950215816,-32.9611543146788,47.8257199832442,2
TCGA-BS-A0TG-01A,-39.1248110407926,-33.6286943649793,40.9593832210475,2
TCGA-BS-A0TI-01A,-32.3613419542997,-30.3232478790356,49.6146915924511,2
TCGA-BS-A0UF-01A,-28.4293867661008,-28.9183380235441,50.6747323483529,2
TCGA-BS-A0UJ-01A,-33.9518838630491,-34.7518093411951,43.2032777122506,2
TCGA-BS-A0UM-01A,-30.7591672544313,-37.6104368399957,47.9000052030861,2
TCGA-BS-A0UT-01A,-32.5627948221097,-33.2839908176861,43.8238432163905,2
TCGA-BS-A0VI-01A,-38.6550507307596,-35.5405622767341,44.3255179279279,2
TCGA-BS-A0WQ-01A,-33.9465981180046,-32.0126381154586,41.5827688739152,2
TCGA-D1-A0ZN-01A,-34.727171831019,-34.820119842691,42.0431838434607,2
TCGA-D1-A0ZU-01A,-30.1882102036029,-36.9520991414554,44.9987427638325,2
TCGA-D1-A102-01A,-34.2290913925983,-33.4246655850898,38.1256627292951,2
TCGA-D1-A15Z-01A,-32.1251666094243,-35.4207173554862,43.5646169589728,2
TCGA-D1-A165-01A,-26.5043502889468,-34.8509254577869,42.1876750986865,2
TCGA-D1-A16B-01A,-34.3806493442161,-37.0739136981203,40.7852249999859,2
TCGA-D1-A16Q-01A,-34.9294630029855,-36.7332960725121,39.0084496528912,2
TCGA-D1-A16R-01A,-34.3908380345213,-31.2161055394375,49.4181386209956,2
TCGA-D1-A16X-01A,-32.7620847949529,-38.8695246154095,40.3435300302709,2
TCGA-D1-A17C-01A,-27.4755392142148,-37.9991391487062,38.6560772892702,2
TCGA-D1-A17M-01A,-32.1704628532996,-31.1027258844383,36.1560237440683,2
TCGA-D1-A17N-01A,-28.0320753188733,-34.0399626498232,39.9109672129408,2
TCGA-D1-A17R-01A,-34.8373618240062,-39.4270306001941,43.5164416432548,2
TCGA-D1-A17T-01A,-33.9723337010994,-30.0954742703253,37.0668349153819,2
TCGA-D1-A17U-01A,-31.3040245438312,-36.0661041210601,41.6088608604266,2
TCGA-D1-A1O8-01A,-39.1325448947203,-34.2017411564501,39.1479344820307,2
TCGA-DI-A1BY-01A,-34.7006888959224,-33.360586242185,45.8249280536,2
TCGA-E6-A1M0-01A,-31.8742921601199,-28.0514679500359,52.4023740015392,2
TCGA-EO-A22X-01A,-31.3191826443896,-31.0814258056738,51.380593943436,2
TCGA-EO-A3B0-01A,-32.9749221075703,-30.1712437358578,51.1417336521586,2
TCGA-EY-A1G8-01A,-27.5428890503413,-30.0702643613631,47.3544848870106,2
TCGA-EY-A1GD-01A,-37.2826216273996,-38.7113897559007,40.0187219542141,2
TCGA-EY-A1GI-01A,-31.7002386008189,-25.0025733241143,51.5711372369319,2
TCGA-EY-A1GL-01A,-31.3134130005584,-35.4292626155645,40.6493037605174,2
TCGA-EY-A1GP-01A,-36.820747319911,-37.7643218862328,41.6220250609843,2
TCGA-EY-A549-01A,-27.5776549251253,-29.1683736203933,48.8383300278783,2
TCGA-FI-A2D4-01A,-38.9662908641306,-36.516074901701,43.8888655485952,2
TCGA-QF-A5YT-01A,-32.6702428191256,-38.4563043598771,40.7557473823685,2
TCGA-QS-A5YQ-01A,-34.3109085810561,-37.396698306921,45.3841401078702,2
TCGA-SJ-A6ZJ-01A,-28.658217178801,-36.0415218182975,46.7449318906355,2
TCGA-A5-A0GE-01A,12.3521219841401,-9.6235011320605,29.2996336451794,3
TCGA-A5-A0GG-01A,16.7256923833143,-12.0338437083099,25.2764806046779,3
TCGA-A5-A0GR-01A,13.2352801689899,-12.3248585911261,25.908547053042,3
TCGA-A5-A0R6-01A,17.4684563159535,-7.14796881238435,21.4751956617028,3
TCGA-A5-A0R7-01A,17.497702149727,-11.2044060367653,27.0563534781758,3
TCGA-A5-A0R8-01A,12.9478949153412,-9.71752932698305,22.7615559124908,3
TCGA-A5-A0RA-01A,19.6777393024507,-11.4906723920147,22.6785284431584,3
TCGA-A5-A1OK-01A,20.0284748413044,-6.27484165693276,16.6455274093618,3
TCGA-AJ-A2QK-01A,14.0421504192923,-10.1255536729365,26.7800310632085,3
TCGA-AJ-A2QL-01A,18.208425411201,-5.3759208573301,20.7733603165732,3
TCGA-AJ-A2QN-01A,17.9302239859865,-6.42711714815879,20.3957833386483,3
TCGA-AJ-A3EL-01A,17.0242118682919,-5.82333771570936,23.1097633448211,3
TCGA-AJ-A3NF-01A,15.076317362419,-12.2754696477597,29.3495909232893,3
TCGA-AJ-A3OK-01A,15.8375288303192,-10.1030074308313,27.8864488597282,3
TCGA-AJ-A5DW-01A,20.5735463611914,-6.18521528412639,22.3134385115923,3
TCGA-AJ-A8CT-01A,15.6768898748019,-12.063042697176,32.5747894069573,3
TCGA-AJ-A8CV-01A,15.3439591974319,-5.81052644332919,24.2263876312825,3
TCGA-AP-A059-01A,20.1413440169614,-3.1125560979016,18.4111084294956,3
TCGA-AP-A05O-01A,10.572997899158,-6.81151988793978,24.8380627603939,3
TCGA-AP-A05P-01A,16.4540955890419,-10.1762034697,32.057771387617,3
TCGA-AP-A0LM-01A,18.0430075831949,-12.7478501530874,24.7421949202905,3
TCGA-AP-A0LO-01A,18.7272255922815,-9.24163236961546,29.9344543652621,3
TCGA-AP-A1DQ-01A,10.4322103200202,-15.8869840400143,28.3954060466176,3
TCGA-AP-A1E3-01A,13.2407476459021,-10.5864927606846,32.102336638564,3
TCGA-AX-A06B-01A,18.5406405239841,-11.593135450421,27.5156004690052,3
TCGA-AX-A06H-01A,15.2663981734276,-10.2226466946279,30.9437701161869,3
TCGA-AX-A06L-01A,15.6496127178906,-11.1602589088022,30.6395109256461,3
TCGA-AX-A1CC-01A,18.3708982847983,-11.9680102467113,26.949937374887,3
TCGA-AX-A2HJ-01A,13.1280658201767,-11.5390416475036,23.6154888676341,3
TCGA-AX-A2IO-01A,13.0953857591491,-11.3462183575841,27.8669785085478,3
TCGA-AX-A3G4-01A,18.3433911566485,-14.5179444764634,30.1399253509846,3
TCGA-B5-A0JS-01A,19.4974218462102,-9.35296128047507,21.1392775460304,3
TCGA-B5-A0JX-01A,10.5713488863072,-9.6327292447937,24.3768386036544,3
TCGA-B5-A0K8-01A,18.2038875598017,-5.49934826100356,19.1065075395142,3
TCGA-B5-A11M-01A,14.8982860558897,-7.30126616606175,26.4868305934164,3
TCGA-B5-A11O-01A,16.3581012057668,-9.64212152490885,29.5299912774288,3
TCGA-B5-A11S-01A,18.7285946977212,-8.46398221089752,28.2510544878362,3
TCGA-B5-A11W-01A,17.2214181763405,-9.26052097440217,26.5053411838391,3
TCGA-B5-A3F9-01A,15.2501465901126,-8.35800368509712,32.8393852960938,3
TCGA-B5-A3FD-01A,18.4960514056582,-12.4996737459598,25.1494466814154,3
TCGA-BG-A0M0-01A,11.7838256498245,-12.7004263771568,24.2738147509143,3
TCGA-BG-A0MC-01A,16.8456108682317,-8.45727493038521,27.7783404141099,3
TCGA-BG-A0MK-01A,16.3291477588606,-10.9294553244609,26.3742468309956,3
TCGA-BG-A0VV-01A,11.159555639699,-12.5613484190654,31.60182497297,3
TCGA-BG-A0VW-01A,12.3602836815791,-13.0375372457107,25.4429067151847,3
TCGA-BG-A0YU-01A,17.7132509057937,-11.5798185132167,23.0172264492636,3
TCGA-BG-A18A-01A,15.5369033411434,-12.7456258225596,28.9732687601515,3
TCGA-BK-A0CA-01A,14.8868245198164,-7.95482867517661,22.1912583759324,3
TCGA-BK-A0CA-01B,18.4748789248278,-3.79192781799519,23.6180031667424,3
TCGA-BK-A4ZD-01A,18.3862803756534,-9.67812399502001,20.3694565740652,3
TCGA-BK-A6W4-01A,17.0467979678245,-10.4872960491142,23.0061895533028,3
TCGA-BS-A0UA-01A,12.0807622825983,-13.7104671440433,25.706420864413,3
TCGA-BS-A0UL-01A,15.7919651248105,-9.91243986253483,27.4409674147899,3
TCGA-BS-A0V6-01A,17.085984927248,-5.68728308291159,26.9018218318072,3
TCGA-BS-A0V7-01A,11.5215083884209,-12.6756551849762,31.9779826075707,3
TCGA-BS-A0V8-01A,14.445598110827,-10.6970917506621,29.6082371036036,3
TCGA-D1-A0ZO-01A,16.6921089961792,-10.8977809033249,31.0997299592437,3
TCGA-D1-A0ZQ-01A,11.5222229826517,-5.77501137133983,26.0352724164175,3
TCGA-D1-A0ZR-01A,12.6162134036928,-6.1032729937245,21.8712906535276,3
TCGA-D1-A0ZV-01A,20.632102400707,-5.0330321320053,22.8174708798322,3
TCGA-D1-A101-01A,15.8505164148222,-13.5804817169491,30.4227117482906,3
TCGA-D1-A161-01A,16.4914596051874,-8.28159918441893,28.638419074191,3
TCGA-D1-A162-01A,17.7899806529632,-8.08801369254006,17.6986330131932,3
TCGA-D1-A16D-01A,17.2529541926186,-4.97193769737133,18.8179163273975,3
TCGA-D1-A16E-01A,14.5280457392201,-6.99315567835398,17.3705420172707,3
TCGA-D1-A16F-01A,17.2757914140971,-4.22225929346795,24.356089406674,3
TCGA-D1-A16O-01A,14.8663840105021,-9.00789615866086,27.9319797692636,3
TCGA-D1-A174-01A,15.6626332623621,-6.45238885870389,27.3742967217178,3
TCGA-D1-A17B-01A,15.902456425949,-11.0934513061406,25.3638983432605,3
TCGA-D1-A17H-01A,13.4089382478807,-7.72928292487697,23.0990565856391,3
TCGA-D1-A17Q-01A,9.69625594481251,-11.1154683000892,26.7945189957852,3
TCGA-D1-A1NW-01A,11.5459324908956,-9.53401165728769,26.1297139357827,3
TCGA-D1-A2G7-01A,12.7123535342935,-12.093671427981,23.5128560845954,3
TCGA-D1-A3JQ-01A,19.2066227854234,-9.19777105097058,23.4529719630174,3
TCGA-DF-A2KZ-01A,14.1954908354583,-11.7666946277867,24.477571212063,3
TCGA-DI-A0WH-01A,11.7714223836814,-5.2924900938287,20.6049716070443,3
TCGA-DI-A2QY-01A,11.0341416754159,-16.7218221643894,25.5481264897361,3
TCGA-EC-A1NJ-01A,16.7992403270295,-6.94398963664894,28.8369287577597,3
TCGA-EC-A24G-01A,18.0641687881678,-6.25962220635438,25.458168809974,3
TCGA-EO-A22T-01A,14.4744208780427,-2.31057758093768,21.7269785526165,3
TCGA-EO-A2CG-01A,16.3097687530315,-11.684186056839,28.4954102024927,3
TCGA-EO-A3L0-01A,18.9807184926175,-5.85383259116357,21.897277548133,3
TCGA-EY-A1GH-01A,20.721473611615,-4.66638431655488,21.0704167713816,3
TCGA-EY-A1GK-01A,16.7254896786253,-9.60576033203866,26.1805236400482,3
TCGA-EY-A548-01A,12.6589502415015,-13.0274184069092,24.8552131916529,3
TCGA-FI-A2F8-01A,17.0855096483497,-5.84683316168193,21.5677824529756,3
TCGA-FI-A3PV-01A,16.0245653580679,-8.04748007442617,21.9951261906032,3
TCGA-PG-A5BC-01A,17.6118953890671,-13.3731268862256,27.937959608877,3
TCGA-PG-A916-01A,17.8011388817519,-4.74472087621917,17.2626802608148,3
TCGA-PG-A917-01A,16.7912220302445,-9.72555327251554,24.6339603309224,3
TCGA-QS-A5YR-01A,15.8443996288334,-9.75810743014906,31.5115659284853,3
TCGA-A5-A0GA-01A,-29.896460701412,17.6021826176192,-0.816327957120822,4
TCGA-A5-A0GP-01A,-30.8674557106516,13.4550151706874,1.00265238010795,4
TCGA-A5-A2K7-01A,-31.0755344536925,12.2589113172384,4.08361416362289,4
TCGA-AJ-A23N-01A,-29.4021054750166,11.9413085045152,5.27881002084016,4
TCGA-AJ-A3BK-01A,-32.0150656167654,13.8578104715871,3.01471072586269,4
TCGA-AJ-A3EM-01A,-32.3437516479432,16.1743720248834,-1.08102764420578,4
TCGA-AJ-A3IA-01A,-33.1788183225292,15.734391978707,-0.697480146026484,4
TCGA-AJ-A3OJ-01A,-30.9309497059461,12.4616996141545,-0.661553293919148,4
TCGA-AP-A052-01A,-28.4785246628474,15.2391143857705,-2.30802539122571,4
TCGA-AP-A056-01A,-34.0332960457685,14.7132711747422,-1.10419284502001,4
TCGA-AP-A05D-01A,-26.4899482433795,18.1687678730566,2.20183685785238,4
TCGA-AP-A05H-01A,-25.7997174773692,15.177153494065,-0.965693548725756,4
TCGA-AP-A0LS-01A,-29.4064099097789,12.193457063021,2.20785039792048,4
TCGA-AP-A1DK-01A,-25.9018240264403,12.9312711531284,5.20548934848701,4
TCGA-AP-A1E4-01A,-26.9445140558518,13.9465824233681,-0.0839470702627513,4
TCGA-AW-A1PO-01A,-29.6973077737148,11.0442407962813,-0.59941084293678,4
TCGA-AX-A06F-01A,-27.6581813211622,15.1932385299945,-0.403158074858824,4
TCGA-AX-A0J0-01A,-26.405849059127,9.01872116535296,2.52893584841406,4
TCGA-AX-A1CK-01A,-27.692434207455,8.89343292970922,-0.192405692619328,4
TCGA-AX-A1CR-01A,-31.4960724722399,10.1232302317068,2.18197934021761,4
TCGA-AX-A2H7-01A,-31.4922527581661,12.8639700309183,0.827087329768868,4
TCGA-AX-A3FS-01A,-34.4843594341978,16.0956343921645,1.96434280586114,4
TCGA-AX-A3G9-01A,-33.4091418009022,13.7428585350071,1.53054118398185,4
TCGA-B5-A0JR-01A,-26.7020370850931,14.0764926545629,4.0839977914943,4
TCGA-B5-A0K9-01A,-32.680759879316,14.570722873585,1.35129282335363,4
TCGA-B5-A1MU-01A,-26.2850819944411,16.4952469885248,1.55855446306828,4
TCGA-BG-A0LX-01A,-30.7022641933457,11.4849674106505,1.43672407896589,4
TCGA-BG-A0M4-01A,-28.0245124649098,15.2525924342054,1.19824365550008,4
TCGA-BG-A0MH-01A,-29.776103022357,15.0140701440686,1.29305653762565,4
TCGA-BG-A0MT-01A,-30.1897212274044,19.5215442778932,4.5086444624657,4
TCGA-BG-A221-01A,-29.1317194391251,11.6428989337915,3.63328960354855,4
TCGA-BG-A2AD-01A,-31.6732381466452,11.0173407396921,-0.254416948122686,4
TCGA-BG-A2L7-01A,-31.4369604419041,14.8392165310345,2.72245550940328,4
TCGA-BG-A3PP-01A,-31.5945927292933,11.6219281408697,5.26229436385881,4
TCGA-BK-A0CC-01B,-30.6367777558183,17.0013678330441,5.59636053424847,4
TCGA-BS-A0TA-01A,-23.8212165443853,13.6437377494116,4.92648720444362,4
TCGA-BS-A0TJ-01A,-29.7834591344701,11.7032783825265,5.19702354343923,4
TCGA-BS-A0U5-01A,-31.7369308767603,11.2041798234672,2.98186693873763,4
TCGA-D1-A163-01A,-32.8195688137315,13.6591744359001,2.77399965430141,4
TCGA-D1-A168-01A,-31.6475855192861,10.497938244377,-0.361038588621301,4
TCGA-D1-A1NY-01A,-34.6686147879898,14.8201516356575,1.4569639650299,4
TCGA-D1-A1O5-01A,-31.1095159562698,15.6325810652274,0.687440269825376,4
TCGA-D1-A2G6-01A,-30.6072556207614,11.7089655366073,1.07507192517173,4
TCGA-DF-A2L0-01A,-28.7948749444429,13.6566997220787,4.90031397322079,4
TCGA-DI-A1BU-01A,-27.4087755160135,13.9559387933242,1.08228930894866,4
TCGA-E6-A2P9-01A,-26.6864714829502,11.9625555914862,0.186468091731319,4
TCGA-EO-A1Y7-01A,-30.1150898043411,11.7927263574468,-2.56665776167668,4
TCGA-EO-A3AS-01A,-31.2920475003269,15.6235944595805,-1.22598106026288,4
TCGA-EO-A3AZ-01A,-31.1521770338962,17.7008744911789,1.59509362164632,4
TCGA-EY-A1GW-01A,-30.5511659014258,15.1556461496489,-1.93720033414646,4
TCGA-EY-A2OM-01A,-28.364863641815,13.1451356503954,1.81688800403876,4
TCGA-EY-A2OQ-01A,-27.7284023239792,17.5252733837669,2.45224130547942,4
