Sample,X,Y,Z,Cluster
TCGA-V3-A9ZY-01A,21.717535584486,13.8239017730569,10.0240951052816,1
TCGA-V4-A9E5-01A,25.5432465102558,10.8831520619547,13.5118206028953,1
TCGA-V4-A9E8-01A,15.4287042957621,8.91983363947395,3.92080851070674,1
TCGA-V4-A9E9-01A,18.2464519602567,11.8910172127631,6.73352621058973,1
TCGA-V4-A9EA-01A,22.444131534653,12.566098894716,10.0571999480228,1
TCGA-V4-A9EC-01A,15.9791519049143,11.1862906498136,5.48485285918635,1
TCGA-V4-A9ED-01A,18.483124997138,10.9663735280559,6.56953700174502,1
TCGA-V4-A9EF-01A,26.1122328845697,10.7253546762967,14.458567942769,1
TCGA-V4-A9EH-01A,21.2788347566467,14.9232410620857,10.1448072894819,1
TCGA-V4-A9EJ-01A,13.0006464920838,6.13788160663621,3.44467106751257,1
TCGA-V4-A9EK-01A,12.0824361150556,3.79279894414278,3.7526509494167,1
TCGA-V4-A9EL-01A,12.4207722828269,3.92102118234012,4.00664381439493,1
TCGA-V4-A9EM-01A,18.5978829580048,12.3127608030745,7.08199845136152,1
TCGA-V4-A9EQ-01A,23.1510979917516,8.52076518500379,7.97443107675199,1
TCGA-V4-A9ET-01A,23.5846669284963,10.4480590727479,9.93431282309233,1
TCGA-V4-A9EW-01A,13.6791881812551,8.7786841083225,4.40086370494084,1
TCGA-V4-A9EY-01A,23.0984041513682,7.9084916974391,7.48131103277121,1
TCGA-V4-A9EZ-01A,21.9507222700765,13.4782682974355,10.0524075180513,1
TCGA-V4-A9F0-01A,24.2338879410878,10.9605757372596,11.2660267642002,1
TCGA-V4-A9F2-01A,18.9905184723371,12.6398960983782,7.47256765476153,1
TCGA-V4-A9F3-01A,12.7007629738685,4.73717597550987,3.83250375612518,1
TCGA-V4-A9F4-01A,13.0794347898648,4.07487350616764,4.47358635092923,1
TCGA-V4-A9F5-01A,25.723555011406,10.825848559211,13.7920720023635,1
TCGA-V4-A9F8-01A,23.1488486784485,8.52311523034104,7.98976494069576,1
TCGA-VD-A8K9-01A,12.8693204469196,4.81924972679151,3.9708216400505,1
TCGA-VD-A8KB-01A,18.2541095095662,10.4939437142372,6.41972823615364,1
TCGA-VD-A8KG-01A,21.8195667235743,8.46471809459802,6.77143921402804,1
TCGA-VD-A8KI-01A,22.4889560981175,7.98166312531002,6.90133333826553,1
TCGA-VD-A8KK-01A,25.983954597599,10.7580968639241,14.2345948760717,1
TCGA-VD-A8KL-01A,23.5117935133214,10.633977873306,9.98737451988827,1
TCGA-VD-A8KM-01A,11.8367429773445,5.60263055372628,2.46063415300161,1
TCGA-VD-A8KN-01A,12.560908169371,5.26948649867228,3.40697356137233,1
TCGA-VD-AA8M-01A,15.6239688506566,9.13598510028569,3.95020598587782,1
TCGA-VD-AA8N-01A,17.9251120368489,11.6313045304058,6.45280563700524,1
TCGA-VD-AA8O-01A,14.1329980541947,8.05635466077783,3.88288408090904,1
TCGA-VD-AA8P-01A,25.6261120064046,10.8322951836344,13.615905754171,1
TCGA-VD-AA8Q-01A,22.1170524868,13.1689602890333,10.0480962167395,1
TCGA-VD-AA8S-01B,15.3623307500687,8.70643640230822,3.81176420916667,1
TCGA-WC-A880-01A,11.6283391327695,5.42677244435844,2.33854381541429,1
TCGA-WC-A881-01A,11.2684546422515,3.30233359304212,3.23795332586506,1
TCGA-WC-A882-01A,22.8495894249999,8.20391413648052,7.46004867111896,1
TCGA-WC-A884-01A,13.4466460109982,6.77074419458177,3.5857687077641,1
TCGA-WC-A885-01A,23.6817149609626,10.8070087571716,10.3490225624007,1
TCGA-WC-A88A-01A,18.7915196733608,10.3420434726412,4.94022950032597,1
TCGA-YZ-A980-01A,21.4701886698518,14.4461385825807,10.0976577385841,1
TCGA-YZ-A982-01A,16.6906256741105,11.2632819825678,5.74808295666349,1
TCGA-YZ-A984-01A,17.131237620723,11.5132251927622,6.0210374261145,1
TCGA-YZ-A985-01A,23.5620750679403,10.1301564324447,9.6691899816458,1
TCGA-RZ-AB0B-01A,-30.820149899909,-17.2691663903277,-15.1848216804489,2
TCGA-V3-A9ZX-01A,-29.5363515128248,-16.2971797413406,-13.5157837146704,2
TCGA-V4-A9E7-01A,-31.2800280822982,-15.3691579816778,-11.1018512236412,2
TCGA-V4-A9EE-01A,-27.998436559921,-6.93968035013011,-2.46009017493588,2
TCGA-V4-A9EI-01A,-28.0204584569812,-6.97905275467824,-2.50463716902791,2
TCGA-V4-A9EO-01A,-29.0439521192372,-15.0181222649194,-10.5887361804292,2
TCGA-V4-A9ES-01A,-23.4848843839998,-11.1381292284767,-11.4827825308654,2
TCGA-V4-A9EU-01A,-28.0235162908187,-6.98094114414169,-2.50750948543056,2
TCGA-V4-A9EV-01A,-25.0323945518157,-12.6822561185766,-10.309571794182,2
TCGA-V4-A9EX-01A,-29.9934868000393,-16.6021435797967,-14.0349968322362,2
TCGA-V4-A9F1-01A,-27.1629982942946,-14.5200503602312,-9.06436248128667,2
TCGA-V4-A9F7-01A,-27.520199198371,-14.3902659465608,-9.75615311971203,2
TCGA-VD-A8K7-01B,-23.5359028199739,-11.1828016039716,-11.4618517735528,2
TCGA-VD-A8K8-01A,-30.3718999673972,-15.7955786098708,-12.1413151434101,2
TCGA-VD-A8KA-01B,-27.0185536737991,-13.9923860299259,-9.18160930814182,2
TCGA-VD-A8KD-01A,-25.0190557354107,-12.4544119353287,-10.9270449513746,2
TCGA-VD-A8KE-01A,-26.2559960680543,-14.5780451474787,-8.55935625903453,2
TCGA-VD-A8KF-01A,-30.3141349287571,-16.7445022581658,-14.2342159976743,2
TCGA-VD-A8KH-01A,-32.2911198712717,-17.531486584446,-15.5898091043183,2
TCGA-VD-A8KJ-01A,-24.7185826198446,-12.0122377504586,-11.5572396368186,2
TCGA-VD-A8KO-01A,-28.7030650794566,-14.8768986324178,-10.3132718313233,2
TCGA-VD-AA8R-01A,-27.9533866768712,-14.5941357508586,-8.31726644221083,2
TCGA-VD-AA8T-01A,-30.7623876894753,-17.0960889115192,-14.8776737068445,2
TCGA-WC-A87T-01A,-24.9834899612621,-12.3406714080203,-11.1725325322986,2
TCGA-WC-A87U-01A,-28.1832054882084,-14.6562886750086,-10.1309765499103,2
TCGA-WC-A87W-01A,-24.5033762877791,-12.2504198127668,-10.470339552284,2
TCGA-WC-A87Y-01A,-29.6311124791105,-15.2039530573985,-10.9124470350132,2
TCGA-WC-A883-01A,-31.1041698660716,-15.3882513770228,-11.1574882983171,2
TCGA-WC-A888-01A,-31.7880188473518,-17.2681943190608,-15.114426345447,2
TCGA-WC-AA9A-01A,-32.430770630241,-16.8753443005457,-14.3630447561123,2
TCGA-WC-AA9E-01A,-30.9738293743137,-17.2290843811907,-15.1293666628442,2
TCGA-YZ-A983-01A,-26.8506425502088,-14.4492745015549,-9.10055121284818,2
