Sample,X,Y,Z,Cluster
TCGA-V3-A9ZY-01A,-16.7808772306794,-24.7870337194642,-18.1383306760073,1
TCGA-V4-A9E5-01A,-18.9071712835126,-22.0121330409584,-15.4018137783789,1
TCGA-V4-A9E7-01A,-19.4074860263514,-19.5219565375613,-18.10361897639,1
TCGA-V4-A9E8-01A,-19.0744314048121,-21.383508745698,-15.9079165924376,1
TCGA-V4-A9E9-01A,-18.6366911873249,-21.9899111176122,-16.4594821645322,1
TCGA-V4-A9EA-01A,-18.456507408188,-22.0197130534967,-16.1791610037307,1
TCGA-V4-A9ED-01A,-17.933996665656,-24.2116702768492,-16.503125338589,1
TCGA-V4-A9EF-01A,-20.1210031550068,-19.5862960642089,-13.8762670478811,1
TCGA-V4-A9EH-01A,-19.6356745826886,-20.7122218508069,-13.6178397730886,1
TCGA-V4-A9EM-01A,-16.4447999633111,-24.8423520639122,-18.6825563743576,1
TCGA-V4-A9EQ-01A,-18.8957195510118,-21.3323947975179,-15.8994744251532,1
TCGA-V4-A9ES-01A,-19.150292118517,-19.3530947079146,-19.1100184202662,1
TCGA-V4-A9ET-01A,-18.4165013281919,-20.8922116781904,-17.226336285806,1
TCGA-V4-A9EY-01A,-18.4109961398326,-22.0882419546231,-15.8593510294742,1
TCGA-V4-A9EZ-01A,-18.4044050167536,-22.3097675708241,-16.8344751485126,1
TCGA-V4-A9F0-01A,-19.7953991060514,-19.5936507238582,-15.3147512351535,1
TCGA-V4-A9F2-01A,-16.2393774544237,-24.5141474938475,-19.4104244469696,1
TCGA-V4-A9F5-01A,-19.416926127789,-19.8495680664083,-16.8668676015743,1
TCGA-V4-A9F8-01A,-18.5802024100777,-21.8289647484689,-16.9381608263671,1
TCGA-VD-A8KB-01A,-15.8147858905896,-24.9443643279215,-19.5382461311017,1
TCGA-VD-A8KE-01A,-18.4736932009262,-21.2404446862501,-14.8280880582859,1
TCGA-VD-A8KG-01A,-17.6589402258589,-24.0234123542737,-17.2445507659709,1
TCGA-VD-A8KI-01A,-20.2194866122167,-19.4138671229995,-13.9467762229298,1
TCGA-VD-A8KK-01A,-20.4069729608459,-18.1969625589468,-13.7132250259838,1
TCGA-VD-A8KL-01A,-20.3432989328142,-19.2588375127182,-13.9914511324438,1
TCGA-VD-AA8M-01A,-16.6584879509286,-24.8232132824769,-18.3231834056938,1
TCGA-VD-AA8N-01A,-20.3398863986606,-18.635869746734,-13.8262349015817,1
TCGA-VD-AA8O-01A,-19.5735043533435,-19.8934532959045,-15.9346092523488,1
TCGA-VD-AA8P-01A,-16.3362198701452,-24.2512934153912,-19.5554959809267,1
TCGA-VD-AA8Q-01A,-20.4416625149461,-17.6799814578204,-13.5429813751053,1
TCGA-VD-AA8S-01B,-17.782591173186,-23.8237472615513,-17.1630055831725,1
TCGA-WC-A882-01A,-18.4804099381463,-21.5852483803646,-16.0171165782289,1
TCGA-WC-A884-01A,-18.4406515647095,-22.6060512263815,-15.702894319396,1
TCGA-WC-A885-01A,-17.827315648669,-23.9384256986669,-16.9570293911073,1
TCGA-WC-A88A-01A,-20.3813904274222,-18.5115708666668,-13.819549792508,1
TCGA-WC-AA9A-01A,-19.1473141356421,-19.3852644078997,-19.0726484645632,1
TCGA-WC-AA9E-01A,-19.1602863897855,-19.3453753100016,-19.077068623636,1
TCGA-YZ-A982-01A,-19.3562556251789,-19.8592857727311,-17.1756302528873,1
TCGA-YZ-A984-01A,-18.2007055395504,-23.0573265863357,-16.8093867644692,1
TCGA-YZ-A985-01A,-19.3400982730043,-21.8017950119811,-16.0592762186832,1
TCGA-RZ-AB0B-01A,18.4132224225101,21.5932413027102,16.7054041452892,2
TCGA-V3-A9ZX-01A,20.6081843370759,26.3696139649618,16.5378436747918,2
TCGA-V4-A9EC-01A,16.8145655503565,16.0371979380914,16.8149139116835,2
TCGA-V4-A9EE-01A,18.9541443303727,23.0495137401797,16.6603708839653,2
TCGA-V4-A9EI-01A,20.2044253118068,25.5846271241335,16.6152726038882,2
TCGA-V4-A9EJ-01A,17.8985431435514,20.5945191075891,18.1744908740967,2
TCGA-V4-A9EK-01A,18.9499641416557,20.1750192721714,14.7064496732575,2
TCGA-V4-A9EL-01A,20.3829473764754,25.7558573923185,16.4937685025678,2
TCGA-V4-A9EO-01A,17.693036319713,21.2939582161562,15.6001090205423,2
TCGA-V4-A9EU-01A,19.1479273045901,23.5007123247806,16.8188443210103,2
TCGA-V4-A9EV-01A,19.9590845881994,24.975905316549,16.5940951859536,2
TCGA-V4-A9EW-01A,17.0877805480185,16.9323172518256,16.7779414633226,2
TCGA-V4-A9EX-01A,19.3239799068506,23.9270851727728,16.8234416415507,2
TCGA-V4-A9F1-01A,19.4448503398231,24.129537642936,16.8178423460404,2
TCGA-V4-A9F3-01A,19.9761859216269,24.9195089374085,16.5424948864378,2
TCGA-V4-A9F4-01A,16.8770436085543,16.2430120879331,16.8155566236413,2
TCGA-V4-A9F7-01A,17.6447899400401,18.6379190340334,16.4274131553247,2
TCGA-VD-A8K7-01B,18.1623508170465,20.7173966974834,16.1177113732446,2
TCGA-VD-A8K8-01A,20.5935985699869,26.3398510455865,16.5413779119674,2
TCGA-VD-A8K9-01A,17.7441546726668,19.536921972109,17.1053496169021,2
TCGA-VD-A8KA-01B,16.8924812212787,16.291557024374,16.8115679831543,2
TCGA-VD-A8KD-01A,21.1097693461103,26.0076676443056,15.7764647842285,2
TCGA-VD-A8KF-01A,19.2132589644079,23.6666027741202,16.836057325075,2
TCGA-VD-A8KH-01A,17.2739594472944,17.5787580435107,16.7461828433402,2
TCGA-VD-A8KJ-01A,17.4282567862668,18.1007627671288,16.6896131010317,2
TCGA-VD-A8KM-01A,20.8774737251716,26.2576285716755,16.1738628090411,2
TCGA-VD-A8KN-01A,17.3610642957506,17.9528740006138,16.8111690611903,2
TCGA-VD-A8KO-01A,17.8154848912409,20.9580566453112,15.6374886723757,2
TCGA-VD-AA8R-01A,17.0978417082856,17.0151019888802,16.822132475544,2
TCGA-VD-AA8T-01A,18.1116134197433,20.8160999532311,16.0215008670655,2
TCGA-WC-A87T-01A,18.4356509667997,21.4912259040225,16.6790332022951,2
TCGA-WC-A87U-01A,17.57220032892,18.7148167339296,16.7724154164915,2
TCGA-WC-A87W-01A,18.4536006613251,20.2031816234589,15.2662635895283,2
TCGA-WC-A87Y-01A,18.3303895353107,21.603590483567,17.5618402777697,2
TCGA-WC-A880-01A,18.0653825744817,20.9828786324158,17.9616132450297,2
TCGA-WC-A881-01A,19.8774737032599,20.6725455226113,13.8844909788004,2
TCGA-WC-A883-01A,19.767297863909,20.6093012266122,13.9785608775962,2
TCGA-WC-A888-01A,19.93534571679,25.3044135161319,16.8077385770613,2
TCGA-YZ-A980-01A,19.8683730932293,25.1511109350526,16.8037525109651,2
TCGA-YZ-A983-01A,17.7247183862529,19.4127389635556,16.8959789726322,2
