Sample,X,Y,Z,Cluster
TCGA-OR-A5J3-01A,-8.48519593778063,6.51570682396141,1.66642853640336,1
TCGA-OR-A5J7-01A,-7.52290445229934,6.25019029775362,1.11932530423749,1
TCGA-OR-A5J8-01A,-6.83915711914234,5.33828466704653,1.1180961449536,1
TCGA-OR-A5JB-01A,-10.1097738495465,5.92281963902045,1.58626793774576,1
TCGA-OR-A5JE-01A,-9.59066996680815,5.96446341473984,0.954496125054668,1
TCGA-OR-A5JG-01A,-9.03045279827111,5.62275033134001,1.71742171829416,1
TCGA-OR-A5JL-01A,-6.06192621478092,4.42221977096334,0.712326888885383,1
TCGA-OR-A5JO-01A,-5.72609957595907,4.68835418202189,0.989870366415439,1
TCGA-OR-A5JS-01A,-5.50188140647385,5.58356067114725,1.01451543379818,1
TCGA-OR-A5JW-01A,-8.87911415342234,6.96953105994344,1.80045948308578,1
TCGA-OR-A5K0-01A,-8.74133867612283,6.27162948517238,1.31230231577039,1
TCGA-OR-A5K2-01A,-9.78770086550089,5.43803144389816,0.570234378572586,1
TCGA-OR-A5K5-01A,-7.21141401235589,4.50081088255385,0.52677952290727,1
TCGA-OR-A5KO-01A,-6.83190754692513,6.89671094718829,1.7747036677331,1
TCGA-OR-A5LE-01A,-5.01441282974622,5.5681230561718,1.67284567075595,1
TCGA-P6-A5OG-01A,-7.18617048164115,5.22085783939548,0.108419874461713,1
TCGA-PK-A5HB-01A,-6.8837325147095,5.72336810533136,1.16697249538484,1
TCGA-OR-A5J1-01A,7.22995612564323,-0.542683229324075,3.3958435538262,2
TCGA-OR-A5J2-01A,-0.588505992785231,3.60432826209239,2.29731998524394,2
TCGA-OR-A5J6-01A,7.39087358522423,-0.280204019911985,3.99565580746608,2
TCGA-OR-A5JD-01A,5.42148146414838,-3.52075994408448,0.278210172945138,2
TCGA-OR-A5JF-01A,7.5158251597828,0.360355060557852,1.9592034711321,2
TCGA-OR-A5JI-01A,0.75697851602795,3.51328894579966,2.93836918906547,2
TCGA-OR-A5JM-01A,4.68306208751783,4.04536271682454,1.69909520960731,2
TCGA-OR-A5JP-01A,4.22339204923465,3.7039052952059,1.67921615199518,2
TCGA-OR-A5JQ-01A,1.23119625474129,3.83584191321156,3.47344091604444,2
TCGA-OR-A5JR-01A,3.48791051231735,2.80125470432008,3.50755102615573,2
TCGA-OR-A5JT-01A,3.66779428881274,3.60368473521105,2.90252338603353,2
TCGA-OR-A5JV-01A,1.1993641356346,2.83122610402473,0.851810105745684,2
TCGA-OR-A5JY-01A,4.12096029046192,4.08527174472514,2.11886162003594,2
TCGA-OR-A5JZ-01A,6.0550417730861,0.547990259566914,2.4862952963098,2
TCGA-OR-A5K1-01A,5.44736193214568,-4.10052749154657,-0.198016539150066,2
TCGA-OR-A5K3-01A,6.28837762276181,0.0353862812856989,4.03407193222272,2
TCGA-OR-A5KT-01A,6.91961938071762,0.686369102794487,2.34928776147442,2
TCGA-OR-A5KW-01A,6.10584297559865,-3.60625734031516,0.524547367235802,2
TCGA-OR-A5KX-01A,5.87077802832456,0.207672300007588,1.56643839961319,2
TCGA-OR-A5L5-01A,3.47056174570606,2.93814532208111,2.6536942867687,2
TCGA-OR-A5L6-01A,7.50586078051653,-1.1286331794433,3.21721543515315,2
TCGA-OR-A5LJ-01A,2.3637336094506,4.02245784702147,1.39874464841354,2
TCGA-OR-A5LK-01A,2.14918408765514,2.86366341600031,1.25118542556972,2
TCGA-OR-A5LL-01A,-0.936676979974547,4.53942416283035,1.82611362484933,2
TCGA-OR-A5LN-01A,6.18894469903929,1.45433254565356,3.72838506508448,2
TCGA-OR-A5LP-01A,-0.069943369430704,3.92547318558251,2.57019063093299,2
TCGA-OR-A5LR-01A,5.42182475437634,2.05011860038641,3.03024648547189,2
TCGA-OR-A5LS-01A,7.30470710627134,-0.370392482678443,1.17474950747265,2
TCGA-OR-A5LT-01A,4.77176062105767,2.44692600563464,3.32601242231524,2
TCGA-PA-A5YG-01A,3.80021182137019,3.02729796347284,2.67130845042942,2
TCGA-PK-A5H8-01A,6.3223046997331,-0.613548369451244,2.42497853427133,2
TCGA-PK-A5H9-01A,-0.731543367421647,3.89932708882036,1.49270047142604,2
TCGA-OR-A5J5-01A,-1.69589929492325,-4.80994296729713,-4.03787836458241,3
TCGA-OR-A5J9-01A,0.0263929008048383,-5.20669313328051,-4.04899173300965,3
TCGA-OR-A5JA-01A,-3.34216731167801,-4.73312229152834,-4.66268704805008,3
TCGA-OR-A5JC-01A,3.08092546987642,-6.86925281388387,-2.00919954244873,3
TCGA-OR-A5JJ-01A,-2.89232907783541,-4.2641298962228,-3.94973023688715,3
TCGA-OR-A5JK-01A,-0.253051691458409,-8.23020973356886,-3.14761558701885,3
TCGA-OR-A5JX-01A,0.139534416585613,-6.35585965307472,-3.21280829002782,3
TCGA-OR-A5K4-01A,-2.25933300021108,0.380949652969779,-1.93998374948367,3
TCGA-OR-A5K6-01A,-1.16478723121812,-5.21880941286656,-4.43648392682698,3
TCGA-OR-A5K8-01A,2.9834562467498,-6.16587727011105,-1.6497088053191,3
TCGA-OR-A5K9-01A,-2.00911011982023,-5.15550292033443,-4.1195339886277,3
TCGA-OR-A5KU-01A,-1.52264368060744,-2.06687191946112,-2.97089325323858,3
TCGA-OR-A5KV-01A,-1.78916244474509,-2.80230813748648,-2.62533055456536,3
TCGA-OR-A5KY-01A,-1.99182016221542,-4.84378203668525,-4.04713921048383,3
TCGA-OR-A5KZ-01A,-2.19996530574638,-3.56363223318881,-3.5807213793864,3
TCGA-OR-A5L3-01A,-0.120070400026738,-7.20203891835467,-3.46136347232686,3
TCGA-OR-A5L4-01A,-1.9144011340074,-0.811620723989876,-2.13939891392367,3
TCGA-OR-A5L8-01A,2.68520309470321,-8.18801524419978,-2.37443333002379,3
TCGA-OR-A5L9-01A,2.99430224532854,-6.28729427599318,-1.98272691026606,3
TCGA-OR-A5LA-01A,3.20996969959414,-5.98475558699786,-2.28930347632867,3
TCGA-OR-A5LB-01A,2.27750167009398,-5.61269528997848,-2.78281686014383,3
TCGA-OR-A5LC-01A,-0.714835286246684,-5.8451471925613,-4.14335880343724,3
TCGA-OR-A5LD-01A,1.01214324647679,-7.46984932998182,-2.80559519155469,3
TCGA-OR-A5LG-01A,-0.576092965931751,-5.80583675885732,-3.69638496881224,3
TCGA-OR-A5LH-01A,3.61268960251772,-5.92570410834772,-2.01378113449494,3
TCGA-OR-A5LM-01A,2.65744579095804,-6.3498272703507,-2.17287959263337,3
TCGA-OR-A5LO-01A,1.9264237594724,-5.54724959047438,-3.03442451248624,3
TCGA-OU-A5PI-01A,-3.44625516706041,-5.3371304873535,-4.78035468947122,3
TCGA-P6-A5OF-01A,-2.3038751435731,-1.91399796754689,-3.05324163017872,3
TCGA-PK-A5HA-01A,-1.5945767221163,0.422697387002623,-1.26794650958288,3
