Sample,X,Y,Z,Cluster
TCGA-AF-2687-01A,37.1224905956291,-7.18026597334187,-25.2655254148023,1
TCGA-AF-2690-01A,35.3283012461806,5.31045837811759,-21.6203391255147,1
TCGA-AF-2693-01A,34.0676938079964,-6.53170717236787,-20.1696066281119,1
TCGA-AF-5654-01A,36.5572923973108,-8.40478682877838,-28.1104006500917,1
TCGA-AF-6136-01A,35.6060784993497,1.78167021088894,-19.6226093733127,1
TCGA-AF-6655-01A,31.6840334535154,0.741746117355847,-14.4509200816833,1
TCGA-AF-6672-01A,41.9043363176754,4.36410454133849,-24.6071052645022,1
TCGA-AF-A56K-01A,33.0019240501648,-2.14237871156282,-24.9394130477546,1
TCGA-AF-A56L-01A,33.3653284312034,-2.95871713374522,-32.3708193884055,1
TCGA-AF-A56N-01A,36.9391978316628,-7.62808401253025,-13.1319915389268,1
TCGA-AG-3578-01A,46.8514009152545,0.0114710152498198,-22.8732698752492,1
TCGA-AG-3580-01A,33.3389216101312,-10.6810815258822,-27.3832198459745,1
TCGA-AG-3592-01A,31.521492281042,2.10761696834354,-13.592619008224,1
TCGA-AG-3593-01A,29.5576561005425,-8.70562707757641,-29.3743405550945,1
TCGA-AG-3612-01A,50.609693628772,1.57937900117599,-16.2569397929204,1
TCGA-AG-3725-01A,34.9528160218626,4.09205652141036,-19.1691645157078,1
TCGA-AG-3731-01A,31.0893678297754,-10.4764426177853,-12.5124882228729,1
TCGA-AG-3732-01A,37.0970471883922,1.60364482804791,-22.9636663385974,1
TCGA-AG-3742-01A,29.8819369151698,-8.90599392285861,-12.2491688604751,1
TCGA-AG-3902-01A,45.2593749781208,-2.22920381121785,-17.7689419607699,1
TCGA-AG-4001-01A,36.8319877632202,5.78150877178615,-17.8685684272571,1
TCGA-AG-4021-01A,32.6202905112152,-8.98801045376533,-23.3355809127693,1
TCGA-AG-4022-01A,49.2979532262067,-1.24337088989062,-20.7246229805429,1
TCGA-AG-A002-01A,39.6888767689778,-7.69963948947452,-23.7121605734142,1
TCGA-AG-A008-01A,38.0136955978365,-5.63376379783422,-23.6291548114736,1
TCGA-AG-A01W-01A,34.614055384875,-4.05299830823076,-24.8087558141027,1
TCGA-AG-A01Y-01A,33.7993525840204,-1.44401865311582,-26.466970658124,1
TCGA-AG-A020-01A,38.2764147615371,-2.5413853788822,-10.8317290192749,1
TCGA-AG-A02N-01A,31.7607766640938,-8.60107435708091,-10.8656692270839,1
TCGA-AG-A036-01A,33.284449925371,-0.667505060456555,-12.5035741029823,1
TCGA-AH-6544-01A,27.1627828935625,-9.92080602554948,-15.3694594162232,1
TCGA-AH-6547-01A,40.5197984600564,5.22483728431427,-17.9248450651552,1
TCGA-AH-6549-01A,29.18148256023,-8.54528539130825,-13.1852925597509,1
TCGA-AH-6643-01A,40.6237239573678,0.236992741915391,-18.785276152475,1
TCGA-AH-6644-01A,32.9184333076316,2.12472786664841,-21.7303559967719,1
TCGA-AH-6897-01A,28.2483897720266,-4.14485364118356,-11.8350626275865,1
TCGA-AH-6903-01A,31.1014159125451,-4.11053890397621,-14.130278557394,1
TCGA-BM-6198-01A,28.2250957945745,-6.90530072575561,-20.3098394074414,1
TCGA-CI-6619-01B,26.9303116185218,-5.00848966920127,-14.8468109761349,1
TCGA-CI-6620-01A,32.3484151629299,-7.33708277298571,-22.4944601105212,1
TCGA-CI-6621-01A,29.4868113051581,-10.8836546841027,-17.8277628927714,1
TCGA-CI-6622-01A,38.5424624793934,-2.93436844191799,-26.3474822529287,1
TCGA-CI-6623-01B,27.8280040058329,-9.51784748727104,-16.1963745361933,1
TCGA-CI-6624-01C,35.804880139246,-6.50044446498746,-28.3408127479413,1
TCGA-CL-4957-01A,33.4446741211159,-8.05434860903046,-16.8122415826807,1
TCGA-CL-5917-01A,39.2169550479067,-4.64515898430115,-29.615350635512,1
TCGA-CL-5918-01A,40.4359456731954,-5.56669986544768,-26.0905346927162,1
TCGA-DC-4745-01A,36.7687343980211,-0.523066066675343,-14.0849148456562,1
TCGA-DC-4749-01A,30.9714613142429,-7.0372611828565,-27.1383700692173,1
TCGA-DC-5869-01A,34.7058944947487,-1.2159290852215,-19.7706610197693,1
TCGA-DC-6154-01A,37.657992198317,-4.7373261730537,-31.1888152458703,1
TCGA-DC-6156-01A,40.5956106027772,-0.0818005965917381,-16.3067684062747,1
TCGA-DC-6157-01A,34.1633156895902,-3.6874119559849,-16.1690882623988,1
TCGA-DC-6158-01A,32.7115806942548,5.70783937331276,-22.037541667549,1
TCGA-DC-6160-01A,32.4025327452816,-4.20678247926461,-14.4456844179346,1
TCGA-DC-6681-01A,32.2938112188119,-2.4155716192764,-18.058612350646,1
TCGA-DC-6682-01A,32.1869051560292,-8.32473449005596,-12.6541987713881,1
TCGA-DC-6683-01A,33.3165412559699,-6.71021111454444,-28.2784821588389,1
TCGA-DY-A0XA-01A,36.6424341992129,-8.11106811470172,-28.0538141571355,1
TCGA-DY-A1DC-01A,23.3950320644468,-6.03987639571241,-19.7587383118448,1
TCGA-DY-A1DE-01A,24.1972158255656,-5.54655493452882,-18.2063356727299,1
TCGA-DY-A1DG-01A,32.0269691048093,-8.2901326431595,-8.82317631285732,1
TCGA-DY-A1H8-01A,24.9061228738928,-5.79858156342348,-23.5692445865453,1
TCGA-EF-5830-01A,41.5791731609662,-8.69751267831478,-30.4090646165592,1
TCGA-EF-5831-01A,38.0535826910198,2.12691494715814,-22.6147131240398,1
TCGA-EI-6506-01A,40.8382981706296,-2.17313432344009,-17.8782768354503,1
TCGA-EI-6507-01A,36.9183337176496,-6.15555129010942,-12.3135584985509,1
TCGA-EI-6508-01A,27.0066413165947,-4.25824366564551,-14.8816838674307,1
TCGA-EI-6509-01A,46.1868982226112,1.60841383894034,-24.0804317004916,1
TCGA-EI-6510-01A,32.4601829279875,-9.38626593646323,-11.9562714587519,1
TCGA-EI-6511-01A,33.5762559994691,-4.22687337703799,-12.3943373507957,1
TCGA-EI-6512-01A,37.4625161629311,-4.43440666463836,-14.9342561792028,1
TCGA-EI-6513-01A,33.8886527868126,-10.9681572328481,-21.0972003735576,1
TCGA-EI-6514-01A,40.9206135879926,-7.67992989895586,-31.8976840138979,1
TCGA-EI-6881-01A,33.4495690486044,-1.09192468698828,-14.8497581021476,1
TCGA-EI-6882-01A,37.0948577680589,-5.06025585607276,-13.2641215265693,1
TCGA-EI-6883-01A,29.3748043974088,-3.1079846437653,-17.4816935937062,1
TCGA-EI-6884-01A,49.2588614502251,2.91056892203474,-20.8531811296573,1
TCGA-EI-6885-01A,34.5231030159608,-2.86816950685592,-29.0984168859397,1
TCGA-EI-6917-01A,30.1263306810785,-6.7418621097415,-17.7847632592819,1
TCGA-EI-7002-01A,37.7467329296457,-3.12722221624528,-30.7919008287176,1
TCGA-EI-7004-01A,39.1687612663704,-4.55867646408396,-18.3354207948074,1
TCGA-F5-6464-01A,42.1843341974202,1.0272978465771,-22.067502622233,1
TCGA-F5-6465-01A,39.9564241898547,-7.04607262013451,-32.6158763209022,1
TCGA-F5-6571-01A,42.3390783713763,5.01841199778732,-19.42701621869,1
TCGA-F5-6702-01A,37.2671231900428,1.08072852947293,-21.8634830382011,1
TCGA-F5-6810-01A,36.1174759831128,-3.09725869761309,-13.3912938913877,1
TCGA-F5-6811-01A,28.9928610633237,-7.33534985800024,-12.8053078873095,1
TCGA-F5-6812-01A,40.5211635995565,2.46776122045654,-18.7245732605023,1
TCGA-F5-6813-01A,40.5982374786849,2.19850497632496,-18.9530317691704,1
TCGA-F5-6814-01A,36.0131828471232,0.114205269818678,-15.8238244864084,1
TCGA-F5-6861-01A,33.5081198313441,-5.25637918209001,-28.2613966182286,1
TCGA-F5-6864-01A,38.166195428118,-1.44926998708038,-27.5726018331211,1
TCGA-G5-6233-01A,33.4423635901153,-12.6678619670031,-24.8614244796774,1
TCGA-G5-6235-01A,28.8091503449591,-7.12202178864843,-11.3596383230186,1
TCGA-G5-6572-01A,36.2209349645,-5.83186241498763,-28.850037575476,1
TCGA-G5-6641-01A,38.1387377545935,1.32843404469959,-22.7903297517441,1
TCGA-AF-2691-01A,-52.2354545268446,3.62209882320812,34.2990746297902,2
TCGA-AF-2692-01A,-46.643955088307,4.48692810495124,30.8673840856307,2
TCGA-AF-3400-01A,-53.3416959986942,6.57172408019687,34.7978465009126,2
TCGA-AF-3911-01A,-45.4344671965421,8.73159199633552,16.4292817680519,2
TCGA-AF-3913-01A,-44.1994939302937,5.38846883923056,29.5097409382765,2
TCGA-AF-4110-01A,-51.6682725345168,7.29945609274999,36.8741148279526,2
TCGA-AG-3574-01A,-53.9569274013062,1.34560609431965,15.7462833397413,2
TCGA-AG-3575-01A,-50.0363942611239,5.04631284096725,28.9824334204735,2
TCGA-AG-3581-01A,-48.685621402127,8.21036382093301,37.6596396560369,2
TCGA-AG-3582-01A,-47.1242310845497,7.62403377337452,21.8906339736656,2
TCGA-AG-3583-01A,-48.8286665272951,5.06066890416572,26.9731642009939,2
TCGA-AG-3584-01A,-52.8122179442137,5.82337067414981,33.0779263545183,2
TCGA-AG-3586-01A,-48.3413996776324,1.81956021261054,29.9278705912671,2
TCGA-AG-3587-01A,-50.9707519163285,7.04519133027455,27.1077868373673,2
TCGA-AG-3591-01A,-47.4500231581933,4.92717932117926,25.2843858755681,2
TCGA-AG-3594-01A,-51.3840641112216,1.208953324558,36.3501984871633,2
TCGA-AG-3598-01A,-48.8962276046458,5.78460868908555,27.2749796964436,2
TCGA-AG-3599-01A,-48.4038618435102,2.94938215668925,16.439708199842,2
TCGA-AG-3600-01A,-51.3218224977998,3.93735584469144,31.1782610794942,2
TCGA-AG-3601-01A,-52.3041001520423,10.4177469142361,35.3509776859462,2
TCGA-AG-3602-01A,-49.9940964658122,6.17115517169054,26.6650853065377,2
TCGA-AG-3605-01A,-51.3822492819378,9.96702922173507,36.9650015808693,2
TCGA-AG-3608-01A,-49.344015501791,10.8197927799453,37.6591694432099,2
TCGA-AG-3609-01A,-51.4224464926297,6.56702639546405,20.2572227590767,2
TCGA-AG-3611-01A,-51.5462572107929,1.76869388292297,31.0286793970989,2
TCGA-AG-3726-01A,-53.4351574774633,6.8592988154088,35.9424919064014,2
TCGA-AG-3727-01A,-52.3405472979329,5.71606859959175,36.133567614747,2
TCGA-AG-3728-01A,-49.3179905487774,8.02884383893485,39.2125188290533,2
TCGA-AG-3878-01A,-52.1912420973673,9.42199382783878,35.209485568362,2
TCGA-AG-3881-01A,-50.6082565636918,8.21850111354753,33.4455761557693,2
TCGA-AG-3882-01A,-50.4572532047532,8.50024294574524,36.5519585243052,2
TCGA-AG-3883-01A,-52.128815703073,7.92046186033549,36.9001787352002,2
TCGA-AG-3885-01A,-50.3879689821228,7.08574885246177,31.8190316776316,2
TCGA-AG-3887-01A,-50.0570647825117,8.00538113007723,29.7011119622154,2
TCGA-AG-3890-01A,-51.1725799306348,1.16190597173568,19.1933876110837,2
TCGA-AG-3892-01A,-49.9159536903616,8.45672705691153,24.6680167976508,2
TCGA-AG-3893-01A,-51.457464306855,0.534994315660677,31.3216068877958,2
TCGA-AG-3894-01A,-49.6694542423829,1.09513843782133,33.1851225370765,2
TCGA-AG-3896-01A,-51.1812145413625,5.55409484673498,31.505708667308,2
TCGA-AG-3898-01A,-50.7984747268031,7.80456401495378,27.2400318293677,2
TCGA-AG-3901-01A,-45.5070944137406,0.421517464375861,32.6293095810352,2
TCGA-AG-3909-01A,-50.9278405529238,1.76252482088658,18.9834670909654,2
TCGA-AG-3999-01A,-51.674996685061,2.84212202455005,15.6775285903208,2
TCGA-AG-4005-01A,-47.278769394484,7.49133834340958,30.4323756359691,2
TCGA-AG-4007-01A,-50.7866751197285,5.31442349077144,21.8015145482608,2
TCGA-AG-4008-01A,-47.7811666760206,6.06725768918348,34.0805414601998,2
TCGA-AG-4015-01A,-50.6636749507564,0.196630076674386,31.0277341429292,2
TCGA-AG-A00C-01A,-50.0023187366356,6.33851389814579,34.7500586129867,2
TCGA-AG-A00H-01A,-50.8394720257492,5.52623281950198,19.0861022230632,2
TCGA-AG-A00Y-01A,-42.3038673362045,4.15373505185207,27.4840662739488,2
TCGA-AG-A011-01A,-49.7357630475984,2.38592096683357,17.1745349570153,2
TCGA-AG-A014-01A,-43.0253572993975,6.82393315784781,31.7352433514104,2
TCGA-AG-A015-01A,-51.0366488929116,3.28370632353222,30.3948183861122,2
TCGA-AG-A016-01A,-53.1187622641672,3.95814728041394,14.2827851616803,2
TCGA-AG-A01J-01A,-50.0456076240585,6.36868318129263,37.1547779596964,2
TCGA-AG-A01L-01A,-49.027333462266,7.82129348918707,36.7477169809935,2
TCGA-AG-A01N-01A,-50.9993899815786,0.756525740334568,12.998777617301,2
TCGA-AG-A023-01A,-46.7686308115092,7.328757401297,32.710795023963,2
TCGA-AG-A025-01A,-50.0433061551589,-0.0111011887414762,13.9018354530464,2
TCGA-AG-A026-01A,-55.5294735987472,0.610354530089787,17.5375715834549,2
TCGA-AG-A02G-01A,-44.2824671893986,3.70507124653419,29.8937913061392,2
TCGA-AG-A02X-01A,-51.3977722796497,1.8360208111827,18.5606978745673,2
TCGA-AG-A032-01A,-47.4737650321836,4.15921203001278,18.7615174524368,2
TCGA-DC-5337-01A,-47.2397490784398,8.35028712121861,20.159142881938,2
TCGA-DC-6155-01A,-46.8356694236552,3.33151074125463,34.6861392528617,2
TCGA-DT-5265-01A,-41.2489035796485,6.66975120670768,34.8559245611097,2
TCGA-DY-A1DD-01A,-52.4299474549444,6.2138129610048,34.5322595496606,2
TCGA-DY-A1DF-01A,-43.4801358134605,6.5232521630351,34.2325626565682,2
TCGA-F5-6863-01A,-52.4628146841909,0.122495352221983,12.9498585889661,2
