Sample,X,Y,Z,Cluster
TCGA-AF-2687-01A,74.5543096307804,-22.5055006599547,40.0352581170487,1
TCGA-AF-2690-01A,75.4892150467001,-23.4807046377925,43.2107145977206,1
TCGA-AF-2692-01A,71.688486846908,-21.2752947471548,39.9000436899125,1
TCGA-AF-3911-01A,75.0014191583354,-23.4754741264872,44.4288706770193,1
TCGA-AF-3913-01A,74.0528965828522,-20.2869397517789,40.7238183699817,1
TCGA-AF-4110-01A,86.5975931896102,-16.9100403459097,32.5839064229891,1
TCGA-AF-A56K-01A,76.8141540971219,-23.7016230976741,37.9852513574501,1
TCGA-AF-A56L-01A,80.8824761583375,-23.398091543554,36.9014208979877,1
TCGA-AF-A56N-01A,67.3412180047853,-21.4480860284436,39.5642750190663,1
TCGA-AG-3574-01A,86.5496497784333,-16.9171129750391,32.5812621324144,1
TCGA-AG-3575-01A,78.3253707209932,-14.4952122703788,33.8722949902118,1
TCGA-AG-3581-01A,85.3577428190501,-18.7275069664139,33.5491940795389,1
TCGA-AG-3582-01A,73.9234736310777,-23.327508000874,43.2381748746586,1
TCGA-AG-3583-01A,78.5296062379451,-15.1042868421225,31.9920727520235,1
TCGA-AG-3584-01A,77.630631438645,-18.0128247083159,34.9072091918452,1
TCGA-AG-3586-01A,78.3055532621073,-20.4651250499147,39.4428791972096,1
TCGA-AG-3587-01A,76.1738010352748,-23.1774716932635,41.7559656432055,1
TCGA-AG-3592-01A,70.8537143584327,-22.1695678267896,42.5998828085326,1
TCGA-AG-3593-01A,77.0409934229374,-17.3358024801531,34.2237795872023,1
TCGA-AG-3598-01A,78.4262833214039,-14.207032698073,32.9511735992037,1
TCGA-AG-3599-01A,79.7743283955237,-20.5220865960107,38.6647488423043,1
TCGA-AG-3600-01A,74.3822054249664,-19.336925327906,33.1512357956142,1
TCGA-AG-3601-01A,83.7363621154922,-19.5784245807833,37.371976378518,1
TCGA-AG-3602-01A,78.411278211451,-14.4125948034313,33.2161809539,1
TCGA-AG-3605-01A,77.0567333582662,-17.5108953845856,34.3245218197026,1
TCGA-AG-3608-01A,78.2152422753058,-14.9498967458717,34.4920577240346,1
TCGA-AG-3609-01A,76.9437443680542,-24.8759389119309,40.1668958037167,1
TCGA-AG-3612-01A,77.519424843428,-22.507811314438,40.2224020785002,1
TCGA-AG-3726-01A,83.0164806715568,-20.307212714058,33.1692577233229,1
TCGA-AG-3727-01A,82.8025606743944,-20.4446192944564,32.5933147075593,1
TCGA-AG-3728-01A,82.277498141533,-21.1644395525483,35.4917112893903,1
TCGA-AG-3731-01A,67.1322735448761,-21.2861336192846,42.0968140984514,1
TCGA-AG-3878-01A,82.8965686695825,-20.5422198459323,32.533831497022,1
TCGA-AG-3881-01A,81.4972270861252,-19.6129903044486,33.3739998155114,1
TCGA-AG-3882-01A,82.4042810732171,-20.4656041902972,34.2195865689321,1
TCGA-AG-3883-01A,81.5132869858927,-19.5017454605195,33.519915994376,1
TCGA-AG-3885-01A,81.7823844095765,-20.2999788831212,33.6855463251127,1
TCGA-AG-3887-01A,77.7768785889174,-21.9362100139137,40.5357320890374,1
TCGA-AG-3890-01A,81.2387881631388,-20.4309535106364,38.4683709580404,1
TCGA-AG-3892-01A,78.4015120679347,-14.4171577491799,34.8983696808587,1
TCGA-AG-3894-01A,79.4886530081727,-20.5602080955725,38.7815019794822,1
TCGA-AG-3896-01A,80.8281230107505,-20.3581381326011,36.8383296481377,1
TCGA-AG-3898-01A,78.1865176925634,-14.9172879664281,34.5215341591436,1
TCGA-AG-3902-01A,75.1785192593498,-18.8428549249212,34.1803397672846,1
TCGA-AG-3909-01A,86.3235252892315,-18.8703186622182,35.9144994190706,1
TCGA-AG-3999-01A,81.792828083555,-21.3919370661533,34.4221116040399,1
TCGA-AG-4001-01A,81.4559474508497,-22.2979955605004,36.5944022825462,1
TCGA-AG-4005-01A,74.8441078583456,-22.4951185058918,39.9446519884854,1
TCGA-AG-4007-01A,81.370594411801,-20.1923081794169,37.9614187165471,1
TCGA-AG-4008-01A,76.8128044076826,-23.4934721735574,45.0567423078702,1
TCGA-AG-4015-01A,77.6623207066596,-18.4774189429418,35.377223771771,1
TCGA-AG-A00H-01A,77.0151342075028,-23.4814961404848,44.0119870915733,1
TCGA-AG-A00Y-01A,76.7345671134429,-22.7513808114367,39.4782445051024,1
TCGA-AG-A011-01A,86.3227234885951,-19.0180700785546,36.4012333119875,1
TCGA-AG-A014-01A,75.7053687190706,-23.3012341461211,41.2120992780314,1
TCGA-AG-A016-01A,81.826908647639,-20.8062031365795,35.2298671878427,1
TCGA-AG-A01J-01A,86.4697599841002,-18.7963207664647,35.8569727235008,1
TCGA-AG-A01L-01A,84.5684216000578,-19.2945183286503,33.3679319078195,1
TCGA-AG-A01N-01A,84.4624163266134,-19.3387243885857,33.3877548786262,1
TCGA-AG-A01W-01A,75.7532294846218,-18.446770802551,34.5941585000632,1
TCGA-AG-A01Y-01A,74.6587815193004,-19.2298443854168,33.4466765784425,1
TCGA-AG-A020-01A,68.6311396093553,-20.0620096662042,39.7610069668537,1
TCGA-AG-A023-01A,76.484926906167,-23.4789473814092,42.4857052143835,1
TCGA-AG-A025-01A,81.7157708920447,-20.7067124194209,32.737169470723,1
TCGA-AG-A026-01A,83.7065283745514,-20.3826810553589,32.8517859725081,1
TCGA-AG-A02G-01A,76.7945502600132,-23.454385112824,38.4174644865411,1
TCGA-AG-A02X-01A,81.3663935863768,-19.8656342060348,39.2181991671305,1
TCGA-AG-A032-01A,81.5229036887511,-21.8748939817852,36.4993915296294,1
TCGA-AG-A036-01A,72.660664982222,-21.800994044651,40.118071739572,1
TCGA-AH-6549-01A,68.160407802721,-21.9598528866601,42.7071630393176,1
TCGA-AH-6643-01A,76.507466581277,-24.0698446859277,42.131064615989,1
TCGA-AH-6897-01A,68.4633089150688,-22.3746943037579,43.1607040556963,1
TCGA-CI-6619-01B,76.2317906537572,-24.1821454991839,44.1919171721022,1
TCGA-CI-6620-01A,67.4066196345562,-21.4478987370896,42.097078120477,1
TCGA-CI-6621-01A,71.7267506932267,-21.271276887802,39.8341191073535,1
TCGA-CI-6623-01B,74.4107916599241,-23.3759666643692,43.4582943930204,1
TCGA-CL-4957-01A,71.616339815642,-21.7772556595298,41.4719113514837,1
TCGA-CL-5917-01A,66.5321511391444,-20.9897694723063,41.2789014862641,1
TCGA-DC-4745-01A,71.7955217850863,-22.0586729064362,42.2483811695116,1
TCGA-DC-4749-01A,76.979910588277,-17.0088279713817,33.6460050869824,1
TCGA-DC-5869-01A,74.3405594302809,-23.3085327103935,44.6348370466586,1
TCGA-DC-6155-01A,81.1605348939392,-20.2274311743888,38.0854451469387,1
TCGA-DC-6160-01A,67.315917722785,-20.5993332072736,40.8841497170494,1
TCGA-DC-6682-01A,67.6088824318429,-22.2699825767056,42.9581482330607,1
TCGA-DY-A1DC-01A,77.9155664939058,-15.513405663201,31.2333427500185,1
TCGA-DY-A1DD-01A,85.9731849029008,-19.2868942418051,36.834988434759,1
TCGA-DY-A1DE-01A,77.8675416053129,-21.2874452664886,40.1430187984008,1
TCGA-DY-A1H8-01A,78.5390711894398,-15.3003396633853,31.7173891619806,1
TCGA-EI-6507-01A,68.7418458851612,-19.8220474557045,39.4488129219427,1
TCGA-EI-6511-01A,68.8144517640265,-20.0054317836507,39.653414206332,1
TCGA-EI-6885-01A,76.6849570701001,-23.6668722022599,44.2759417157398,1
TCGA-EI-6917-01A,67.1203433631488,-21.1025377710782,41.6741590999824,1
TCGA-EI-7002-01A,77.0349408861245,-25.0092732724869,40.0111205610667,1
TCGA-F5-6465-01A,79.9863391418108,-25.9631647694497,37.8099371214705,1
TCGA-F5-6810-01A,71.6802912434999,-21.717882019383,41.2788919370626,1
TCGA-F5-6813-01A,69.8057134303109,-20.2073275364887,38.6573038984876,1
TCGA-F5-6814-01A,70.3459552281397,-20.2024358229569,38.5948004334423,1
TCGA-F5-6863-01A,82.7278471557521,-22.2312481747911,35.5626944793524,1
TCGA-G5-6233-01A,73.4606961493041,-23.1645769200775,43.1277624492006,1
TCGA-G5-6572-01A,79.9602245633988,-25.7584288745419,37.757559752806,1
TCGA-AF-2691-01A,-114.772952769334,25.7357729496406,-56.1989323722902,2
TCGA-AF-2693-01A,-116.114369319451,31.5488645965544,-54.6133497132469,2
TCGA-AF-3400-01A,-117.641271679089,32.9994663849503,-56.9024933890181,2
TCGA-AF-5654-01A,-118.221063829241,38.1967487964117,-60.2908516579822,2
TCGA-AF-6136-01A,-119.45471930688,33.0513504253112,-56.4056480926933,2
TCGA-AF-6655-01A,-121.595821116506,29.5128461682388,-61.1297307269501,2
TCGA-AF-6672-01A,-119.863767148754,32.7488465445546,-56.4280385170531,2
TCGA-AG-3578-01A,-118.235371723404,31.6436459512552,-53.8255046136197,2
TCGA-AG-3580-01A,-120.976299213535,31.6331117132809,-58.3595764627103,2
TCGA-AG-3591-01A,-116.607201898004,30.3625689932201,-55.6020411203729,2
TCGA-AG-3594-01A,-114.644916317716,25.6167076748948,-56.246359381014,2
TCGA-AG-3611-01A,-115.631896778565,26.5017545751398,-55.844035274321,2
TCGA-AG-3725-01A,-116.67087039467,27.6058549720179,-55.8985383407097,2
TCGA-AG-3732-01A,-116.638059235774,29.8143352150173,-55.3405863019204,2
TCGA-AG-3742-01A,-114.126508351396,32.2333574712784,-54.3591633381755,2
TCGA-AG-3893-01A,-114.179846129742,28.7131264432625,-53.2239153188303,2
TCGA-AG-3901-01A,-116.370115156706,27.8130802484345,-55.1315613394363,2
TCGA-AG-4021-01A,-113.475916048781,34.6493491744039,-62.2186141354221,2
TCGA-AG-4022-01A,-115.54898379614,29.9692095450584,-55.7277569484344,2
TCGA-AG-A002-01A,-114.935097409337,31.9737292372478,-56.938022162778,2
TCGA-AG-A008-01A,-113.555495607725,35.1412281615057,-64.6307326334146,2
TCGA-AG-A00C-01A,-118.898394309429,27.6851044802743,-59.2463192464043,2
TCGA-AG-A015-01A,-117.800514279078,36.1644125086354,-57.8855232322506,2
TCGA-AG-A02N-01A,-118.208108894089,31.6828734299453,-54.0702863093544,2
TCGA-AH-6544-01A,-120.925851686062,30.4882703238472,-60.1938385198567,2
TCGA-AH-6547-01A,-116.579755777209,29.4647152665149,-55.2618946656381,2
TCGA-AH-6644-01A,-120.806576274746,28.3561155262665,-57.7620985865086,2
TCGA-AH-6903-01A,-117.514167771735,35.662386774577,-57.5650766153036,2
TCGA-BM-6198-01A,-112.050002323961,30.6671468043981,-58.7492446108914,2
TCGA-CI-6622-01A,-119.063204249158,27.9586794850956,-58.7244851036519,2
TCGA-CI-6624-01C,-116.819190545147,32.1356008270588,-58.0600398581497,2
TCGA-CL-5918-01A,-117.701077083092,27.2879424220826,-60.7784066417827,2
TCGA-DC-5337-01A,-120.875315283248,30.156412116199,-59.7466159679726,2
TCGA-DC-6154-01A,-114.31458967057,29.334506434668,-53.3017573320977,2
TCGA-DC-6156-01A,-119.005269365214,29.3302938587677,-56.8327378550992,2
TCGA-DC-6157-01A,-117.920585803848,37.3367965927028,-59.2640654462351,2
TCGA-DC-6158-01A,-115.499819269275,31.6188730705269,-56.4180112438155,2
TCGA-DC-6681-01A,-118.14041191084,37.9270265170418,-60.000729315522,2
TCGA-DC-6683-01A,-113.983488645482,32.8642494359531,-54.4891278077859,2
TCGA-DT-5265-01A,-120.815360887837,28.6095919829842,-56.969587695036,2
TCGA-DY-A0XA-01A,-112.508892294386,30.6639912776712,-58.4850395209833,2
TCGA-DY-A1DF-01A,-120.250222592115,28.8449973760467,-57.5725715373374,2
TCGA-DY-A1DG-01A,-117.741507569693,27.2899508448452,-60.7879997058868,2
TCGA-EF-5830-01A,-119.232154321804,27.382943609208,-57.5900712754545,2
TCGA-EF-5831-01A,-115.903308512848,31.1105260763835,-55.7221937488552,2
TCGA-EI-6506-01A,-117.994902616968,37.607914728202,-59.4484338701524,2
TCGA-EI-6508-01A,-113.429361784582,34.7507239338247,-62.5117908779954,2
TCGA-EI-6509-01A,-119.636950746292,28.9819897626281,-57.3059153939012,2
TCGA-EI-6510-01A,-117.87336784491,35.7318953814425,-57.6666418428506,2
TCGA-EI-6512-01A,-113.607710294919,35.0882584124474,-64.078928086805,2
TCGA-EI-6513-01A,-113.491699423914,34.5944756938332,-62.0283311578221,2
TCGA-EI-6514-01A,-114.077186019499,31.9723723625235,-54.1621996191941,2
TCGA-EI-6881-01A,-113.597344171096,35.0467890069528,-63.917930152107,2
TCGA-EI-6882-01A,-117.6442197396,32.444047412317,-56.7561706177235,2
TCGA-EI-6883-01A,-115.596411292708,30.2425170913746,-53.5238831488416,2
TCGA-EI-6884-01A,-116.915622657991,30.8784225429957,-54.1863035392584,2
TCGA-EI-7004-01A,-116.316356009623,30.5648153764325,-55.1806801147673,2
TCGA-F5-6464-01A,-119.736295464352,28.3823049204439,-57.4336109978292,2
TCGA-F5-6571-01A,-116.337777207499,29.9203478562183,-55.0525042737353,2
TCGA-F5-6702-01A,-115.041387777401,30.3466657595298,-56.6550833252827,2
TCGA-F5-6811-01A,-121.164864703908,30.0288572416664,-60.4336150599902,2
TCGA-F5-6812-01A,-119.253515017316,28.2324068691004,-57.6270758112274,2
TCGA-F5-6861-01A,-118.605912107474,35.157723296493,-57.3163353607692,2
TCGA-F5-6864-01A,-115.774784276509,29.4472172551048,-54.7338893838365,2
TCGA-G5-6235-01A,-114.730393829188,33.5469386361343,-55.4901074045238,2
TCGA-G5-6641-01A,-116.933326662852,29.2186752740947,-55.5790480469067,2
