Sample,X,Y,Z,Cluster
TCGA-AF-2691-01A,-22.0919416429395,15.4406677414389,10.4682224973489,1
TCGA-AF-2692-01A,-27.8000986631158,12.2482060828719,13.4787586895859,1
TCGA-AF-2693-01A,-23.4112965232587,18.212746103862,12.4621641461794,1
TCGA-AF-3400-01A,-24.3445297281014,17.4544741498772,13.7397696717722,1
TCGA-AF-4110-01A,-21.4321370942744,12.5221677619932,16.6337734552798,1
TCGA-AF-5654-01A,-21.4243832221432,10.2617376564618,15.818727722448,1
TCGA-AF-A56N-01A,-25.2657697989298,7.34275767288438,18.411515456268,1
TCGA-AG-3574-01A,-20.6942572213635,10.516570858815,17.9405238321994,1
TCGA-AG-3575-01A,-26.0433538398426,13.6444648891025,16.0908268107089,1
TCGA-AG-3580-01A,-22.2708308348151,8.61468316517252,16.3272784694732,1
TCGA-AG-3583-01A,-23.3456363639912,10.6239954012275,12.4312154298958,1
TCGA-AG-3586-01A,-25.8086541042388,17.6484695255574,11.3047420380521,1
TCGA-AG-3599-01A,-22.5343261535557,13.9433512391426,9.8580123907272,1
TCGA-AG-3602-01A,-21.4395748269922,11.5681682724966,16.0805720468651,1
TCGA-AG-3725-01A,-27.1092370011567,19.991030285476,11.5110600409098,1
TCGA-AG-3726-01A,-22.1098633653069,16.3855258101136,17.9874623522451,1
TCGA-AG-3727-01A,-23.6540459751023,11.4799781741324,13.0791629684107,1
TCGA-AG-3731-01A,-24.91168922112,12.0145586828481,21.7358236852903,1
TCGA-AG-3878-01A,-24.958092386853,12.1421594340417,13.7758239308785,1
TCGA-AG-3882-01A,-25.4304957656926,10.2019456760586,12.169367777288,1
TCGA-AG-3890-01A,-22.1401745460326,14.2219911104226,10.3228079153266,1
TCGA-AG-3892-01A,-22.6868274783029,15.6775732910236,12.3278687180954,1
TCGA-AG-3894-01A,-24.614740144842,16.5981901930932,16.3120771515784,1
TCGA-AG-3909-01A,-27.3659390032579,11.8953570405595,19.5125197627702,1
TCGA-AG-4007-01A,-21.9289132049774,17.3796721330155,15.6451484429978,1
TCGA-AG-4022-01A,-22.6331713984935,18.9598748315275,16.4745422684333,1
TCGA-AG-A015-01A,-25.5099968128814,13.5496769961044,10.984967387159,1
TCGA-AG-A01J-01A,-25.5288944841119,15.8791585320926,14.4889755275359,1
TCGA-AG-A01L-01A,-24.2522576155131,15.3071875055549,10.4812275469101,1
TCGA-AG-A023-01A,-24.6363897413782,19.9455947902339,13.6708697191615,1
TCGA-AG-A025-01A,-23.5721097387257,14.303142984438,17.0557578661485,1
TCGA-AG-A026-01A,-20.2714433393994,16.1430957798206,19.2973575634091,1
TCGA-AG-A032-01A,-23.9987316964034,16.6747640025272,9.42626944665335,1
TCGA-AH-6547-01A,-27.3758261014902,15.4740858022634,11.3410548648936,1
TCGA-AH-6897-01A,-21.8944642766919,8.56730241001339,13.2353554711435,1
TCGA-BM-6198-01A,-22.9317924901548,18.0455090154271,8.74396447192043,1
TCGA-CI-6622-01A,-25.1195358815433,10.7000500620328,18.8281584769987,1
TCGA-CI-6624-01C,-27.4763673602868,14.0693623372413,14.1963563045531,1
TCGA-EI-6506-01A,-23.4454096408547,15.530923007072,16.1711572507444,1
TCGA-EI-6512-01A,-23.2688993429123,19.1093788281502,12.1780378940413,1
TCGA-EI-6881-01A,-25.3113523017003,15.2388268362257,6.73249910364034,1
TCGA-F5-6464-01A,-26.9560620794624,10.7975054796417,19.2928211627887,1
TCGA-F5-6861-01A,-20.3302885491832,16.253827106741,17.677692405086,1
TCGA-G5-6235-01A,-27.9376259769536,14.5525650119103,14.4688141873593,1
TCGA-AF-2687-01A,50.8567086841414,-13.9881631906457,-43.7688036939685,2
TCGA-AF-A56K-01A,51.2707531932908,-12.2634573140943,-46.9213359074891,2
TCGA-AG-3742-01A,48.8714049258929,-16.7495110322052,-50.2057028695286,2
TCGA-AG-3999-01A,55.1274541415447,-15.780311886199,-43.1526350292973,2
TCGA-AG-4008-01A,51.4626879303841,-15.0320895890625,-40.6954276368034,2
TCGA-AG-A002-01A,48.3328597229855,-19.3986799870662,-46.9084608278523,2
TCGA-AG-A00Y-01A,50.6323038121275,-11.1636904944946,-42.2069444027679,2
TCGA-AG-A016-01A,53.6078416692451,-8.62075316592966,-38.9342876659824,2
TCGA-AG-A01Y-01A,52.6128545363044,-13.841231115621,-47.0801894255293,2
TCGA-AG-A02X-01A,53.6497942037425,-9.70441074836346,-41.439460451731,2
TCGA-AH-6643-01A,49.4307036987163,-11.7279765333398,-50.9835753794386,2
TCGA-CI-6619-01B,48.4731993594154,-14.5904636718069,-45.3720169491518,2
TCGA-CI-6620-01A,50.8827855895258,-13.6457954477842,-43.0493548387545,2
TCGA-CI-6621-01A,51.7104737136742,-18.8752941135647,-44.6458932531671,2
TCGA-CL-5917-01A,51.0640852666915,-8.90088323760761,-44.9356492195069,2
TCGA-DC-6154-01A,49.1489465908524,-14.3552762767305,-49.8417721479625,2
TCGA-DC-6156-01A,48.5184795567792,-15.4233738274005,-44.7305738902931,2
TCGA-DC-6157-01A,53.0887649296223,-10.1733814820239,-44.0066143341662,2
TCGA-DC-6683-01A,51.3825828634092,-18.2752824504298,-45.1006853234568,2
TCGA-DT-5265-01A,45.7009977288054,-14.5876973158856,-43.6252201374018,2
TCGA-EF-5831-01A,53.9896541092996,-9.02348589573737,-45.5211335568843,2
TCGA-EI-6507-01A,48.8169836408355,-18.6057139143611,-47.3438291997629,2
TCGA-EI-6514-01A,50.0308505681775,-17.3595953604018,-48.38242767352,2
TCGA-EI-6882-01A,47.1384323677869,-16.1016969447851,-48.7426802164895,2
TCGA-EI-6885-01A,50.5348367694321,-18.0199071321103,-47.1717038255299,2
TCGA-EI-6917-01A,52.8873063950148,-14.2368902946068,-46.1007793770436,2
TCGA-EI-7004-01A,48.0808550802597,-19.0708118642604,-47.6329847103179,2
TCGA-F5-6571-01A,48.5228947035276,-17.2370466297596,-48.3132370964249,2
TCGA-F5-6702-01A,51.2636730758639,-17.5162728946339,-46.0807856974894,2
TCGA-F5-6810-01A,50.9762936582701,-15.7803072001709,-45.9597105027973,2
TCGA-F5-6811-01A,48.6228208191454,-16.6053107453021,-47.3979172324947,2
TCGA-F5-6812-01A,48.7901019934006,-11.0056172592808,-47.6138253094307,2
TCGA-F5-6813-01A,53.1706201050463,-14.5133142189909,-44.0520778596523,2
TCGA-F5-6863-01A,55.0728619556217,-12.2606476134619,-43.9961812481263,2
TCGA-F5-6864-01A,50.0126101368299,-16.1005832897536,-45.193287762134,2
TCGA-G5-6572-01A,51.6064532951542,-9.65587240841381,-48.4586434798044,2
TCGA-AF-2690-01A,-21.127778634301,0.49359845575709,7.07438912617438,3
TCGA-AF-3911-01A,-16.0838795206527,-0.300620083140305,6.01345895261335,3
TCGA-AF-3913-01A,-4.10854843901853,3.12755872140796,6.20126580287791,3
TCGA-AF-6136-01A,-8.50258215073922,5.82218736444961,5.75206845291685,3
TCGA-AF-6655-01A,-3.51317322014871,-3.22663841105879,7.34649024502769,3
TCGA-AF-6672-01A,-9.70512132996372,-5.34286265797315,17.2319269788593,3
TCGA-AF-A56L-01A,-5.94779694957039,-3.01484183603465,16.66915264378,3
TCGA-AG-3578-01A,-4.48373359646728,-2.27740589907842,22.4648956044529,3
TCGA-AG-3581-01A,-20.5048155725958,5.95963506101219,4.04992141164581,3
TCGA-AG-3582-01A,-15.4319891685495,-0.595280994488245,9.65155409251307,3
TCGA-AG-3584-01A,-9.44273366497093,0.296061138233919,4.02604605004745,3
TCGA-AG-3587-01A,-7.24832134855165,-3.88978568511524,11.56523835892,3
TCGA-AG-3591-01A,-16.7255700075953,4.65771048991033,8.85909762080491,3
TCGA-AG-3592-01A,-10.7826739562543,0.415808848866085,11.354368027797,3
TCGA-AG-3593-01A,-5.03382259901827,-4.86304890153346,8.68367409408597,3
TCGA-AG-3594-01A,-14.9504512194301,6.16370261123915,8.53338894409829,3
TCGA-AG-3598-01A,-15.4409500859205,4.0224637781435,11.5350829210779,3
TCGA-AG-3600-01A,-15.3257150058093,4.10096007230258,11.0205583537954,3
TCGA-AG-3601-01A,-13.03464375769,-1.57146040259773,11.6616247473246,3
TCGA-AG-3605-01A,-13.5915277237093,4.25664540339422,8.6333314152276,3
TCGA-AG-3608-01A,-14.9103452163273,5.71239597659404,4.22783777613959,3
TCGA-AG-3609-01A,-12.597697991521,4.58662467772095,12.2231266127798,3
TCGA-AG-3611-01A,-15.2941474738164,-0.280613418224448,6.58839287138122,3
TCGA-AG-3612-01A,-6.35844713901316,2.04742828614986,8.43313801154574,3
TCGA-AG-3728-01A,-6.11064305164008,4.18144453632067,3.38954434142382,3
TCGA-AG-3732-01A,-5.41479475875616,-5.52949152791449,17.3482875983617,3
TCGA-AG-3881-01A,-18.7059823393433,1.61144619801974,6.24409685910688,3
TCGA-AG-3883-01A,-15.7020336446522,1.7251670342318,12.9702675502491,3
TCGA-AG-3885-01A,-7.08463634399926,1.69998386322494,8.7226856558866,3
TCGA-AG-3887-01A,-16.9619017369708,0.75350829614988,12.4768253235877,3
TCGA-AG-3893-01A,-5.97944697548102,5.6056482468999,5.33170547536816,3
TCGA-AG-3896-01A,-15.2395099685338,-0.369444497911407,11.1874642390628,3
TCGA-AG-3898-01A,-6.0900846113856,-3.96354363599457,12.1722336886611,3
TCGA-AG-3901-01A,-13.7596275557072,-3.58049016192598,19.8279624515021,3
TCGA-AG-3902-01A,-12.4981167311552,-0.374548134181986,11.1460023210807,3
TCGA-AG-4001-01A,-4.52986829932098,-7.21743783997129,17.3690580530823,3
TCGA-AG-4005-01A,-8.43793531817886,0.0457779186899853,12.3546270644135,3
TCGA-AG-4015-01A,-4.50852812866307,1.14321573052948,7.21552307250049,3
TCGA-AG-4021-01A,-5.14548735215714,4.34374164460905,6.69417565588296,3
TCGA-AG-A008-01A,-9.16352710124856,-1.4684464551166,14.8886049924098,3
TCGA-AG-A00C-01A,-3.50646938848688,-2.2115575362114,4.99532595638318,3
TCGA-AG-A00H-01A,-1.33741634848588,-1.85568101634961,19.2092711360374,3
TCGA-AG-A011-01A,-4.87719805393457,-5.23913069875001,16.8181287377574,3
TCGA-AG-A014-01A,-3.60426145231309,-6.90286930534065,16.3460135801677,3
TCGA-AG-A01N-01A,-6.33599545969714,0.834233010093747,5.08450164398635,3
TCGA-AG-A01W-01A,-7.23624865711783,0.0393346320926215,13.2980510372395,3
TCGA-AG-A020-01A,-2.83323100257287,-1.34991910933171,15.0627834554577,3
TCGA-AG-A02G-01A,-4.55379384248103,-6.43291200639015,10.449122047208,3
TCGA-AG-A02N-01A,-5.66092861618724,-1.09938439747603,14.1604917165674,3
TCGA-AG-A036-01A,-6.36934188116804,-2.0363291212765,15.0114039416488,3
TCGA-AH-6544-01A,-6.83189441917172,-3.41256745373699,3.51237153419784,3
TCGA-AH-6549-01A,-3.52291737723462,-0.822118404497692,18.3006407904431,3
TCGA-AH-6644-01A,-6.83562839694634,-7.64580674037606,16.9369059124981,3
TCGA-AH-6903-01A,-12.9743081493042,-6.36858888681829,20.3187828798804,3
TCGA-CI-6623-01B,-7.93738909722479,-5.50710039819623,7.56680248419912,3
TCGA-CL-4957-01A,-8.72068482557923,-0.247536281314538,8.60150903092723,3
TCGA-CL-5918-01A,-0.93500675907745,-5.55689078111591,15.2834728568706,3
TCGA-DC-4745-01A,-14.1580935191038,2.94625880424725,5.96344213150621,3
TCGA-DC-4749-01A,-5.01911186194098,-1.30092385637465,5.2233417657017,3
TCGA-DC-5337-01A,-19.2701873921713,3.48580121113965,9.73343393534743,3
TCGA-DC-5869-01A,-6.80490853091245,-8.91987946410607,14.1802850529201,3
TCGA-DC-6155-01A,-4.40566634813023,-0.420771769519001,7.49124567294549,3
TCGA-DC-6158-01A,-5.49965360159261,-5.84544414716784,14.2981494446978,3
TCGA-DC-6160-01A,-11.5534336594245,-8.17316478869904,17.962274569914,3
TCGA-DC-6681-01A,-8.21868762287191,-5.08972641797286,21.0938456190314,3
TCGA-DC-6682-01A,-4.52995003884393,-6.01259409083576,15.5325758056542,3
TCGA-DY-A0XA-01A,-6.31759701694198,-3.52608383689074,18.6342426565927,3
TCGA-DY-A1DC-01A,-4.08614308137531,0.670743909312199,7.32525201273469,3
TCGA-DY-A1DD-01A,-4.4063025760834,-6.13089717310758,13.0170345176264,3
TCGA-DY-A1DE-01A,-8.34819032160982,1.20682083285606,10.7428554176342,3
TCGA-DY-A1DF-01A,-3.52962714339343,10.019279078193,8.7969072517865,3
TCGA-DY-A1DG-01A,-7.21009531395723,1.06663986978597,1.64820711077098,3
TCGA-DY-A1H8-01A,-9.80973432741959,-6.71428512775425,23.5266524921513,3
TCGA-EF-5830-01A,-5.40214071059842,-4.692310166521,20.4010515302614,3
TCGA-EI-6508-01A,-5.64920570749167,-5.3686513951844,17.0661181993353,3
TCGA-EI-6509-01A,-12.7441226226025,-4.27511132651277,18.8382687554213,3
TCGA-EI-6510-01A,-8.71725047964978,-8.22763471829202,12.6472433805203,3
TCGA-EI-6511-01A,-5.41085633102861,-2.1779943811513,9.52863175258189,3
TCGA-EI-6513-01A,-5.66759946165764,-1.75238107215106,13.627976917592,3
TCGA-EI-6883-01A,-8.79387872901173,-9.73669639981787,15.5247055859231,3
TCGA-EI-6884-01A,-6.10778327367543,7.04684097651461,9.52059087564169,3
TCGA-EI-7002-01A,-7.40592531312021,-6.84698271310712,14.468375157377,3
TCGA-F5-6465-01A,-10.5187573034957,-3.99688463565743,17.1785684979403,3
TCGA-F5-6814-01A,-10.1068920353615,-5.62429242428794,16.7203012088866,3
TCGA-G5-6233-01A,-21.5160089833762,3.48337474803937,7.76903698381312,3
TCGA-G5-6641-01A,-7.31639712981729,-1.12645596599883,16.8394173087307,3
