Sample,X,Y,Z,Cluster
TCGA-4Z-AA7N-01A,0.669854771473545,-20.9705219295633,-15.8566884108794,1
TCGA-4Z-AA7R-01A,-0.0913127214136981,-22.2744038522575,-9.46644275963904,1
TCGA-4Z-AA7S-01A,-3.82040754322883,-25.9179682958588,-11.9686011089412,1
TCGA-4Z-AA87-01A,-4.48836813904121,-25.5508650873222,-12.2461720464411,1
TCGA-BT-A20P-01A,2.41328650685558,-25.5119110655193,-7.75374199770521,1
TCGA-BT-A20Q-01A,-0.312152460352167,-22.0934965326621,-9.34305740397221,1
TCGA-CF-A8HX-01A,3.90042927182028,-25.5457916864029,-7.17002530985561,1
TCGA-CF-A9FF-01A,1.28867201522297,-25.8278242035271,-8.15800666595471,1
TCGA-CF-A9FH-01A,-2.3218427937985,-26.9143583581167,-6.58045929214007,1
TCGA-CU-A3QU-01A,-0.592795557380299,-25.5816572299846,-9.25200770902616,1
TCGA-CU-A5W6-01A,-1.62306850704157,-27.1875834052228,-6.5561852968326,1
TCGA-DK-A1AB-01A,0.600400687998028,-20.9647206659287,-15.2549381486081,1
TCGA-DK-A3IK-01A,-1.41676500934359,-27.9604360445214,-4.8708166233723,1
TCGA-DK-A3IV-01A,-0.463551391059397,-20.2975327480692,-10.1585643659614,1
TCGA-DK-AA6L-01A,0.551747602089841,-29.4379283065505,-6.10816035630647,1
TCGA-DK-AA75-01A,0.0389164881630684,-28.4443968736831,-6.1497684595991,1
TCGA-E7-A3X6-01A,-0.413201341742262,-21.5473526702443,-9.5131859082879,1
TCGA-E7-A6ME-01A,-0.808143645527872,-27.0059676283156,-6.50016426248288,1
TCGA-E7-A7PW-01A,-0.463938626160603,-26.4391542133041,-8.50936480645026,1
TCGA-E7-A85H-01A,0.441001716064634,-22.9131388895115,-9.29419535976008,1
TCGA-FD-A3SJ-01A,-1.88457534842227,-28.7206661573627,-6.89625890278932,1
TCGA-FD-A3SL-01A,-0.381872371262122,-25.9751451400361,-8.11278519801929,1
TCGA-FD-A43P-01A,-0.702661122595872,-26.7228941219247,-8.38760003832178,1
TCGA-FD-A43X-01A,0.592897437613952,-29.1037523943865,-6.02628766785907,1
TCGA-FD-A5C0-01A,-1.32252905265432,-26.2695382534391,-10.5226008313981,1
TCGA-GC-A6I3-01A,-4.53781771971321,-25.5227176251479,-12.2675957180177,1
TCGA-GD-A2C5-01A,-0.38989599195318,-26.3252254911972,-7.67232803592896,1
TCGA-GD-A3OQ-01A,-0.437762494682463,-19.1999981448855,-11.3999069665799,1
TCGA-GU-A42R-01A,0.372315258745867,-22.4690635126619,-10.4576117534576,1
TCGA-GV-A3JX-01A,-0.214132662236618,-26.0814124274801,-5.55230724775847,1
TCGA-GV-A3QH-01A,0.682496085679567,-20.9734900839316,-15.9786195132104,1
TCGA-K4-A3WS-01A,3.44386416783281,-26.7234879174025,-6.32278063000711,1
TCGA-K4-A3WU-01B,-0.607054056702597,-24.8409865546689,-7.95491576477169,1
TCGA-KQ-A41O-01A,3.4572887811919,-26.9275115516899,-6.15330403437625,1
TCGA-KQ-A41Q-01A,-0.525691357517606,-26.6272876224345,-6.1513617989811,1
TCGA-KQ-A41S-01A,-0.475014295553724,-19.3821837637603,-10.9602827345329,1
TCGA-UY-A78K-01A,-0.702821595738536,-25.4168558433605,-10.1435762823258,1
TCGA-UY-A9PD-01A,-4.42017536549512,-24.2679405476055,-11.7625044882336,1
TCGA-XF-A8HC-01A,0.0973005877081271,-26.3357482439746,-9.08719491487536,1
TCGA-XF-A9SV-01A,-0.707632946287312,-26.4635576009588,-8.98086968953437,1
TCGA-XF-AAML-01A,-0.250908565981054,-26.580797103118,-9.39781869933522,1
TCGA-XF-AAMZ-01A,1.46340244445802,-29.3355769571051,-5.54003141002101,1
TCGA-XF-AAN1-01A,-0.706600585706029,-21.9043933405098,-9.14987357718768,1
TCGA-ZF-A9R0-01A,-1.14177981423113,-27.6535349471159,-7.0213142147187,1
TCGA-ZF-A9R7-01A,0.421945924624717,-26.1966089486312,-8.19407676850297,1
TCGA-ZF-AA4T-01A,-4.37662142199961,-24.3096599118874,-11.7590111599613,1
TCGA-ZF-AA4X-01A,-0.475858273977649,-19.8524107400935,-10.5461998916323,1
TCGA-2F-A9KQ-01A,3.56479556512823,41.5504381604126,8.18033992566379,2
TCGA-2F-A9KT-01A,-7.84827817578677,32.6425927636845,15.3518119448924,2
TCGA-2F-A9KW-01A,1.44448857555972,39.7429380184822,7.71049018801903,2
TCGA-4Z-AA7M-01A,3.00098813814613,40.8383210009977,10.7471007953652,2
TCGA-4Z-AA7Q-01A,-0.10542245786629,26.1522683366224,19.9298720577186,2
TCGA-4Z-AA7W-01A,-5.34527782965865,27.1304208226914,15.5910789292095,2
TCGA-4Z-AA81-01A,-10.035725520181,41.0732238388808,15.6078414170404,2
TCGA-4Z-AA82-01A,0.713684304338676,39.8297435977243,7.05789693714092,2
TCGA-4Z-AA83-01A,-10.3411925926794,38.6931865752342,6.0289962346119,2
TCGA-4Z-AA84-01A,6.57843437057058,36.8552760348814,9.67266743821954,2
TCGA-4Z-AA86-01A,-8.21906833267697,37.6865805461203,12.641916985778,2
TCGA-5N-A9KI-01A,-0.561571971486297,25.9073570697109,18.9278696137844,2
TCGA-BL-A13I-01A,-4.77773238786487,33.7273624242722,5.08651102839338,2
TCGA-BL-A13J-01A,4.62338570372535,32.9008580688968,-0.750071268794124,2
TCGA-BL-A13J-01B,4.6040439889875,32.9001924836118,-0.7859907578379,2
TCGA-BL-A3JM-01A,-0.422287908338264,39.9989706580423,7.41594073873912,2
TCGA-BL-A5ZZ-01A,3.00838022115925,38.2633322588579,9.69045958222002,2
TCGA-BT-A0S7-01A,5.20599305350334,36.8086662638539,4.365987805349,2
TCGA-BT-A20J-01A,-6.83768285555961,42.2129532442388,13.2689104867233,2
TCGA-BT-A20N-01A,2.31033468789041,40.6405040221959,4.56367135147941,2
TCGA-BT-A20O-01A,-5.1255401604539,38.4793282725226,6.4095584192935,2
TCGA-BT-A20R-01A,-0.668626471176322,26.3974874384413,19.5417379422906,2
TCGA-BT-A20T-01A,-2.06733945582355,22.811414736363,18.9114479357859,2
TCGA-BT-A20V-01A,-8.64609925597249,34.0108321568462,16.3391820226999,2
TCGA-BT-A20X-01A,0.94898453115695,39.7924895608693,7.33601807318295,2
TCGA-BT-A2LA-01A,2.66908977975012,40.1173402605276,11.343671635122,2
TCGA-BT-A2LD-01A,-11.5690546736438,41.573689179766,14.1794552880113,2
TCGA-BT-A3PH-01A,5.62911972223389,36.1278199725643,7.09760925468492,2
TCGA-BT-A3PJ-01A,-8.10230281302075,37.3813149553896,12.1513654173862,2
TCGA-BT-A3PK-01A,-6.40809211245838,28.6315205481589,14.4266961611417,2
TCGA-BT-A42E-01A,3.46038170943658,35.7645610553846,13.1303417249553,2
TCGA-BT-A42F-01A,-5.30953819263672,27.3343090935679,15.8059763546537,2
TCGA-C4-A0EZ-01A,-3.30237567336754,33.2422728038681,16.6976255447363,2
TCGA-C4-A0F0-01A,3.23287617395374,41.1427462985601,8.35141240195849,2
TCGA-C4-A0F1-01A,2.14012365802603,39.5756118389735,7.46005166668623,2
TCGA-C4-A0F7-01A,-6.3666213573301,39.7121800360773,12.206636242543,2
TCGA-CF-A1HS-01A,-5.17488754148109,43.4193113926312,11.9604219004894,2
TCGA-CF-A3MF-01A,-12.1379987922264,41.2438981042732,6.18277388821371,2
TCGA-CF-A3MH-01A,0.796122243538494,24.7643735367427,19.4139408600079,2
TCGA-CF-A3MI-01A,-10.5137995869281,43.1192654391038,4.70342643429926,2
TCGA-CF-A47T-01A,-1.04553869486867,32.8383186796858,16.1197178052583,2
TCGA-CF-A47V-01A,-10.8101553262878,42.1053528858273,5.28839406397654,2
TCGA-CF-A47W-01A,9.49228266859112,32.7483114882336,7.70496919578477,2
TCGA-CF-A47X-01A,-9.88189502011335,40.2220309494252,3.5025914093921,2
TCGA-CF-A8HY-01A,4.53578155682839,35.3794786319847,12.0532400635632,2
TCGA-CU-A0YN-01A,-7.93552007403434,35.7921318613581,16.3584385843045,2
TCGA-CU-A3KJ-01A,1.19411004565768,37.5131193049062,6.25589374545734,2
TCGA-CU-A3YL-01A,-11.8210802998215,41.5565865394483,6.4751115684578,2
TCGA-CU-A72E-01A,-5.26160325722323,26.7440699024758,15.9363316966368,2
TCGA-DK-A1A3-01A,-1.11041627796804,26.9667702478774,19.840582347195,2
TCGA-DK-A1A5-01A,-1.03937613164859,27.6379067276066,22.6408299086564,2
TCGA-DK-A1AE-01A,1.23906712343807,38.0099385985147,2.39319828254183,2
TCGA-DK-A2HX-01A,-2.31813450806968,27.2897439114767,19.1794418778975,2
TCGA-DK-A2I2-01A,5.71998893044531,37.0914457215076,4.18089578009817,2
TCGA-DK-A2I4-01A,-1.66416223732778,28.2282911792978,21.5693899030814,2
TCGA-DK-A2I6-01A,-1.91036267962784,40.642841560595,9.55170452169109,2
TCGA-DK-A3IL-01A,-2.33397976298278,26.2000472311972,18.9230167791994,2
TCGA-DK-A3IM-01A,-6.74773308470939,40.496764027352,9.53104112978569,2
TCGA-DK-A3IQ-01A,-8.00533707506344,35.3081825975195,16.5563912741066,2
TCGA-DK-A3IU-01A,-5.07425493201287,30.3606263432587,18.0371100239976,2
TCGA-DK-A3WW-01A,-3.16483578158924,41.0111471033744,14.6320925932053,2
TCGA-DK-A3WX-01A,-6.84950246203,33.2375720432348,13.8769540973802,2
TCGA-DK-A3WY-01A,-8.17056653518206,40.0267373041904,12.6576417823806,2
TCGA-DK-A3X2-01A,-6.6521895481688,31.1947530985546,17.1739696883451,2
TCGA-DK-A6AV-01A,5.62877609775077,30.9919150190597,6.28454395415031,2
TCGA-DK-A6AW-01A,2.33578113196031,36.8064995669742,3.04249235416898,2
TCGA-DK-A6B0-01A,0.581548150430952,36.7847966484646,14.5369641975003,2
TCGA-DK-A6B1-01A,0.80141599075888,26.2495805852315,19.2150206949332,2
TCGA-DK-A6B5-01A,-10.2046029237233,33.8884193987897,7.94472483458693,2
TCGA-DK-AA6M-01A,4.05658233576623,37.6832087797398,14.9242855726973,2
TCGA-DK-AA6Q-01A,-10.3375352811557,33.5796289921545,7.94972532656776,2
TCGA-DK-AA6R-01A,1.90720888215908,37.7615975912072,10.3054259967475,2
TCGA-DK-AA6S-01A,-9.89048503855282,41.3339947984952,8.77891898701188,2
TCGA-DK-AA6T-01A,-5.52612454642115,40.3580806201246,11.7438863677412,2
TCGA-DK-AA6W-01A,1.14807132959567,40.91660507786,5.01486358973464,2
TCGA-DK-AA6X-01A,-0.254698735121041,26.3799710728731,22.9702249943144,2
TCGA-DK-AA71-01A,-3.02515881326778,29.2595128968504,16.6752134390308,2
TCGA-DK-AA74-01A,-0.252374633169865,33.7480824288277,15.1549984089062,2
TCGA-DK-AA77-01A,3.27488900613471,42.8927285132928,5.63585319720881,2
TCGA-E5-A4TZ-01A,-4.20731668837966,29.617619332658,17.7919999551153,2
TCGA-E5-A4U1-01A,9.31519142372437,32.9474080382836,7.9420376244115,2
TCGA-E7-A3Y1-01A,-10.619099908821,42.2359638976179,5.15059292991065,2
TCGA-E7-A4XJ-01A,-3.1709979554369,30.0203884028762,19.4407522636718,2
TCGA-E7-A519-01A,-12.2045261483795,40.8720685299831,6.17736362666776,2
TCGA-E7-A541-01A,-12.3639164283154,35.7592014641535,12.3512692990169,2
TCGA-E7-A677-01A,-3.60781598933573,40.9627057841911,6.63482568131359,2
TCGA-E7-A678-01A,2.21528042855968,36.245686673829,0.258937152072901,2
TCGA-E7-A6MF-01A,-5.17136484268842,36.1291227823317,5.81019472528847,2
TCGA-E7-A7DV-01A,-5.11478693819845,41.0917656618195,6.44167943328055,2
TCGA-E7-A7XN-01A,-3.70046713697941,28.4261469555667,17.8792243524985,2
TCGA-E7-A8O8-01A,3.73322675412387,36.7679262836945,4.20114743555633,2
TCGA-E7-A97P-01A,-9.49254806635503,38.01557515458,10.0662218645359,2
TCGA-E7-A97Q-01A,0.00700115092552247,37.164804108939,5.10787906304023,2
TCGA-FD-A3B3-01A,-7.87445540676371,39.4093405703478,12.3568653054654,2
TCGA-FD-A3B4-01A,-7.30424782042716,39.8205701131749,9.37139101405634,2
TCGA-FD-A3B5-01A,-6.88260882060298,29.6760903777782,14.0914109096732,2
TCGA-FD-A3B6-01A,-11.8233710606529,41.6038654957541,13.6710705755116,2
TCGA-FD-A3B7-01A,-6.08306285946888,31.7139033484503,17.7368371640608,2
TCGA-FD-A3B8-01A,-4.82213757917963,38.8544750907637,8.52564128934206,2
TCGA-FD-A3N5-01A,-7.28103889979433,31.6812202432259,15.7697409489739,2
TCGA-FD-A3N6-01A,-3.23565132117354,40.9788672863207,14.7052067598897,2
TCGA-FD-A3SN-01A,3.73435652948042,37.8761391310936,9.83218167833403,2
TCGA-FD-A3SO-01A,-5.09835270673596,42.1962244652374,9.70845310233409,2
TCGA-FD-A3SP-01A,-8.40062306364785,40.5887259460051,12.9842654988385,2
TCGA-FD-A3SQ-01A,-7.36224704823764,34.3277415688328,18.2125531895737,2
TCGA-FD-A3SR-01A,-1.45568589331572,27.2979176553751,19.019857615373,2
TCGA-FD-A3SS-01A,-1.36758493867497,26.5584470419419,19.2494154510355,2
TCGA-FD-A43S-01A,6.81051678599237,34.2203439029088,8.93433224367997,2
TCGA-FD-A43U-01A,8.22763210671292,34.0809651769325,9.16998600034958,2
TCGA-FD-A43Y-01A,-6.84660908711661,33.3302862937474,13.8842257085283,2
TCGA-FD-A5BR-01A,2.15237413001863,36.3629847560791,0.389167525314521,2
TCGA-FD-A5BS-01A,-3.21206831575442,30.0824614590544,18.888923523629,2
TCGA-FD-A5BT-01A,-0.592359527628323,33.4368611264071,15.5490054078005,2
TCGA-FD-A5BU-01A,-7.2196793733725,30.1937077672208,13.571992512541,2
TCGA-FD-A5BX-01A,1.28510709607084,35.5676213963873,14.1121819214047,2
TCGA-FD-A5BY-01A,-8.12159145497079,38.9535153742762,9.54297991674546,2
TCGA-FD-A5BZ-01A,-4.47580306552582,33.5070111261574,17.5040473164608,2
TCGA-FD-A5C1-01A,6.3724016808158,37.6295634812423,10.2579055716677,2
TCGA-FD-A62N-01A,2.04220664244377,36.1952602605896,13.5890900636927,2
TCGA-FD-A62P-01A,-6.18474910391424,27.9407093877227,14.6025479678906,2
TCGA-FD-A62S-01A,-8.14869286235399,41.0267090452769,13.0338860693044,2
TCGA-FD-A6TB-01A,-3.55954221907839,42.4355237901027,8.96216538207012,2
TCGA-FD-A6TC-01A,-0.0489237960653784,25.7994432102349,22.3802648462109,2
TCGA-FD-A6TD-01A,2.87344437402771,36.0567012648819,13.4479617629837,2
TCGA-FD-A6TE-01A,-0.767223650116566,27.2699393135585,22.9003133101411,2
TCGA-FD-A6TF-01A,-8.19009976568648,36.0065646293446,16.2350751314186,2
TCGA-FD-A6TG-01A,-7.26091605140754,27.456703211517,13.1119788880339,2
TCGA-FD-A6TH-01A,4.21544182669009,37.7566664634305,14.9551106101757,2
TCGA-FD-A6TI-01A,-4.74802126371835,33.7108981397144,5.16781924793187,2
TCGA-FD-A6TK-01A,-8.55401154569553,37.1003298958291,15.5389408545132,2
TCGA-FJ-A3ZE-01A,-10.86206315225,32.449649447157,7.62924202594291,2
TCGA-FJ-A871-01A,1.65089098840432,35.2802495558345,13.422264282486,2
TCGA-FT-A3EE-01A,-9.34897175812772,41.3096246819244,15.1923865350589,2
TCGA-FT-A61P-01A,-9.68507416672628,41.1150098221738,15.4364507353447,2
TCGA-G2-A2EF-01A,-4.68349490887697,40.9693129421101,6.50442866214166,2
TCGA-G2-A2EJ-01A,0.96983746130471,37.5118783094671,6.19652834295486,2
TCGA-G2-A2EL-01A,0.693304456109607,41.472514196673,9.62822152381741,2
TCGA-G2-A2EO-01A,-1.7649712630582,31.8641837805645,16.6159624469775,2
TCGA-G2-A2ES-01A,2.69100395781233,38.2670544615634,6.14322843358809,2
TCGA-G2-A3IB-01A,5.64059072546267,30.9444510204339,6.32224874139057,2
TCGA-G2-AA3C-01A,4.16750803501409,35.3986178206654,12.3137841927206,2
TCGA-GC-A3I6-01A,-2.08381092725906,28.8555455447308,21.59644203404,2
TCGA-GC-A3RB-01A,9.31856096860472,36.2632394053175,10.2531498499715,2
TCGA-GC-A3RC-01A,-11.5149567160106,41.5617442403268,14.3149188673679,2
TCGA-GC-A3RD-01A,4.60690557228398,29.8663274350879,5.07294628361015,2
TCGA-GC-A3WC-01A,1.16684673061664,38.3226642539087,2.48515733807341,2
TCGA-GC-A3YS-01A,1.54032640189711,40.9897582680343,8.82946542821317,2
TCGA-GC-A4ZW-01A,-8.693657744825,39.2982768723417,10.2157152663302,2
TCGA-GC-A6I1-01A,1.78200817105662,34.536419802419,11.3347122095793,2
TCGA-GD-A3OS-01A,3.36379265230413,35.5711621297164,13.0923537029333,2
TCGA-GD-A6C6-01A,8.40690779930565,33.9424282355295,8.96457536360827,2
TCGA-GU-A42Q-01A,2.12488268703845,37.606779536165,5.80798328069856,2
TCGA-GU-A762-01A,-8.15025144266308,39.4862964021475,9.75866700843478,2
TCGA-GU-A763-01A,4.23849642778156,35.0741743480955,11.0473219856023,2
TCGA-GU-A764-01A,-3.64949861182808,33.14099586891,17.1140253211545,2
TCGA-GU-A766-01A,-4.60779464308984,38.7555717902437,8.55929945595463,2
TCGA-GU-AATO-01A,-0.404487564978675,26.8714052137491,18.2661680792851,2
TCGA-GU-AATP-01A,-7.73740181286626,34.6379212518444,17.6399696208843,2
TCGA-GV-A3JV-01A,-9.93977815268837,40.3667754358002,3.77750988168434,2
TCGA-GV-A3QG-01A,-2.67488241406944,27.3593374053204,19.6402838360039,2
TCGA-GV-A40E-01A,5.57983511615313,37.4697860398829,10.2024472399064,2
TCGA-HQ-A2OE-01A,3.12385188699899,42.746510623794,5.61583711366591,2
TCGA-HQ-A5ND-01A,2.88817548295279,35.3556470488685,-0.266692333834521,2
TCGA-HQ-A5NE-01A,-9.51577508468112,41.1913849398325,15.3771620706682,2
TCGA-K4-A3WV-01A,0.910917588926743,42.0124311360272,4.50773793989259,2
TCGA-K4-A4AC-01A,-6.32417416386405,28.7141526755067,14.4693427438882,2
TCGA-K4-A54R-01A,-1.83457825358078,27.1188095709456,18.8739167184134,2
TCGA-K4-A5RH-01A,-8.79407153934856,37.7171235153261,14.2659231771364,2
TCGA-K4-A5RJ-01A,-7.22597676458886,41.6057859649738,7.14918678069159,2
TCGA-KQ-A41N-01A,-2.76985775690458,25.4524778656571,19.1701373184973,2
TCGA-KQ-A41P-01A,2.36649402393007,36.8406333808768,2.99930640979756,2
TCGA-KQ-A41R-01A,-2.31190936175255,23.023472804018,19.0227315027161,2
TCGA-LC-A66R-01A,-7.48567974048084,39.6993283312489,12.0431951880297,2
TCGA-PQ-A6FI-01A,2.69026356329753,40.0260300152495,11.4946983856873,2
TCGA-PQ-A6FN-01A,7.00198684345014,35.8397664303009,9.69403504667658,2
TCGA-S5-A6DX-01A,-2.74487672114519,31.0377702880954,17.2732670126924,2
TCGA-S5-AA26-01A,-10.5235018783883,42.8466091033802,4.86532438752417,2
TCGA-SY-A9G5-01A,-3.46434265073147,29.2506542951133,18.5077565368125,2
TCGA-UY-A78L-01A,-0.636648671378387,25.2895336495894,19.7249122661499,2
TCGA-UY-A78M-01A,7.18565108644095,35.1820580991855,9.22669647601229,2
TCGA-UY-A78N-01A,-6.23181425554383,27.7467120766639,13.7610688407563,2
TCGA-UY-A78P-01A,-12.8682764058187,41.3011237397559,5.64829172657947,2
TCGA-UY-A8OB-01A,-8.76958193411702,37.5414587646731,14.7649957034767,2
TCGA-UY-A8OC-01A,1.93830251142181,36.8792119546184,11.765425982715,2
TCGA-UY-A8OD-01A,0.305186789615761,25.3984774007685,19.4279398662654,2
TCGA-UY-A9PB-01A,1.53740767085129,37.2267751941315,10.8058848308144,2
TCGA-UY-A9PE-01A,-3.87916994961664,26.9793477188892,15.5266025697086,2
TCGA-XF-A8HB-01A,0.57161874574866,40.2103122927775,11.0116718912787,2
TCGA-XF-A8HD-01A,6.22334228914084,37.5376742397525,3.82861561413945,2
TCGA-XF-A8HE-01A,9.22793748266382,36.2716717983339,10.2553684968088,2
TCGA-XF-A9SI-01A,-7.41099194143799,34.6306720740916,13.5231959567967,2
TCGA-XF-A9SJ-01A,-5.41593276641388,27.4156807197816,13.0809559191117,2
TCGA-XF-A9SK-01A,-8.04851722456386,34.6861355223311,17.1035609914878,2
TCGA-XF-A9SL-01A,6.45731551378916,38.2345709209372,10.5047616828382,2
TCGA-XF-A9SM-01A,-9.33935960050752,38.2125601344919,10.1516814500539,2
TCGA-XF-A9SP-01A,7.03517653116655,34.3754914495987,10.3001379982212,2
TCGA-XF-A9ST-01A,1.96581303474868,40.1700928559109,10.5600632005651,2
TCGA-XF-A9SU-01A,8.27953671699187,35.9707815871008,9.98529753324494,2
TCGA-XF-A9SW-01A,-5.94947807781071,41.1461925082527,11.0003027167094,2
TCGA-XF-A9SX-01A,1.45072299273901,37.1043301222132,10.662063474569,2
TCGA-XF-A9SY-01A,0.311235920140664,39.2888125417297,7.36073605341413,2
TCGA-XF-A9SZ-01A,-0.408314831479488,25.6206813096601,17.7207543708803,2
TCGA-XF-A9T0-01A,5.59020414290635,36.7267078180725,4.54151970580696,2
TCGA-XF-A9T2-01A,-0.206008965366542,33.9097367098566,13.8076789645229,2
TCGA-XF-A9T3-01A,-8.02681987522238,38.5185476103782,12.5605557345513,2
TCGA-XF-A9T4-01A,-6.25853749586045,33.2190164054404,17.9680240748122,2
TCGA-XF-A9T5-01A,6.99069751577826,36.2909994128056,9.61014640467948,2
TCGA-XF-A9T6-01A,0.160132839724417,33.9966801609507,13.9368647999681,2
TCGA-XF-A9T8-01A,-3.37649279435076,28.5122953984327,18.2457908431656,2
TCGA-XF-AAME-01A,-5.0185029964927,41.5545027765564,9.4641710641306,2
TCGA-XF-AAMG-01A,-6.79759565132201,27.6453181667961,13.6922696458316,2
TCGA-XF-AAMH-01A,-3.5660641941633,29.3843633907179,17.3694435706804,2
TCGA-XF-AAMQ-01A,-5.93593654609826,27.5898394504773,16.6770728973203,2
TCGA-XF-AAMR-01A,-1.53129954961594,27.9795000296497,21.3260094543517,2
TCGA-XF-AAMT-01A,-9.95565906647829,41.1983980443103,8.80052413516522,2
TCGA-XF-AAMW-01A,2.65565001791121,38.6792206349667,6.98325205397826,2
TCGA-XF-AAN0-01A,-4.52736224329385,28.395945642237,17.6441476579575,2
TCGA-XF-AAN2-01A,-5.53043243727785,42.836770947883,11.8564684490186,2
TCGA-XF-AAN3-01A,1.87619179066327,36.3323347515102,-0.180283431059074,2
TCGA-XF-AAN4-01A,-6.30804443343848,41.0591144023227,9.90139593661431,2
TCGA-XF-AAN5-01A,1.1217952107648,39.0330265106159,2.67042120812715,2
TCGA-XF-AAN7-01A,-7.44811946691537,31.9690809045379,15.8990508530567,2
TCGA-XF-AAN8-01A,-5.5745946532828,41.1915264295013,7.26347673101767,2
TCGA-YC-A89H-01A,3.88328886180007,36.8084603043498,4.20817738517098,2
TCGA-YC-A8S6-01A,-4.5282270335053,41.2332328798098,9.20828566187891,2
TCGA-YC-A9TC-01A,2.22826344308147,39.6173459375532,7.81844775740976,2
TCGA-YF-AA3L-01A,6.82523240223721,35.0379332531519,9.66156819723237,2
TCGA-YF-AA3M-01A,-9.74056078407194,38.3067334572366,11.8355864524671,2
TCGA-ZF-A9R9-01A,-4.51361384363311,27.4914269490728,15.9842029237646,2
TCGA-ZF-A9RC-01A,1.70630434505046,34.1497070288267,11.1033808160951,2
TCGA-ZF-A9RD-01A,2.06335375583966,40.9457314513557,8.86067888182383,2
TCGA-ZF-A9RE-01A,-3.95821251061426,34.3950450236346,5.95068988950484,2
TCGA-ZF-A9RF-01A,-7.49750600269679,41.4571856665504,7.78861396283983,2
TCGA-ZF-A9RN-01A,1.59162499957334,40.9023576784404,4.97941165728034,2
TCGA-ZF-AA4N-01A,-2.04771167993267,39.7422681911961,4.43908504586558,2
TCGA-ZF-AA4R-01A,-0.269846639355827,25.9835452135129,19.2884739393159,2
TCGA-ZF-AA4V-01A,-12.2505912113002,35.8178956667946,12.3482081044854,2
TCGA-ZF-AA4W-01A,1.6398986206519,34.6232692733806,12.3357954468612,2
TCGA-ZF-AA52-01A,-2.61159337789899,30.6359262707326,17.8581141467723,2
TCGA-ZF-AA53-01A,0.890812114344619,35.0666532895442,14.595665371816,2
TCGA-ZF-AA54-01A,-1.89409968969142,39.7276322406748,4.52741928973105,2
TCGA-ZF-AA58-01A,-10.3050234636569,38.6491741945874,6.09187231651952,2
TCGA-ZF-AA5H-01A,-9.47813143898538,38.9345018105406,15.8684822383251,2
TCGA-ZF-AA5N-01A,5.87618041751237,36.0485002266165,7.36572806306824,2
TCGA-ZF-AA5P-01A,-6.42084143744441,41.6054268973845,11.7670825308926,2
TCGA-2F-A9KO-01A,5.10190666869547,-65.5387644947361,-17.5725148544792,3
TCGA-2F-A9KP-01A,1.15856260984234,-65.6968176787029,-28.4722079372209,3
TCGA-2F-A9KR-01A,-0.0323063424621641,-64.0151190506465,-27.3693726434269,3
TCGA-4Z-AA7O-01A,7.62992563642229,-64.3811798072929,-26.7984200831125,3
TCGA-4Z-AA7Y-01A,10.8695739679525,-60.1674461485999,-21.2966024668112,3
TCGA-4Z-AA80-01A,1.57778687929092,-62.2379322907506,-22.9516059475646,3
TCGA-4Z-AA89-01A,5.70466825223806,-66.6134233340748,-20.8144136120875,3
TCGA-5N-A9KM-01A,7.63701841839868,-58.7577208934452,-19.3117348938529,3
TCGA-BL-A0C8-01A,3.04629147295786,-64.361508164444,-18.5356367396414,3
TCGA-BL-A0C8-01B,4.55011664213677,-63.3338294195658,-18.0248892364182,3
TCGA-BL-A13I-01B,9.71181418243443,-63.7790652887757,-22.1713376054544,3
TCGA-BT-A0YX-01A,7.73669046694518,-62.3427969509365,-19.8162147530221,3
TCGA-BT-A20U-01A,9.62389116263793,-63.6544154193266,-21.5065776260627,3
TCGA-BT-A20W-01A,2.46054387237134,-62.9043642085967,-23.7485212536617,3
TCGA-BT-A2LB-01A,4.25528500297999,-62.1024975450777,-17.8487887206915,3
TCGA-BT-A42C-01A,3.73273071681578,-63.3861104882662,-22.8111540035798,3
TCGA-C4-A0F6-01A,1.1886852332336,-60.6757719380161,-16.5439368837325,3
TCGA-CF-A1HR-01A,8.38058475918355,-60.8586541499203,-16.3575027994991,3
TCGA-CF-A27C-01A,4.1717549181988,-60.772630074297,-16.8952265049917,3
TCGA-CF-A3MG-01A,2.77271534878867,-64.4100397505253,-18.6608253188227,3
TCGA-CF-A47S-01A,9.31119862100582,-64.9885038825878,-25.854219042758,3
TCGA-CF-A47Y-01A,9.24331919955955,-63.9286194339582,-23.9645889827712,3
TCGA-CF-A5U8-01A,5.64721690734315,-65.3474011923979,-24.9189445990788,3
TCGA-CF-A5UA-01A,0.780404665794711,-65.4132797845814,-28.5586629665758,3
TCGA-CF-A7I0-01A,1.64042096168927,-69.9521262409436,-23.5563228112849,3
TCGA-CF-A9FL-01A,4.6213612183258,-59.7270452528938,-22.5556476669888,3
TCGA-CF-A9FM-01A,9.19002647036342,-64.4014008191216,-23.6626610161709,3
TCGA-CU-A0YO-01A,3.41227157048712,-68.9245452768178,-25.5051395523558,3
TCGA-CU-A0YR-01A,4.1437719986652,-63.3647253802758,-21.3669657250237,3
TCGA-DK-A1A6-01A,0.337569372903131,-61.4925093473288,-23.089170709851,3
TCGA-DK-A1A7-01A,4.28097716230866,-62.1734628334153,-21.6665638008387,3
TCGA-DK-A1AA-01A,9.0043972153258,-63.8966596755379,-21.7176583142354,3
TCGA-DK-A1AC-01A,1.22664114495811,-62.0172989836081,-22.9769955664372,3
TCGA-DK-A1AD-01A,2.6062517744718,-58.8199542182503,-16.2364000555457,3
TCGA-DK-A1AF-01A,7.49006425692948,-56.4969799703015,-21.7924521298891,3
TCGA-DK-A1AG-01A,5.49556202284057,-65.3979830107215,-24.9003393225723,3
TCGA-DK-A2I1-01A,4.32587459461155,-61.9075215599727,-21.6307055803788,3
TCGA-DK-A3IN-01A,3.61825090247268,-66.7644277621384,-25.8278076320622,3
TCGA-DK-A3IS-01A,4.23923297152506,-58.545355374833,-15.9499512127077,3
TCGA-DK-A3IT-01A,1.58712464613542,-59.9405191646129,-14.7666590071509,3
TCGA-DK-A3X1-01A,8.10585681547268,-58.6119047017204,-19.7598740001784,3
TCGA-DK-A6B2-01A,1.6858676555633,-60.0760125360879,-14.9398309710064,3
TCGA-DK-A6B6-01A,3.86265581545066,-61.6024148569336,-17.3281641245596,3
TCGA-DK-AA6P-01A,3.97718561743468,-62.9198231875223,-17.9728747455606,3
TCGA-DK-AA6U-01A,3.66478583409982,-63.9471989226424,-15.7390456152093,3
TCGA-DK-AA76-01A,3.64068704163318,-62.0441341916326,-17.3330954925203,3
TCGA-E5-A2PC-01A,2.51346983252958,-59.1183974527402,-16.4263558461523,3
TCGA-E7-A4IJ-01A,1.6193401319362,-58.4290159749411,-16.0654750323606,3
TCGA-E7-A5KE-01A,6.08687042474221,-60.3364788513716,-20.0286231689025,3
TCGA-E7-A5KF-01A,6.34332889781084,-63.0587800735411,-18.5742540519626,3
TCGA-E7-A6MD-01A,7.83677516949514,-64.733521332511,-17.2935990842826,3
TCGA-E7-A7DU-01A,3.02750035214179,-64.6913906337279,-17.2161360356544,3
TCGA-E7-A8O7-01A,6.86949893780381,-63.5793699758803,-17.5475767268188,3
TCGA-FD-A3NA-01A,4.71844935415384,-62.3728519351295,-15.8447104195274,3
TCGA-FD-A3SM-01A,7.33334674271007,-63.269428371498,-17.8045697688749,3
TCGA-FD-A43N-01A,2.19645092952196,-65.8120456622417,-16.4265867321559,3
TCGA-FD-A5BV-01A,4.50491115588072,-65.2362450130938,-24.7927619249097,3
TCGA-FD-A62O-01A,2.74558836536099,-69.6426108279299,-24.1187254308305,3
TCGA-FD-A6TA-01A,2.67896833959806,-58.8370985517112,-16.7470843139319,3
TCGA-FJ-A3Z7-01A,5.24058642250344,-63.6760527356652,-16.9362761890473,3
TCGA-FJ-A3Z9-01A,3.32268815979434,-69.9056828875861,-23.3733523124566,3
TCGA-FJ-A3ZF-01A,2.5390574552892,-62.0964380003764,-18.420173569572,3
TCGA-G2-A2EC-01A,7.08808430938113,-61.1504581829429,-16.5023530596975,3
TCGA-G2-A2EK-01A,7.73781890139437,-61.8907115342657,-19.0023424028333,3
TCGA-G2-A3IE-01A,5.58488180530535,-66.6136045121076,-21.0771363809642,3
TCGA-G2-A3VY-01A,1.83669064236444,-57.8906884609683,-16.6530647547594,3
TCGA-G2-AA3B-01A,4.14488718022332,-60.9756822216917,-15.5246203197004,3
TCGA-G2-AA3D-01A,3.08275574822284,-65.1790098299971,-18.5917934167205,3
TCGA-G2-AA3F-01A,1.94004230821744,-60.247994070235,-16.7514530437252,3
TCGA-GC-A3BM-01A,2.00032993055388,-66.1392110797665,-27.7972232699844,3
TCGA-GC-A3OO-01A,10.8829277438099,-59.6479163509045,-21.5966471328428,3
TCGA-GD-A3OP-01A,8.06743501497072,-62.5213099709437,-17.23728469909,3
TCGA-GD-A76B-01A,3.50778898074071,-61.4069290723287,-17.0274492370173,3
TCGA-GU-A42P-01A,10.5431486323295,-58.820045735548,-21.8742745947162,3
TCGA-GU-A767-01A,4.25683186519032,-57.5613830996767,-15.4416801650353,3
TCGA-GU-AATQ-01A,8.08313962873345,-61.5826453361498,-22.9025950672055,3
TCGA-GV-A3JW-01A,4.50603867873127,-64.1976164959264,-17.8707682066624,3
TCGA-GV-A3JZ-01A,11.1055344784827,-59.4208321328398,-22.0190165853921,3
TCGA-GV-A3QF-01A,4.19541796521664,-61.196779525737,-16.6592441938751,3
TCGA-GV-A3QI-01A,4.41506779602201,-60.0916483197554,-23.3562311110108,3
TCGA-GV-A3QK-01B,5.15499024918455,-62.4335986426096,-19.1289742606354,3
TCGA-GV-A40G-01A,8.80846976657652,-63.4325537192294,-18.652915764618,3
TCGA-GV-A6ZA-01A,3.81861190754691,-64.3756989444835,-14.4758286903973,3
TCGA-H4-A2HO-01A,5.44744875456455,-60.9983496606326,-16.6986152592422,3
TCGA-H4-A2HQ-01A,2.5314553507868,-62.8083625837289,-23.4851127776377,3
TCGA-HQ-A2OF-01A,8.42157949346366,-61.5429746296477,-16.6464468832121,3
TCGA-K4-A4AB-01B,4.10261232416094,-65.7436245263138,-24.8727561514097,3
TCGA-K4-A5RI-01A,4.18897263419301,-65.2930506021196,-24.6552635510524,3
TCGA-K4-A6FZ-01A,9.50451274306877,-58.7611765151704,-21.0116004553414,3
TCGA-K4-A6MB-01A,5.12274416621104,-66.9864654649683,-22.9101436647679,3
TCGA-K4-A83P-01A,7.2046563595957,-64.1325313142023,-16.7255107958499,3
TCGA-K4-AAQO-01A,5.72542302361275,-60.0899600639389,-16.6967088120257,3
TCGA-LT-A5Z6-01A,8.70601175377039,-58.634909476073,-20.3347822786041,3
TCGA-LT-A8JT-01A,5.23435854901088,-65.0553082564805,-19.0625575532941,3
TCGA-MV-A51V-01A,2.95367270276296,-69.5522861527522,-25.0234573631441,3
TCGA-R3-A69X-01A,7.01513564951498,-63.4243267269036,-17.5707308087527,3
TCGA-SY-A9G0-01A,3.39071225322735,-68.8065753243674,-24.9485455072344,3
TCGA-UY-A78O-01A,3.92885281041922,-63.6033278421363,-15.4580165288637,3
TCGA-UY-A9PA-01A,8.06052307672658,-64.4437576489995,-17.0534867489563,3
TCGA-UY-A9PF-01A,5.18546515072372,-68.2387408020118,-25.4897047117738,3
TCGA-UY-A9PH-01A,4.4519551936816,-57.9807142188492,-15.6552510517606,3
TCGA-XF-A8HF-01A,4.74609910702471,-61.0344397739401,-15.0077874665089,3
TCGA-XF-A8HG-01A,2.91859634938593,-69.6783124930742,-24.2105392988632,3
TCGA-XF-A8HH-01A,0.837588738730883,-61.7752446569319,-23.1113927338427,3
TCGA-XF-A8HI-01A,8.42265567248554,-63.9809086479051,-20.7606446958495,3
TCGA-XF-A9SH-01A,4.87908900931124,-67.1665495988754,-23.634724684296,3
TCGA-XF-AAMJ-01A,3.77272934851523,-68.6577840798961,-24.1473108827987,3
TCGA-XF-AAMX-01A,8.96265921341872,-65.0267530596507,-24.1055592775505,3
TCGA-XF-AAMY-01A,2.18123427942227,-69.8683127506208,-24.4801854660083,3
TCGA-ZF-A9R1-01A,1.45405849607576,-57.0519825614673,-16.9923488059659,3
TCGA-ZF-A9R2-01A,-0.0182177678940105,-64.0605635211106,-27.422386274008,3
TCGA-ZF-A9R3-01A,2.48815562320516,-62.9106132663658,-18.7910071555123,3
TCGA-ZF-A9R4-01A,4.41500490793949,-65.1927943683063,-19.0168912316468,3
TCGA-ZF-A9R5-01A,8.89481686639049,-65.1338297934127,-25.2426207437022,3
TCGA-ZF-A9RL-01A,5.18881403860922,-61.1357430848365,-16.6850303385896,3
TCGA-ZF-A9RM-01A,2.68757158041774,-61.0651600564193,-16.2951786269657,3
TCGA-ZF-AA4U-01A,5.47870738440718,-66.6362593571214,-21.1479314545782,3
TCGA-ZF-AA51-01A,9.25336406234516,-63.7504959160467,-23.5841524690708,3
TCGA-ZF-AA56-01A,1.88369040902253,-64.0001417583915,-19.9710105256103,3
