Sample,X,Y,Z,Cluster
TCGA-2F-A9KP-01A,-99.099935959061,-65.2806516151392,32.3995946087412,1
TCGA-2F-A9KQ-01A,-88.2299640901531,-56.8311145236011,32.4195757801769,1
TCGA-2F-A9KT-01A,-103.13452272447,-57.3569329318424,23.8841192974554,1
TCGA-2F-A9KW-01A,-92.3347839056322,-63.4468346883741,40.2059158315189,1
TCGA-4Z-AA7M-01A,-94.8324685919522,-68.5993483867123,33.2141700447275,1
TCGA-4Z-AA7O-01A,-87.9563732674693,-56.7538353743117,37.8104153373447,1
TCGA-4Z-AA7Q-01A,-104.841478352234,-69.8830456954296,22.3656598868246,1
TCGA-4Z-AA7S-01A,-98.1236894845543,-68.0807562539851,22.1914507809538,1
TCGA-4Z-AA80-01A,-80.112680462615,-54.1882494021156,33.3058682111428,1
TCGA-BL-A0C8-01A,-96.9950185212064,-54.8953340751727,26.0851048693691,1
TCGA-BL-A0C8-01B,-100.358663414465,-66.3459690192751,25.2705008694607,1
TCGA-BT-A20T-01A,-95.5458019548723,-62.7254627742563,29.4068388753189,1
TCGA-BT-A20W-01A,-96.0717871760735,-71.5212102094192,27.0663822491404,1
TCGA-BT-A2LB-01A,-99.4291566245448,-66.730090675307,24.7142343218976,1
TCGA-BT-A3PH-01A,-97.6163359867371,-57.6565573252007,23.0149115056638,1
TCGA-C4-A0EZ-01A,-91.1046847971743,-62.9471373797511,31.0391047991327,1
TCGA-C4-A0F6-01A,-102.48672076717,-59.8830726076239,32.3894061027899,1
TCGA-CF-A1HR-01A,-80.5344495480388,-62.7008091443778,31.921348191919,1
TCGA-CF-A27C-01A,-99.9164305636982,-64.2874843381826,23.7120673242331,1
TCGA-CF-A3MI-01A,-94.9108125692616,-64.1894861198598,37.5440923902951,1
TCGA-CF-A47S-01A,-88.47890015402,-59.9927431866835,36.6611624397476,1
TCGA-CF-A47T-01A,-99.1345343301903,-57.7415284692025,25.3562033898513,1
TCGA-CF-A47Y-01A,-82.5619726507043,-47.8381088439782,29.7514839010794,1
TCGA-CF-A5U8-01A,-84.9315332258229,-54.0550534280687,27.3857261996106,1
TCGA-CF-A7I0-01A,-96.8663601831809,-54.0617717315194,27.1794769127749,1
TCGA-CF-A9FL-01A,-96.073918647438,-61.5909802859129,32.4279709808591,1
TCGA-CF-A9FM-01A,-85.7863809007573,-51.7460064079246,32.6534014564312,1
TCGA-CU-A3QU-01A,-102.595102005543,-66.0443085766042,30.4048839440848,1
TCGA-CU-A3YL-01A,-88.4972686113106,-49.4002321817328,42.054021137857,1
TCGA-CU-A5W6-01A,-82.8955679287515,-57.8284089526484,29.0206384252346,1
TCGA-DK-A1A3-01A,-101.510668523047,-60.6113808362843,25.8246615078781,1
TCGA-DK-A1A5-01A,-80.0551683876398,-53.6695818240196,36.2459098376672,1
TCGA-DK-A1A6-01A,-95.4121180249237,-59.7912049277468,33.0229442590424,1
TCGA-DK-A1A7-01A,-98.3388033046065,-68.2990983871303,33.5223149309253,1
TCGA-DK-A1AC-01A,-94.2080296983178,-58.7737784355368,37.6538775314313,1
TCGA-DK-A1AD-01A,-93.7942121516864,-61.3818196390468,45.3433226290235,1
TCGA-DK-A2I1-01A,-87.6491136815017,-59.9786267026773,36.2331941449332,1
TCGA-DK-A3IK-01A,-107.046140397364,-61.9642093293493,32.4139469662057,1
TCGA-DK-A3IL-01A,-106.544052813045,-62.5184927942422,34.8331495667118,1
TCGA-DK-A3IS-01A,-80.7049847806364,-48.9229485764135,34.5422482901,1
TCGA-DK-A3IT-01A,-98.3602552956016,-62.8812671739297,33.809611959491,1
TCGA-DK-A3IV-01A,-87.7950580908989,-60.5678418766011,26.7718302123379,1
TCGA-DK-A3X1-01A,-86.526022991622,-50.2442511685842,30.5910262731899,1
TCGA-DK-A6AV-01A,-104.778196005225,-64.9992259438623,31.7469747551715,1
TCGA-DK-A6B0-01A,-97.1246887931332,-52.8965667458463,29.1810050053372,1
TCGA-DK-A6B1-01A,-81.1956382821366,-61.2975600681334,35.4646736369132,1
TCGA-DK-A6B2-01A,-91.7346595187823,-61.0637749886617,39.8930350008931,1
TCGA-DK-A6B6-01A,-97.443753340353,-62.8263034219407,36.6894931757041,1
TCGA-DK-AA6L-01A,-93.3936478314728,-51.5657458680267,33.8064835092916,1
TCGA-DK-AA6U-01A,-99.5230958399831,-65.7933667367008,35.7383434084532,1
TCGA-DK-AA71-01A,-99.5302228729437,-60.388008460461,25.4451951795436,1
TCGA-DK-AA75-01A,-106.778470588646,-58.1383753433335,24.3478081367993,1
TCGA-DK-AA76-01A,-103.566665746115,-64.5933555199891,32.3803840518966,1
TCGA-E5-A4U1-01A,-87.162977597257,-52.8764859224596,27.2426258728865,1
TCGA-E7-A4IJ-01A,-78.6689159361113,-54.7441654958066,33.3206712543132,1
TCGA-E7-A541-01A,-90.866687124535,-62.9329357980121,36.0520519670697,1
TCGA-E7-A5KE-01A,-93.8739153230657,-56.7242038704434,26.5173528622648,1
TCGA-E7-A5KF-01A,-92.2810586396804,-54.4193544195487,23.2608469011956,1
TCGA-E7-A678-01A,-101.299211030714,-52.182453692906,21.8522641674043,1
TCGA-E7-A6MD-01A,-101.775868015706,-61.6435228682346,33.6812486507479,1
TCGA-E7-A6ME-01A,-86.1725185014077,-67.207597411621,37.9197718780904,1
TCGA-E7-A7DU-01A,-99.436394593515,-52.0562108486942,33.5047588959072,1
TCGA-E7-A7PW-01A,-92.141731647747,-67.3148284710602,40.1497396695068,1
TCGA-E7-A85H-01A,-84.4521482054863,-57.3081414559669,29.7507319204746,1
TCGA-E7-A8O7-01A,-97.0195235195507,-60.7030396814275,27.1913902735499,1
TCGA-E7-A8O8-01A,-93.2868896596431,-58.0042537620992,33.6780183344138,1
TCGA-FD-A3NA-01A,-92.8559552048938,-59.8327283201387,39.167975627633,1
TCGA-FD-A3SQ-01A,-80.8504287135493,-59.2281645123088,34.0501402232791,1
TCGA-FD-A3SR-01A,-96.1964375368552,-56.2101002587352,27.7180955255913,1
TCGA-FD-A43N-01A,-94.2631051150862,-69.4927132026678,36.2235631498997,1
TCGA-FD-A43P-01A,-96.6421945222432,-69.2753697750054,27.7977759220007,1
TCGA-FD-A43U-01A,-99.455936588508,-61.2961260127988,31.8810341850674,1
TCGA-FD-A43X-01A,-89.9044965072228,-59.4272651984094,30.3523380093152,1
TCGA-FD-A5BZ-01A,-90.6645752661396,-65.387837907208,27.105411137593,1
TCGA-FD-A5C0-01A,-99.5909880588366,-67.7554437506709,30.6970110946365,1
TCGA-FD-A62O-01A,-95.8510332746133,-62.3858197686236,36.1240431094636,1
TCGA-FD-A6TA-01A,-91.6248149497822,-65.7760962657593,39.4551790099777,1
TCGA-FD-A6TC-01A,-91.1461191723789,-66.3937323448854,32.0716748052625,1
TCGA-FD-A6TG-01A,-94.9241571600932,-67.0286481469103,28.3108248085782,1
TCGA-FJ-A3Z7-01A,-98.8575070740915,-65.0522664882348,35.0870474631264,1
TCGA-FJ-A3Z9-01A,-99.1196547508532,-63.2143239096103,46.518578630744,1
TCGA-FJ-A3ZF-01A,-97.9851148809648,-61.1672145555575,35.2966898731085,1
TCGA-G2-A2EK-01A,-86.5024841899077,-57.090722083685,29.9566239302461,1
TCGA-G2-A2EL-01A,-105.539098849173,-57.8146733094742,36.0307538534424,1
TCGA-G2-A3IE-01A,-95.0024896053756,-56.2350196087905,30.7277844514345,1
TCGA-G2-A3VY-01A,-92.7045231967934,-62.4798702544408,24.6696662370278,1
TCGA-G2-AA3B-01A,-94.7913862186701,-54.2815919699342,24.180645919866,1
TCGA-G2-AA3D-01A,-98.6050570532912,-52.3401902609614,28.3112950521955,1
TCGA-G2-AA3F-01A,-104.487096144347,-62.2731770519399,31.8128011033877,1
TCGA-GC-A3RD-01A,-104.188108472806,-65.3320038682456,27.6740377404405,1
TCGA-GC-A6I3-01A,-96.9281235367872,-68.9024747948088,37.6370393352987,1
TCGA-GD-A2C5-01A,-101.502841210319,-59.3104975507582,29.9192734868481,1
TCGA-GD-A3OP-01A,-87.9671981850588,-52.6509607331618,34.8195690093535,1
TCGA-GD-A76B-01A,-103.38359532517,-69.0877125078955,31.7566028973221,1
TCGA-GU-A42R-01A,-98.9881087449345,-66.0052507294125,24.5311607804359,1
TCGA-GU-A767-01A,-99.2510254989374,-70.0506890017129,32.9557503735,1
TCGA-GU-AATP-01A,-90.6201993001142,-56.2335338084561,39.1446737232937,1
TCGA-GV-A3JW-01A,-93.4143136557479,-62.6198565140708,29.5505098563306,1
TCGA-GV-A3QF-01A,-84.9540462503294,-54.0344923030016,27.9297875959814,1
TCGA-GV-A3QH-01A,-100.219115664253,-63.9452162761707,39.1478227334856,1
TCGA-GV-A3QK-01B,-84.5554983324891,-67.2102681573607,40.6119794532575,1
TCGA-GV-A40G-01A,-97.6990460338037,-63.8946068312182,27.1517055885438,1
TCGA-H4-A2HO-01A,-98.2698458917061,-57.6833781718189,29.0342664865868,1
TCGA-HQ-A2OE-01A,-91.1390529677145,-58.2332178034944,37.3138004279852,1
TCGA-K4-A3WS-01A,-93.955047037279,-64.3808012092649,27.5522203636638,1
TCGA-K4-A3WU-01B,-104.211154001203,-62.8209450537187,26.0263460448633,1
TCGA-K4-A54R-01A,-90.6929141617922,-58.8082963969587,41.1128453467296,1
TCGA-K4-A6MB-01A,-98.7234229589011,-64.3534927258823,27.2555290131391,1
TCGA-K4-AAQO-01A,-102.798524163829,-67.9823742213791,35.3630214806238,1
TCGA-KQ-A41N-01A,-93.4223210213848,-62.6577597372107,26.8574839156195,1
TCGA-KQ-A41O-01A,-92.4457977667195,-52.1172905608278,38.2511687424774,1
TCGA-KQ-A41P-01A,-102.270429814206,-54.6114710593411,31.6644024814702,1
TCGA-KQ-A41Q-01A,-94.6473114097026,-59.9231450890034,37.1735331188837,1
TCGA-KQ-A41R-01A,-100.882523136593,-57.1854770914743,28.851155041939,1
TCGA-LT-A5Z6-01A,-83.2790324652925,-59.4388733306125,34.0840283220188,1
TCGA-MV-A51V-01A,-91.8940266521291,-55.2063382737078,38.380794956062,1
TCGA-S5-A6DX-01A,-87.9298276171316,-55.6957690462724,34.019457415962,1
TCGA-UY-A78K-01A,-87.5178065661468,-51.8675313835258,35.2237079525653,1
TCGA-UY-A78M-01A,-99.578372892222,-65.595905762525,31.69579509146,1
TCGA-UY-A78N-01A,-93.8936849942739,-51.0525647187731,29.8680465344602,1
TCGA-UY-A78O-01A,-84.515160277354,-60.6459246177597,31.6258489903913,1
TCGA-UY-A9PD-01A,-99.0486392460051,-66.7210387525029,29.3788142567021,1
TCGA-UY-A9PE-01A,-102.817300056934,-69.0169110883625,21.285340019293,1
TCGA-UY-A9PH-01A,-91.2291564074455,-54.101339847764,29.4775630707151,1
TCGA-XF-A8HC-01A,-88.7258285063733,-53.7978588392231,32.6965214704611,1
TCGA-XF-A8HF-01A,-106.996219081605,-58.4062835534936,32.8380174178902,1
TCGA-XF-A8HH-01A,-99.2496087854743,-63.633135302048,23.6938927404189,1
TCGA-XF-A9SK-01A,-87.9499176511225,-53.5028028630149,34.3993475101343,1
TCGA-XF-A9SP-01A,-90.7415688767792,-60.4782243562935,29.6039807653878,1
TCGA-XF-A9ST-01A,-98.0931605816214,-57.6040785955241,37.2899165386129,1
TCGA-XF-A9SU-01A,-98.1902669122263,-63.6142116954872,24.884987674118,1
TCGA-XF-A9SV-01A,-92.3715916809759,-63.6839683103883,37.0409435660501,1
TCGA-XF-A9SZ-01A,-85.6442415267756,-64.5378749526529,38.8287725110717,1
TCGA-XF-A9T0-01A,-93.3286191683383,-66.721515374526,37.9963160085262,1
TCGA-XF-AAML-01A,-100.616672537827,-59.1009549113791,32.121541651139,1
TCGA-XF-AAMX-01A,-94.1009646498812,-63.0646547597126,24.837513434949,1
TCGA-XF-AAMY-01A,-98.5700251312556,-64.2331824315239,31.9601551477413,1
TCGA-XF-AAMZ-01A,-105.818516985267,-61.6354338562757,33.6542787573426,1
TCGA-YF-AA3L-01A,-82.2696464523519,-56.7302755140885,27.58255226579,1
TCGA-ZF-A9R0-01A,-88.4125161308934,-65.0339338174854,39.2086920980729,1
TCGA-ZF-A9R1-01A,-82.3927751875439,-55.2751585133017,36.3088241646392,1
TCGA-ZF-A9R4-01A,-102.662365771092,-66.0366588216572,37.4634073719995,1
TCGA-ZF-A9R7-01A,-83.9013652703041,-60.9014747515563,33.0399606096519,1
TCGA-ZF-A9R9-01A,-101.57853773037,-65.8363187438687,35.1569627531886,1
TCGA-ZF-A9RC-01A,-102.880924613333,-66.2754399116381,26.161349929723,1
TCGA-ZF-A9RL-01A,-82.7038599960859,-52.0936419880461,29.3048987427332,1
TCGA-ZF-A9RM-01A,-97.639375980588,-68.8631911401651,30.2239075593745,1
TCGA-ZF-AA4T-01A,-100.569421918047,-67.2656475964303,30.1462006942573,1
TCGA-ZF-AA4X-01A,-93.4124129115527,-58.1993305849309,27.2181298362347,1
TCGA-ZF-AA51-01A,-97.6694780585967,-66.1934439884786,41.626363002494,1
TCGA-2F-A9KR-01A,28.5414935031992,38.1993415537159,-37.4072877598085,2
TCGA-4Z-AA7R-01A,32.6109575603307,29.2354835176637,-28.9369222983831,2
TCGA-4Z-AA7Y-01A,41.8874318121176,35.0814281500188,-30.2641293247034,2
TCGA-4Z-AA83-01A,28.6660672581262,31.5798554850503,-44.4237211874663,2
TCGA-4Z-AA89-01A,41.1413046519384,39.4786972623308,-42.8534464480848,2
TCGA-5N-A9KI-01A,26.0287403136794,29.7633347078776,-29.8071853776356,2
TCGA-5N-A9KM-01A,32.5323808174553,36.0124288102308,-36.6659216850922,2
TCGA-BL-A13J-01A,36.8792867416464,33.5911911195553,-36.6843475467087,2
TCGA-BL-A13J-01B,45.5281687989573,39.3073540140105,-32.2132537830746,2
TCGA-BL-A3JM-01A,29.3424750933511,32.75593290624,-28.2593384138895,2
TCGA-BT-A20O-01A,40.2720056500318,48.043739122906,-22.3710068476402,2
TCGA-BT-A20P-01A,17.1790734069649,28.7115494753437,-46.9778640368247,2
TCGA-BT-A20Q-01A,25.0509883926435,27.955065491358,-32.6641445669876,2
TCGA-BT-A20R-01A,23.4486466585157,25.2711736583983,-34.5166043193088,2
TCGA-BT-A20V-01A,28.5208458971509,31.9347851093029,-42.4484097785958,2
TCGA-BT-A2LA-01A,28.7427584929742,41.3985063200178,-42.3138081657407,2
TCGA-BT-A2LD-01A,20.7548471920172,25.9609541940526,-40.4378698523471,2
TCGA-BT-A42C-01A,27.2729598268124,34.0079057852022,-36.5157634822953,2
TCGA-C4-A0F1-01A,38.150722527496,31.1021303872864,-25.5464696399636,2
TCGA-CF-A3MF-01A,24.9338787304817,38.3435090706527,-44.2644601893572,2
TCGA-CF-A3MG-01A,42.2918583730934,39.7117370084449,-34.0030489329676,2
TCGA-CF-A3MH-01A,21.4003804312618,26.5515122413577,-34.328226784343,2
TCGA-CF-A47V-01A,14.9756199529478,24.9834106558128,-50.1012689918107,2
TCGA-CF-A47W-01A,15.1248070203293,24.2316271454566,-38.0572945758951,2
TCGA-CF-A5UA-01A,15.263183934061,32.1751443224842,-49.766934324261,2
TCGA-CF-A8HX-01A,26.8782449684952,26.5771332623833,-42.1825015941266,2
TCGA-CF-A8HY-01A,13.2281817359325,28.8319035201829,-48.413670853621,2
TCGA-CF-A9FF-01A,23.7721959669071,31.2871947413385,-46.2629715375039,2
TCGA-CF-A9FH-01A,40.3148821317181,34.5808512761963,-38.4921750423922,2
TCGA-CU-A0YN-01A,39.5523385240289,29.1413312751507,-30.1582998474882,2
TCGA-DK-A1AA-01A,37.7891882993778,33.2280220821441,-34.158109415625,2
TCGA-DK-A1AG-01A,30.7864490194667,29.8392973906205,-33.8624765913024,2
TCGA-DK-A2HX-01A,29.4614117092011,29.7068681016029,-37.789048848881,2
TCGA-DK-A2I4-01A,42.1041520670608,39.0822756324022,-38.2363651772303,2
TCGA-DK-A3IQ-01A,26.3282404940554,29.7349245699178,-33.9536248061533,2
TCGA-DK-A3WY-01A,45.8365994708749,47.8280873116933,-18.0688669046333,2
TCGA-DK-A6AW-01A,43.7297517843688,38.0454346824784,-29.3704177953031,2
TCGA-DK-A6B5-01A,36.2137718921836,39.6769768548157,-34.0524561253807,2
TCGA-DK-AA6S-01A,28.1021517531127,32.4810394533562,-43.5562697802966,2
TCGA-DK-AA6T-01A,37.6350580082311,41.2600568141174,-16.6543483954274,2
TCGA-DK-AA6W-01A,31.6887608925757,39.5280062034108,-28.9403158163343,2
TCGA-DK-AA6X-01A,23.0401057700745,32.0819699567236,-35.8128495642798,2
TCGA-DK-AA74-01A,39.3381101988177,40.2391876781405,-18.3979465176416,2
TCGA-DK-AA77-01A,34.247060580991,40.1183950276834,-31.961045933805,2
TCGA-E5-A2PC-01A,42.2472426584031,45.5192763766069,-18.0642621228946,2
TCGA-E7-A3X6-01A,37.8782539793507,44.3504848820131,-22.3076019182197,2
TCGA-E7-A3Y1-01A,17.0107942470156,26.1572622916926,-46.6058699141057,2
TCGA-E7-A519-01A,21.1517697929141,32.4574924841091,-41.8725090022236,2
TCGA-E7-A677-01A,29.3572446957914,33.100801288358,-29.9080768321365,2
TCGA-E7-A6MF-01A,34.5406876431644,33.1408336468525,-36.7750683592554,2
TCGA-E7-A7DV-01A,42.1287901795774,35.3650854791689,-23.1141924376456,2
TCGA-E7-A97Q-01A,25.8610362336357,27.2826442274884,-40.9015615865215,2
TCGA-FD-A3B5-01A,40.4872098436718,34.492583346703,-36.0852014832047,2
TCGA-FD-A3SJ-01A,30.7842215872687,27.7311686929426,-34.7516795922779,2
TCGA-FD-A3SL-01A,29.6695443154011,32.921761724294,-41.1533691331608,2
TCGA-FD-A3SM-01A,26.4976700391869,34.120842246637,-32.6376769334918,2
TCGA-FD-A3SP-01A,33.5748034978975,39.2471468547205,-46.5011488797946,2
TCGA-FD-A3SS-01A,19.5985942400817,30.3807964701801,-41.3103702335789,2
TCGA-FD-A5BS-01A,40.0809304456596,37.7238939668269,-21.8367853403883,2
TCGA-FD-A5BV-01A,36.7882886675444,28.8333235592663,-35.4422517481801,2
TCGA-FD-A5BX-01A,39.8165654890364,38.121031553075,-25.0793539702524,2
TCGA-FD-A5BY-01A,34.9800864108753,23.6660448246984,-41.0761589778804,2
TCGA-FD-A6TB-01A,24.6910031867557,31.3967578891475,-38.322351093094,2
TCGA-FD-A6TE-01A,27.0991312514989,40.5133781431163,-29.560320552669,2
TCGA-FJ-A3ZE-01A,25.6111220830905,30.9328842281617,-31.8584474217189,2
TCGA-G2-A2EC-01A,16.2273553739702,33.7185702853903,-46.205611921338,2
TCGA-G2-A2EO-01A,35.9181426586979,41.4281907362263,-39.5039506082421,2
TCGA-G2-A2ES-01A,46.4869494388135,37.1123388397511,-28.4329962956725,2
TCGA-G2-A3IB-01A,43.2077049909062,26.6405511397942,-36.1121758362026,2
TCGA-G2-AA3C-01A,36.2136260850215,43.9047058156767,-28.2285344026766,2
TCGA-GC-A3OO-01A,30.9261773298961,37.6265960948643,-43.2379472615672,2
TCGA-GC-A4ZW-01A,30.401368191887,31.5597935265414,-39.9270259203671,2
TCGA-GD-A3OQ-01A,46.3546527267279,36.6249567304044,-34.5095538868,2
TCGA-GD-A3OS-01A,35.9636664094901,34.8415066037606,-37.6756338219365,2
TCGA-GD-A6C6-01A,15.9762818830939,29.2500895201296,-43.5743781756186,2
TCGA-GU-A42P-01A,24.3889988811322,36.4443417111236,-40.9394299563782,2
TCGA-GU-A762-01A,44.7533738934532,49.2846780352381,-23.1814391905821,2
TCGA-GU-A763-01A,43.3417427294321,37.6927026027369,-24.1591754133301,2
TCGA-GU-A764-01A,37.6554405939279,40.4173980307798,-19.3546099925132,2
TCGA-GU-AATO-01A,32.0375038086024,29.9188640388154,-34.2482542717048,2
TCGA-GV-A3JX-01A,31.733273359457,31.0725770283948,-30.7218912818677,2
TCGA-GV-A3JZ-01A,27.2534112726474,42.3604105973092,-33.5947289977319,2
TCGA-GV-A3QG-01A,24.7920046422269,39.8409234058493,-39.4618510313634,2
TCGA-GV-A3QI-01A,28.9913249931239,31.9822806578231,-32.1757041193636,2
TCGA-HQ-A5ND-01A,32.6943185255119,38.8934673740538,-36.9519342679522,2
TCGA-K4-A3WV-01A,31.4094824127615,42.1448241822143,-41.1585399656759,2
TCGA-K4-A5RH-01A,43.8080028072361,40.9708726848676,-24.9431326247311,2
TCGA-K4-A5RJ-01A,31.1088744334983,32.410952706887,-30.437943648585,2
TCGA-KQ-A41S-01A,30.5734611572489,38.2766184163012,-30.6978269283104,2
TCGA-R3-A69X-01A,39.5258265793565,33.504580225011,-34.9888278309694,2
TCGA-S5-AA26-01A,21.319687797841,37.2320212528511,-38.6241752898295,2
TCGA-SY-A9G5-01A,38.9411951100059,35.1347445970359,-31.3258829166278,2
TCGA-UY-A78L-01A,32.1907594201025,29.7739122925865,-35.003268395683,2
TCGA-UY-A8OC-01A,35.2870341953557,31.099327903255,-34.169080051622,2
TCGA-UY-A8OD-01A,35.1009101633071,42.195739736877,-40.8687791109338,2
TCGA-UY-A9PA-01A,39.0727645917562,28.1207343207917,-34.6500626981113,2
TCGA-XF-A8HD-01A,34.2938521195087,40.6920567709899,-18.9029111559247,2
TCGA-XF-A8HI-01A,36.5291182618987,35.9394951111857,-33.7090401809386,2
TCGA-XF-A9SI-01A,47.2533009470645,38.2986555920729,-22.9983267559622,2
TCGA-XF-A9SL-01A,37.6785528252542,42.1442555987689,-23.5202546914335,2
TCGA-XF-A9T2-01A,27.5398163203355,35.0994056437973,-36.1333462616703,2
TCGA-XF-A9T3-01A,47.6470266106065,47.964098969158,-25.7778158626543,2
TCGA-XF-AAMG-01A,29.3966994909697,35.7949503963517,-28.8278735994066,2
TCGA-XF-AAMH-01A,34.5370833277374,36.0652966573982,-29.2533030243913,2
TCGA-XF-AAMJ-01A,23.7210832542446,40.5912590265043,-43.952553955146,2
TCGA-XF-AAMR-01A,22.4898435189793,32.9733624535707,-42.7862731339511,2
TCGA-XF-AAN0-01A,30.9652544755185,33.3809679648443,-33.614495724809,2
TCGA-XF-AAN1-01A,14.5693054721965,30.4886199399976,-38.3441016878196,2
TCGA-ZF-A9R2-01A,41.0545345770012,31.4366796193772,-31.8703214738088,2
TCGA-ZF-A9R3-01A,18.771477651359,34.2018167118071,-47.9798381197019,2
TCGA-ZF-A9R5-01A,13.199091508414,28.2416469323148,-45.2869268954469,2
TCGA-ZF-A9RF-01A,41.2660914022606,39.6492953982278,-27.7690919617715,2
TCGA-ZF-A9RN-01A,40.6210828535963,29.0059818055404,-34.7733182508115,2
TCGA-ZF-AA4R-01A,24.0279697091031,32.3458769451839,-37.0441786408252,2
TCGA-ZF-AA4U-01A,30.4522947510559,30.0960583250493,-31.4332053563069,2
TCGA-ZF-AA52-01A,23.0205302656785,35.530088039353,-37.6786088811525,2
TCGA-ZF-AA5H-01A,36.064092645874,43.6840059733534,-21.1764092418883,2
TCGA-2F-A9KO-01A,74.8016861165531,33.0934309543852,-15.3194408445825,3
TCGA-4Z-AA7N-01A,68.3483604323269,38.1386896067795,-4.20809042437524,3
TCGA-4Z-AA7W-01A,75.7369273850919,30.3157494859294,0.827231129826934,3
TCGA-4Z-AA81-01A,66.1370992321507,29.7253072918139,8.08730138412925,3
TCGA-4Z-AA82-01A,76.7049872558174,29.2761856029163,1.13205686078427,3
TCGA-4Z-AA84-01A,80.0043623716114,33.2399196933053,-13.1717120560275,3
TCGA-4Z-AA86-01A,77.2490500484698,43.0530899298509,2.77050082947365,3
TCGA-4Z-AA87-01A,78.5786290332968,29.8455365723239,-19.7838343692025,3
TCGA-BL-A13I-01A,71.5530996559952,43.6918366867832,-4.86935149369872,3
TCGA-BL-A13I-01B,69.1932254668265,36.570501361974,-0.151647074148883,3
TCGA-BL-A5ZZ-01A,68.2733536198146,34.3088309107514,-3.81747292377012,3
TCGA-BT-A0S7-01A,69.0536578922883,35.1479048920714,-9.35077508297091,3
TCGA-BT-A0YX-01A,65.2510164085542,29.6583713734788,-2.42915581366318,3
TCGA-BT-A20J-01A,79.977916851802,34.4002501641476,-21.0771782747151,3
TCGA-BT-A20N-01A,73.0639009257082,27.6371707576117,-7.28003565297004,3
TCGA-BT-A20U-01A,77.2230158161721,39.866720449223,-2.32308802754758,3
TCGA-BT-A20X-01A,69.7249988872675,39.3419919330541,-5.34635742094533,3
TCGA-BT-A3PJ-01A,74.0260304734062,41.2931745159876,-3.51016775622489,3
TCGA-BT-A3PK-01A,66.5718047625762,30.6845082981615,8.79613606846246,3
TCGA-BT-A42E-01A,73.0410008378294,30.0055876274255,-21.2695764269211,3
TCGA-BT-A42F-01A,76.6039928259286,35.6138851269554,-3.50129841664607,3
TCGA-C4-A0F0-01A,78.2256900762778,33.765536181222,-5.8996692325778,3
TCGA-C4-A0F7-01A,73.0331045766133,39.9176960482718,-12.4584381156656,3
TCGA-CF-A1HS-01A,69.5572662372998,32.681833679397,-8.65228693279436,3
TCGA-CF-A47X-01A,74.0608332517298,29.5479920556193,-16.3770606159475,3
TCGA-CU-A0YO-01A,75.9872782044624,33.8160020259446,-17.9019274127145,3
TCGA-CU-A0YR-01A,76.7214552338186,31.6277367978262,-19.6150277947468,3
TCGA-CU-A3KJ-01A,66.7196623166719,35.1333208928546,-4.65110781593851,3
TCGA-CU-A72E-01A,74.1438467625248,34.9392338727499,3.11788485260976,3
TCGA-DK-A1AB-01A,65.8610608277718,42.6364256317887,-10.2074625340096,3
TCGA-DK-A1AE-01A,76.6919715167679,36.7247489478599,-8.56776460271384,3
TCGA-DK-A1AF-01A,69.8247177635282,32.6337580203578,0.0803167939847507,3
TCGA-DK-A2I2-01A,69.2859261002772,32.8832759080951,-6.83040434858708,3
TCGA-DK-A2I6-01A,75.7202797730571,35.2476610673988,-3.24781638497993,3
TCGA-DK-A3IM-01A,67.9148241419744,35.0228664530666,-0.671942130702808,3
TCGA-DK-A3IN-01A,70.1657834726622,33.7523110594633,-9.94449884453271,3
TCGA-DK-A3IU-01A,70.8454205655054,47.2016271686396,-3.66959042966217,3
TCGA-DK-A3WW-01A,68.8705328522194,25.8332696395967,-0.784216708931743,3
TCGA-DK-A3WX-01A,71.7775503341374,41.7576963688819,-2.38515840786385,3
TCGA-DK-A3X2-01A,78.3343418007539,38.2081689173904,-1.89683049271408,3
TCGA-DK-AA6M-01A,70.5688064547806,33.2052727757556,-8.28851214310748,3
TCGA-DK-AA6P-01A,72.1690431343246,32.3099287779624,-14.7344098663021,3
TCGA-DK-AA6Q-01A,62.7543610873639,49.9780463242404,-3.59780958574776,3
TCGA-DK-AA6R-01A,70.3309291760198,26.6126526803153,1.3203503735,3
TCGA-E5-A4TZ-01A,78.9531265633531,38.2588522906923,-10.4811200458228,3
TCGA-E7-A4XJ-01A,71.3606145452545,24.5939517427253,-12.1523962609837,3
TCGA-E7-A7XN-01A,71.93195718796,39.0743632830645,-5.697786554222,3
TCGA-E7-A97P-01A,68.4695535484017,39.8382576325168,-5.69124212105898,3
TCGA-FD-A3B3-01A,75.2092636187659,31.0827628002908,0.683652998912431,3
TCGA-FD-A3B4-01A,73.8874459737944,38.9578937951083,-3.41835997557796,3
TCGA-FD-A3B6-01A,70.9110656308999,37.3763376768864,-5.34108591595471,3
TCGA-FD-A3B7-01A,75.8813338796584,38.1137656040668,-5.75609501365168,3
TCGA-FD-A3B8-01A,76.7918017945727,49.7389180919865,-2.71844488581162,3
TCGA-FD-A3N5-01A,66.7308751940033,36.9928660722152,-2.44451423079772,3
TCGA-FD-A3N6-01A,72.2608764056981,28.4338826288384,-2.02073358255691,3
TCGA-FD-A3SN-01A,63.2567780504298,33.4740661868279,-10.3195594181922,3
TCGA-FD-A3SO-01A,78.1971916482499,37.0502888496355,-4.93229514951725,3
TCGA-FD-A43S-01A,70.4700549412894,39.437452782799,-3.75874223205309,3
TCGA-FD-A43Y-01A,76.0720654922983,30.4350220045093,-4.74622550139697,3
TCGA-FD-A5BR-01A,70.956426958905,30.484581747821,-13.217124480626,3
TCGA-FD-A5BT-01A,64.593497953589,40.0996614322942,-7.95377641037811,3
TCGA-FD-A5BU-01A,71.9921996218866,34.5759758331378,-2.64253902540095,3
TCGA-FD-A5C1-01A,64.8721047156041,33.2260630254436,-7.6794445745122,3
TCGA-FD-A62N-01A,74.9699132777137,44.8860011050121,-0.948726920066901,3
TCGA-FD-A62P-01A,71.0459241358989,27.5598970307508,-2.57345258379317,3
TCGA-FD-A62S-01A,75.570635169243,40.6807741707047,-0.79750836231298,3
TCGA-FD-A6TD-01A,70.8325812868607,28.4950200297135,-13.4845275944972,3
TCGA-FD-A6TF-01A,67.4997088060278,31.6123397662968,-5.99356966010424,3
TCGA-FD-A6TH-01A,73.0282045534086,33.6132215669785,7.60895672270993,3
TCGA-FD-A6TI-01A,75.6171084092062,24.9028394232363,-8.15489792134165,3
TCGA-FD-A6TK-01A,77.1918234214251,48.9376188136914,3.0945971201865,3
TCGA-FJ-A871-01A,74.0798696368292,45.3016703961974,-6.50143840282594,3
TCGA-FT-A3EE-01A,75.8227858163995,31.7075152925662,-13.7635962229952,3
TCGA-FT-A61P-01A,75.6822981294554,31.2494739609942,0.599397377453858,3
TCGA-G2-A2EF-01A,74.7761868998287,44.3372761597589,-1.08438736186837,3
TCGA-G2-A2EJ-01A,69.652689194691,32.698609796335,-1.01603655720426,3
TCGA-GC-A3BM-01A,64.0537448416098,43.1358958787431,-6.55623371678872,3
TCGA-GC-A3I6-01A,74.4241629207158,35.0015501256936,-6.13258557484272,3
TCGA-GC-A3RB-01A,69.6681294949669,27.7469013745446,-15.6425953643134,3
TCGA-GC-A3RC-01A,70.5403915259833,44.2854895834982,0.233303253413194,3
TCGA-GC-A3WC-01A,77.1473885462651,33.3128716182548,-3.72088203379806,3
TCGA-GC-A3YS-01A,76.7373541583687,41.71291950551,-1.4743350098002,3
TCGA-GC-A6I1-01A,69.5294927367261,34.1382670531531,-10.7908085700367,3
TCGA-GU-A42Q-01A,68.7578070056811,35.5866266653195,-3.90988783895627,3
TCGA-GU-A766-01A,71.1932361124413,34.5904310350874,-0.370227883474742,3
TCGA-GU-AATQ-01A,73.8748637445722,31.1591877358855,0.11547060057418,3
TCGA-GV-A3JV-01A,78.6735233978997,28.4418756680425,-4.87085090969533,3
TCGA-GV-A40E-01A,73.6626438497345,26.5006674002656,-12.6115586606593,3
TCGA-GV-A6ZA-01A,70.6503681951791,21.8781577893886,-11.5105203774331,3
TCGA-H4-A2HQ-01A,73.9041211356852,21.9594607871675,-9.65061282221545,3
TCGA-HQ-A2OF-01A,75.4577251904329,37.2350497738278,-5.37423918690814,3
TCGA-HQ-A5NE-01A,63.7715677192567,29.4753286986751,7.85553639846084,3
TCGA-K4-A4AB-01B,70.860146515846,36.1959884679157,-6.00874720429579,3
TCGA-K4-A4AC-01A,77.9578897657052,23.8063870718621,-11.9893707326009,3
TCGA-K4-A5RI-01A,75.463368113442,41.0880788448389,-5.21633213358078,3
TCGA-K4-A6FZ-01A,67.0529737576941,31.2605848756469,-0.459424239485795,3
TCGA-K4-A83P-01A,78.1598981105498,29.9703515217031,-1.52446475310871,3
TCGA-LC-A66R-01A,76.4246310316754,34.3335487955303,3.09516523592361,3
TCGA-LT-A8JT-01A,78.3162888917665,32.7823652563415,-14.3162373091495,3
TCGA-PQ-A6FI-01A,79.2710655341889,30.543392785338,-10.5988237109262,3
TCGA-PQ-A6FN-01A,75.5836604588495,22.6141132729319,-6.15264551034716,3
TCGA-SY-A9G0-01A,74.3400255055193,32.007567471386,-5.72806326385688,3
TCGA-UY-A78P-01A,78.8094623078036,36.1433535194158,3.18944033757736,3
TCGA-UY-A8OB-01A,72.3100699527506,24.9101498510143,-9.40654040710809,3
TCGA-UY-A9PB-01A,73.8790835880328,41.3349991568383,-3.29158883807011,3
TCGA-UY-A9PF-01A,84.6358365993408,27.7592744336942,-11.6251248752919,3
TCGA-XF-A8HB-01A,76.7526965267532,39.4100225907657,-1.87980158853906,3
TCGA-XF-A8HE-01A,67.3454722106349,40.2107580969018,-3.97986184778017,3
TCGA-XF-A8HG-01A,70.7836835503938,28.5258941186807,-2.85943735329892,3
TCGA-XF-A9SH-01A,74.9034405429356,26.490690539738,-10.2992782957396,3
TCGA-XF-A9SJ-01A,73.7383830371032,43.7558532654655,3.40323473454906,3
TCGA-XF-A9SM-01A,70.994327805731,38.7535111235781,-4.1190401572345,3
TCGA-XF-A9SW-01A,66.8217306846738,44.2554002586085,2.05030433512876,3
TCGA-XF-A9SX-01A,74.1117568751419,38.0464053392612,-6.11913069971356,3
TCGA-XF-A9SY-01A,73.7632565470523,23.8676573865657,-7.24379419448272,3
TCGA-XF-A9T4-01A,70.1956742796802,41.4788054660032,6.60062529379188,3
TCGA-XF-A9T5-01A,80.6149163612485,41.2264018273596,-6.48611733953348,3
TCGA-XF-A9T6-01A,78.8348605558315,30.3733041357978,-8.15165247310119,3
TCGA-XF-A9T8-01A,72.8020495536991,33.4944014747191,1.00621119756211,3
TCGA-XF-AAME-01A,71.0499230176707,41.185098253584,-7.85211046837852,3
TCGA-XF-AAMQ-01A,70.0902917850878,30.1690735886056,-4.20460621471088,3
TCGA-XF-AAMT-01A,68.0849320429796,47.0630874294132,1.73887099184816,3
TCGA-XF-AAMW-01A,70.1349491225619,31.990278171103,-1.07482606132969,3
TCGA-XF-AAN2-01A,66.2832824250139,27.2674627217706,-6.68080279302696,3
TCGA-XF-AAN3-01A,74.3419629746804,36.2053806551356,-7.53919255504708,3
TCGA-XF-AAN4-01A,78.996760377599,47.7280632419863,-1.14021847826068,3
TCGA-XF-AAN5-01A,71.1366795358195,28.6766468539188,0.962147697404048,3
TCGA-XF-AAN7-01A,73.7046583821302,38.1569684460576,-8.44092894827473,3
TCGA-XF-AAN8-01A,68.6980340844524,30.4565194096512,-10.6841021997994,3
TCGA-YC-A89H-01A,69.3340759378592,28.7170334657473,-14.3143125807366,3
TCGA-YC-A8S6-01A,62.9524536509185,43.9077035740113,-3.2427795311368,3
TCGA-YC-A9TC-01A,65.478396146342,41.9868379503364,-9.68538942535346,3
TCGA-YF-AA3M-01A,70.1596737902463,27.1289156705939,-5.81855758267373,3
TCGA-ZF-A9RD-01A,77.7050138182213,37.9177522054998,3.18355522344686,3
TCGA-ZF-A9RE-01A,68.9374206333862,35.0702309618024,-3.67914600668334,3
TCGA-ZF-AA4N-01A,79.5967630550777,23.9558009948153,-4.95209404828872,3
TCGA-ZF-AA4V-01A,67.8646537705592,32.6472709323354,-3.49099510437973,3
TCGA-ZF-AA4W-01A,77.2148747385849,30.2874989176823,-10.6072438355279,3
TCGA-ZF-AA53-01A,72.987042417822,43.5685418517712,-1.35376972673804,3
TCGA-ZF-AA54-01A,71.9959118720195,41.8477193322008,-7.03306519980336,3
TCGA-ZF-AA56-01A,72.999105166926,42.0877800500283,-2.51596820613202,3
TCGA-ZF-AA58-01A,80.8325157686723,31.2743763197263,-3.75510565014938,3
TCGA-ZF-AA5N-01A,70.6639491476321,28.715426248067,-9.27884941246357,3
TCGA-ZF-AA5P-01A,73.3327074383913,51.8219753165026,2.51855620595346,3
