Sample,X,Y,Z,Cluster
TCGA-2F-A9KQ-01A,87.3232167936012,17.8075839578222,-83.0839836354396,1
TCGA-4Z-AA7N-01A,73.3404274616113,18.2806968277902,-78.109104749064,1
TCGA-4Z-AA7O-01A,67.0291092737295,13.8636035766597,-80.3523179259815,1
TCGA-BL-A13I-01A,73.8657305063148,14.8464369832835,-63.0898288558183,1
TCGA-BT-A20J-01A,62.8961358056091,23.149307642873,-62.8254982450252,1
TCGA-BT-A20O-01A,79.3565165989628,20.7730277391897,-67.2042096232064,1
TCGA-CF-A1HS-01A,75.9585203449126,11.7048393183748,-69.4663115816272,1
TCGA-DK-A1AF-01A,69.0523240166488,25.9265223575913,-68.7811957875688,1
TCGA-DK-A3IQ-01A,73.2870097041288,28.8224677282818,-80.4691001810633,1
TCGA-DK-A3IV-01A,77.0489690622484,24.0581739522676,-83.1534676527719,1
TCGA-DK-A3X2-01A,75.8535939869552,27.9775717754546,-65.1181331701955,1
TCGA-DK-AA6X-01A,83.8125187282631,29.0063975124001,-74.6100005936953,1
TCGA-E7-A5KE-01A,83.18280359674,10.9485531192589,-77.9805615956776,1
TCGA-E7-A6MD-01A,85.5250972166115,21.759432357532,-69.230591294974,1
TCGA-E7-A7DV-01A,80.5697615572211,19.8746004321734,-64.5826509779064,1
TCGA-E7-A97P-01A,68.6836428373285,20.4208599155557,-69.0993079688816,1
TCGA-FD-A3B3-01A,72.1719460258002,16.3936013301306,-73.2122164421081,1
TCGA-FD-A3B4-01A,82.9405809681381,24.5921866443188,-75.1967442979815,1
TCGA-FD-A3B7-01A,77.6092978729269,11.7177376718784,-77.171493356595,1
TCGA-FD-A3N5-01A,70.5888677026386,27.350604824936,-72.905274879021,1
TCGA-FD-A3N6-01A,80.6067455247178,11.261035215714,-77.2558304351842,1
TCGA-FD-A5BV-01A,71.1203010808046,24.5657310216742,-68.491559427532,1
TCGA-FD-A62N-01A,74.4466605540727,22.7750111642943,-78.5923051282203,1
TCGA-FD-A62S-01A,71.6773570270819,18.4427727071731,-77.8936133245739,1
TCGA-G2-A2EC-01A,83.8137297265859,17.0014873903845,-79.8706517048726,1
TCGA-G2-A2EO-01A,82.2013510376187,11.9788743211491,-65.3482049478419,1
TCGA-G2-A2ES-01A,83.3927887426819,11.6903639004748,-68.7654495422002,1
TCGA-G2-A3IB-01A,74.1421888560103,23.0251293898725,-59.2125276456536,1
TCGA-G2-A3IE-01A,78.214396625528,14.9441094646527,-66.5882771721375,1
TCGA-GC-A3I6-01A,76.6759013340535,26.3411080695828,-72.8669635568701,1
TCGA-GC-A6I1-01A,72.9542318941068,10.9468788330871,-59.1309644065134,1
TCGA-GD-A2C5-01A,66.167865349094,8.74584005014169,-72.3725005500719,1
TCGA-GD-A3OP-01A,73.0573984124111,34.9796015759368,-69.5225875008736,1
TCGA-GV-A40G-01A,77.3782616711022,22.4755793144417,-68.0839353306896,1
TCGA-H4-A2HO-01A,83.4535705115366,21.4194720082285,-83.1605036234972,1
TCGA-HQ-A2OF-01A,80.9522798979078,15.9361925070257,-70.8668856507488,1
TCGA-HQ-A5NE-01A,75.4058867564682,25.3924766510573,-69.2297200435517,1
TCGA-K4-A54R-01A,72.3221662840083,19.4964728200091,-72.1906089203891,1
TCGA-K4-AAQO-01A,74.9290802002725,29.6922294324479,-63.5858003085925,1
TCGA-UY-A78L-01A,77.9479137115707,10.2149596644962,-71.8989397304252,1
TCGA-XF-A8HD-01A,76.7650692633804,18.5972894928549,-61.3292929504534,1
TCGA-XF-AAME-01A,72.3905492599105,18.4163922163744,-62.9323138049358,1
TCGA-XF-AAMJ-01A,70.1974016493787,25.5596794460621,-66.5007935493369,1
TCGA-XF-AAMQ-01A,83.4533640216685,18.5642023518378,-77.9946728583526,1
TCGA-XF-AAMT-01A,66.7623373135272,20.4614143691568,-71.5646837983362,1
TCGA-XF-AAN0-01A,70.4265695649125,11.9609399844975,-71.3505195537692,1
TCGA-ZF-A9R4-01A,68.9040177000161,15.2880002532192,-60.7613161936279,1
TCGA-ZF-A9RD-01A,72.8325081499157,16.9554146621345,-77.7924759094015,1
TCGA-ZF-A9RF-01A,77.4246964970191,13.7288849160211,-72.4116521670773,1
TCGA-ZF-AA4X-01A,69.2796226661093,17.3099273878369,-64.8599589735404,1
TCGA-ZF-AA53-01A,64.9533346870371,12.344725740774,-65.8700947888239,1
TCGA-2F-A9KO-01A,-124.628598062842,-25.3051141551468,134.485084584516,2
TCGA-2F-A9KP-01A,-120.908307547633,-31.6744924745132,148.029279906172,2
TCGA-4Z-AA7M-01A,-132.968646802467,-26.8688254320291,143.686576965157,2
TCGA-4Z-AA7W-01A,-120.995406903978,-34.4353706984061,146.809053276653,2
TCGA-4Z-AA82-01A,-124.414584801829,-30.6277398463346,141.15121194467,2
TCGA-4Z-AA84-01A,-118.818829091986,-23.3581405876082,148.253953728343,2
TCGA-4Z-AA86-01A,-120.96148210676,-31.7348828399381,136.311977738461,2
TCGA-4Z-AA87-01A,-122.727072843593,-28.1157092092264,147.970208907001,2
TCGA-4Z-AA89-01A,-131.13827543415,-14.0110478135755,150.668465627038,2
TCGA-5N-A9KI-01A,-127.526233407175,-32.728680433334,156.715032001857,2
TCGA-BL-A3JM-01A,-140.051737043501,-21.9360024501203,145.526340278256,2
TCGA-BT-A20R-01A,-132.512041968826,-17.1411618352764,154.925910262832,2
TCGA-BT-A20U-01A,-125.464237999424,-29.5817193818927,159.139208593903,2
TCGA-BT-A20V-01A,-128.653539852211,-27.389189870771,159.424922011421,2
TCGA-BT-A20W-01A,-125.080366130071,-21.7834420099049,150.248759453159,2
TCGA-BT-A2LA-01A,-137.776855747825,-32.1024083669673,149.000966560052,2
TCGA-BT-A2LB-01A,-137.702766858078,-28.2314899214163,144.5665388429,2
TCGA-BT-A2LD-01A,-136.547802413381,-21.8433899524352,144.708356251395,2
TCGA-BT-A3PJ-01A,-125.291130637642,-28.9129327314044,141.685861629365,2
TCGA-BT-A42E-01A,-127.461875681814,-15.4741471604143,140.098130807408,2
TCGA-C4-A0EZ-01A,-132.589030509891,-17.6636583674114,150.640316886427,2
TCGA-C4-A0F1-01A,-124.165091902445,-14.007512061977,151.707291864553,2
TCGA-C4-A0F7-01A,-133.438862055233,-102.411445045588,181.25282885618,2
TCGA-CF-A47S-01A,-123.206094775797,-13.1827908681956,151.228532854047,2
TCGA-CF-A47T-01A,-122.200619496218,-17.3057608434337,154.324767355798,2
TCGA-CF-A47V-01A,-147.669418980282,-18.0441929282917,141.255552772662,2
TCGA-CF-A47W-01A,-131.515409879729,-19.228160528486,154.352047166743,2
TCGA-CF-A47X-01A,-132.088034535635,-19.8727361762389,147.243186743339,2
TCGA-CF-A47Y-01A,-133.651308117254,-18.4617091314267,144.488348187834,2
TCGA-CF-A5U8-01A,-130.277774347097,-15.7700132995884,148.017444980897,2
TCGA-CF-A8HY-01A,-125.306659366409,-21.6553967407543,145.465769784392,2
TCGA-CF-A9FH-01A,-135.491932074128,-32.1713894623696,137.945359108009,2
TCGA-CF-A9FM-01A,-134.438043789175,-29.7697463565453,151.943000483424,2
TCGA-CU-A3YL-01A,-135.23263327911,-27.9899956933013,139.986934042365,2
TCGA-CU-A72E-01A,-115.852169025313,-12.0456511401508,157.757773979785,2
TCGA-DK-A1A5-01A,-116.422531974406,-22.5261691273539,151.593301650398,2
TCGA-DK-A1AA-01A,-135.352569174385,-24.7485842754894,135.495919800307,2
TCGA-DK-A1AC-01A,-130.9028858303,-32.1126668984397,155.062274947197,2
TCGA-DK-A1AD-01A,-121.001437145812,-32.2739064059854,142.645371705253,2
TCGA-DK-A1AE-01A,-127.772357762226,-17.4550220343597,146.079993285703,2
TCGA-DK-A1AG-01A,-125.621491469004,-15.6044843581182,155.598861551159,2
TCGA-DK-A2I2-01A,-129.250201805694,-23.6760344783588,149.898484782,2
TCGA-DK-A3IK-01A,-127.368320422834,-22.3501259979116,145.396808048906,2
TCGA-DK-A3IL-01A,-125.898105972804,-36.1831674255952,154.679744110899,2
TCGA-DK-A3IM-01A,-119.598815352672,-25.3084899592205,143.668938611906,2
TCGA-DK-A3IN-01A,-124.562122313778,-23.6207259394858,143.695496062897,2
TCGA-DK-A3IU-01A,-135.330584774613,-34.2237447808927,149.283222425452,2
TCGA-DK-A3WY-01A,-140.871782962104,-18.6385245248504,145.912936515754,2
TCGA-DK-A3X1-01A,-119.947569639813,-29.6374099758456,162.99915064109,2
TCGA-DK-A6AV-01A,-124.674992176381,-35.0297319128395,158.313495706754,2
TCGA-DK-A6B0-01A,-120.244214557203,-22.232645340304,161.647236981688,2
TCGA-DK-AA6M-01A,-126.342732091065,-28.3935119241587,160.569101264782,2
TCGA-DK-AA6Q-01A,-130.260866558505,-31.1979807333989,156.848972114077,2
TCGA-DK-AA6S-01A,-123.760874581043,-46.3092951436402,158.575328467405,2
TCGA-DK-AA6T-01A,-145.501286453843,-19.6490893392122,142.517254253579,2
TCGA-DK-AA6U-01A,-128.685663422442,-40.2989191143125,149.545545558943,2
TCGA-E5-A4TZ-01A,-118.740451281115,-20.818529898515,144.950957772335,2
TCGA-E7-A3X6-01A,-127.637503932579,-28.672595723788,141.414003253786,2
TCGA-E7-A3Y1-01A,-139.946796454719,-29.0992863495531,137.523862417102,2
TCGA-E7-A4XJ-01A,-131.008491539662,-3.43775939023399,156.801770935444,2
TCGA-E7-A519-01A,-120.981331441646,-15.8252251070373,154.898997538459,2
TCGA-E7-A5KF-01A,-128.086888427476,-15.8773348266114,158.739318747292,2
TCGA-E7-A678-01A,-129.72176591736,-34.1604587956194,154.478898609633,2
TCGA-E7-A6ME-01A,-133.476857789533,-19.367943607564,155.18159098084,2
TCGA-E7-A7DU-01A,-130.951900602009,-19.4844833027058,143.343349002534,2
TCGA-E7-A8O7-01A,-123.708198316215,-24.2842569479537,151.894394181618,2
TCGA-E7-A8O8-01A,-137.408262275972,-36.7598824212083,148.00981594647,2
TCGA-FD-A3B6-01A,-124.338411821732,-41.8383732646681,155.660328203837,2
TCGA-FD-A3SJ-01A,-123.989254239657,-32.9434449465893,153.536973097648,2
TCGA-FD-A3SP-01A,-130.842488666698,-17.5904019488405,137.312421859217,2
TCGA-FD-A3SR-01A,-136.997053983851,-25.1877090477173,146.858733107648,2
TCGA-FD-A3SS-01A,-134.683219675361,-28.7007157873448,147.292948841095,2
TCGA-FD-A43N-01A,-132.75915758805,-25.229910422324,147.561184992632,2
TCGA-FD-A43P-01A,-130.041100924748,-22.850259489074,140.215673315583,2
TCGA-FD-A43S-01A,-122.359997302137,-23.1715390573644,155.707844077742,2
TCGA-FD-A43U-01A,-130.479645168075,-8.06918764438655,154.833004378286,2
TCGA-FD-A43X-01A,-138.126489259234,-22.3273343724247,147.949359215479,2
TCGA-FD-A5BR-01A,-131.82304798288,-24.7885003343587,132.35733763136,2
TCGA-FD-A5BS-01A,-131.937883258726,-27.4756132855212,144.211228271469,2
TCGA-FD-A5BT-01A,-122.026819398603,-34.3462520190254,145.177165719962,2
TCGA-FD-A5BU-01A,-126.512708579698,-15.8994007207257,144.14680991468,2
TCGA-FD-A5BX-01A,-132.995547063784,-18.7685413596306,142.034402963662,2
TCGA-FD-A6TA-01A,-129.178500891561,-15.7657727805772,151.823977312802,2
TCGA-FD-A6TD-01A,-129.105484309178,-15.2632745603827,147.8758754036,2
TCGA-FD-A6TH-01A,-133.033368169336,-28.4824823871088,152.206921683704,2
TCGA-FD-A6TK-01A,-133.735578461664,-21.191403956565,139.758548686859,2
TCGA-FJ-A3Z9-01A,-141.763725739416,-18.6566557913508,145.482959314228,2
TCGA-FJ-A3ZF-01A,-129.526428584779,-24.319803495484,143.864928163863,2
TCGA-FJ-A871-01A,-124.255582927456,-18.2706373992985,151.105819270597,2
TCGA-FT-A3EE-01A,-124.766285813783,-27.8829702861476,157.063632302602,2
TCGA-G2-A2EF-01A,-137.793382540556,-36.7309112510163,149.935667227725,2
TCGA-G2-A3VY-01A,-134.657546267447,-35.8068681837567,144.606399291966,2
TCGA-G2-AA3C-01A,-124.667538060973,-52.7652478502433,147.040469573347,2
TCGA-G2-AA3F-01A,-134.469079906561,-29.2816951900824,142.77130723595,2
TCGA-GC-A3OO-01A,-129.004460753617,-26.4009646995185,142.878013870047,2
TCGA-GC-A3WC-01A,-142.227420006481,-26.4229955284454,145.754657310645,2
TCGA-GC-A3YS-01A,-126.716811973191,-42.2808957800756,141.288594355337,2
TCGA-GC-A4ZW-01A,-119.409647152646,-19.956102754885,136.675006165995,2
TCGA-GC-A6I3-01A,-124.009271537477,-25.1596687445976,162.4772435826,2
TCGA-GD-A3OS-01A,-129.78225614499,-36.6545748083341,145.534477439332,2
TCGA-GD-A76B-01A,-132.554410650226,-33.3266403903078,155.129796176837,2
TCGA-GU-A42P-01A,-135.212891515445,-28.1590355549224,147.06459538414,2
TCGA-GU-A762-01A,-126.120209673188,-33.7290522184123,151.258956368564,2
TCGA-GU-A763-01A,-128.053109964902,-25.8024370062859,147.760433255094,2
TCGA-GU-A764-01A,-119.470187977736,-20.2686826818638,151.239796495197,2
TCGA-GU-A767-01A,-119.512223790053,-21.3602529081844,161.871504617242,2
TCGA-GV-A3JW-01A,-132.991542980468,-41.8046806802879,152.698766308547,2
TCGA-GV-A3JX-01A,-133.496410792751,-19.9071802664315,147.128545677117,2
TCGA-GV-A3QG-01A,-134.891819364859,-15.6661635456615,146.050185990232,2
TCGA-GV-A3QH-01A,-118.112337825437,-30.216872308717,146.949666146186,2
TCGA-GV-A6ZA-01A,-123.008333327455,-19.795403624516,164.819056417364,2
TCGA-K4-A4AC-01A,-124.441171994177,-24.7168448288188,136.760354729279,2
TCGA-K4-A5RH-01A,-133.144277990114,-24.32841164682,151.855942707385,2
TCGA-K4-A5RI-01A,-122.256765391435,-26.2070519980652,139.742674422642,2
TCGA-K4-A83P-01A,-124.187543707315,-28.2823502763312,137.806248903995,2
TCGA-KQ-A41P-01A,-137.891022899649,-32.0846183819999,150.812411277879,2
TCGA-LT-A8JT-01A,-136.926209065268,-26.1116992385796,133.00688014759,2
TCGA-PQ-A6FN-01A,-137.715845340025,-31.2595963390465,151.170687059457,2
TCGA-UY-A78K-01A,-120.19106281064,-13.3580478435039,144.829533545571,2
TCGA-UY-A78M-01A,-124.942134889986,-30.0434687106456,144.828817444371,2
TCGA-UY-A78O-01A,-141.861092259285,-27.5648577761906,143.777590201275,2
TCGA-UY-A8OC-01A,-127.322183272199,-32.1879773019857,152.625450692864,2
TCGA-UY-A9PA-01A,-131.767082738334,-23.8735220401181,149.033071716656,2
TCGA-UY-A9PB-01A,-126.187894062034,-26.028493571868,152.473558050346,2
TCGA-UY-A9PD-01A,-122.296570568041,-32.8439287575133,153.776167214237,2
TCGA-XF-A8HB-01A,-129.667294404538,-42.0327892782516,152.9149067179,2
TCGA-XF-A8HF-01A,-126.966479488655,-38.0568734696902,156.73153228773,2
TCGA-XF-A9SI-01A,-138.116205107527,-24.6246277958039,133.129653581673,2
TCGA-XF-A9SM-01A,-122.593223775846,-31.4536146286824,141.31861537026,2
TCGA-XF-A9SU-01A,-127.37624270961,-24.3699834720265,145.188983464644,2
TCGA-XF-A9SX-01A,-136.40758483183,-19.8042946992474,148.908332967801,2
TCGA-XF-A9SZ-01A,-130.068486215562,-23.004405789392,154.172928313591,2
TCGA-XF-A9T2-01A,-122.601189952654,-29.4784033763902,151.899802218401,2
TCGA-XF-A9T3-01A,-137.616658455372,-18.3264356372715,149.98547853492,2
TCGA-XF-A9T4-01A,-125.933098017826,-20.0724949641012,141.0204911483,2
TCGA-XF-A9T8-01A,-127.775159912186,-25.8589390234471,159.167140009145,2
TCGA-XF-AAMH-01A,-129.857213293372,-38.6286318313958,149.735875177805,2
TCGA-XF-AAML-01A,-135.297677420929,-27.4717557047041,149.414307981138,2
TCGA-XF-AAN1-01A,-146.526470150253,-30.8017659190156,142.058974434784,2
TCGA-XF-AAN5-01A,-119.15189913485,-17.6141937261443,141.717319809059,2
TCGA-XF-AAN7-01A,-127.033626285529,-23.2664479674996,146.655433621053,2
TCGA-YC-A89H-01A,-122.582458919342,-31.9402830651463,144.524118419348,2
TCGA-YC-A8S6-01A,-126.174264634183,-20.0276838501221,134.594421703105,2
TCGA-YC-A9TC-01A,-131.63124680256,-29.3968184041365,156.825116804667,2
TCGA-YF-AA3M-01A,-133.534359714169,-27.1699336149781,154.727921482798,2
TCGA-ZF-A9R0-01A,-127.216077066557,-17.3531063562338,149.100002828282,2
TCGA-ZF-A9R5-01A,-134.488159400926,-16.5696505047547,148.502711827999,2
TCGA-ZF-A9RM-01A,-131.631173939461,-26.4514332860601,141.432374107888,2
TCGA-ZF-AA4T-01A,-125.910003565123,-15.3578210890759,149.14942655663,2
TCGA-ZF-AA52-01A,-141.434968144877,-28.2607644888611,147.294097129745,2
TCGA-ZF-AA56-01A,-134.62597877428,-21.0313570293371,138.979783359129,2
TCGA-ZF-AA58-01A,-127.499564528898,-27.3687009465075,154.683409446714,2
TCGA-ZF-AA5N-01A,-131.222910440475,-32.369053042797,156.522213234121,2
TCGA-ZF-AA5P-01A,-123.325265861123,-23.417559392325,137.699649097399,2
TCGA-2F-A9KR-01A,50.5107078006127,-21.4000575073743,-122.392366741702,3
TCGA-2F-A9KW-01A,61.7589862924835,-14.3156138081446,-96.3477358887661,3
TCGA-4Z-AA7Q-01A,54.6872059331339,-11.2796763786376,-99.9283911053478,3
TCGA-4Z-AA7S-01A,53.8264585713787,-8.07904059274987,-98.4457843417799,3
TCGA-4Z-AA7Y-01A,53.4465832801861,-14.5596401650666,-110.395895250624,3
TCGA-4Z-AA81-01A,60.5101236285525,-23.4566651613464,-98.8228666057488,3
TCGA-4Z-AA83-01A,52.2301969672364,-21.6176877221982,-97.240275487271,3
TCGA-BT-A0S7-01A,56.5034359638875,-17.5471607160034,-92.8564833368904,3
TCGA-BT-A0YX-01A,52.9084409494385,-10.3902695395734,-98.799664031281,3
TCGA-BT-A20P-01A,56.5782320784455,-24.7687936902825,-103.215746486313,3
TCGA-BT-A20Q-01A,59.6529896942754,-20.0757666285718,-108.784688996025,3
TCGA-BT-A20T-01A,54.46548333466,-15.3653446884319,-103.764150278852,3
TCGA-BT-A3PK-01A,65.3786975936578,-23.5090056553351,-110.157874721482,3
TCGA-BT-A42C-01A,54.9984436928052,-20.4597140613066,-100.998102735952,3
TCGA-C4-A0F6-01A,53.1804210725983,-11.4913240869822,-98.0192780899991,3
TCGA-CF-A1HR-01A,52.0028562919775,-21.7386406381435,-90.4839644148118,3
TCGA-CF-A27C-01A,61.4202571044794,-9.04819263367295,-96.0232379184999,3
TCGA-CF-A3MF-01A,69.4434484525546,-14.8431262966188,-119.739952277746,3
TCGA-CF-A3MG-01A,50.7010305483073,-7.97946995067458,-87.4477382001315,3
TCGA-CF-A3MH-01A,50.3520745659233,-22.8221516540284,-100.772453918739,3
TCGA-CF-A3MI-01A,52.3771397975507,-10.9236745757026,-96.9435667714942,3
TCGA-CF-A5UA-01A,64.3047270700021,-28.3826767228429,-105.492734566454,3
TCGA-CF-A7I0-01A,55.760431294249,-17.4935998657492,-114.487098866272,3
TCGA-CF-A8HX-01A,66.4475872334381,-22.3396961563995,-113.615299401027,3
TCGA-CF-A9FF-01A,57.6585625020666,-27.9841942416852,-114.852912312542,3
TCGA-CU-A0YO-01A,49.5919673944327,-10.9961914479011,-114.096922999603,3
TCGA-DK-A1A7-01A,61.8922902142572,-24.6674600790658,-97.3878273177209,3
TCGA-DK-A2HX-01A,67.5740201505875,-12.2208395828222,-104.965243270726,3
TCGA-DK-A2I4-01A,69.5844620024482,-8.04127598780015,-89.2746033417106,3
TCGA-DK-A6AW-01A,59.3436969936407,-16.3529713406417,-112.69669859009,3
TCGA-DK-A6B1-01A,67.9033137878246,-14.0029169794783,-92.7987753591067,3
TCGA-DK-A6B2-01A,65.6749461244614,-18.145547269839,-107.915711987803,3
TCGA-DK-AA6L-01A,55.3806451496733,-29.454088556243,-118.263244360451,3
TCGA-DK-AA6P-01A,51.0894469352465,-9.44157332512524,-106.57384235818,3
TCGA-DK-AA71-01A,47.9628666189274,-14.6400019396763,-101.505759692475,3
TCGA-DK-AA75-01A,63.1351802817231,-21.2637387087958,-100.087941563665,3
TCGA-DK-AA76-01A,55.3625716810144,-30.9957621149265,-107.874072160651,3
TCGA-E5-A2PC-01A,61.1817566355068,-16.5793294855816,-114.313180616055,3
TCGA-E5-A4U1-01A,49.8217489002101,-16.0989346985969,-112.360866080664,3
TCGA-E7-A541-01A,68.2868382846996,-9.0036474348628,-89.530915186021,3
TCGA-E7-A677-01A,62.3836369921738,-17.3663579625652,-103.748818201837,3
TCGA-E7-A6MF-01A,52.8448972749435,-23.3251235828987,-113.155517476136,3
TCGA-E7-A7PW-01A,51.9587993909469,-15.6988834394021,-104.098337960517,3
TCGA-E7-A7XN-01A,64.4338948423846,-17.8798130391508,-99.7101261998837,3
TCGA-FD-A3SM-01A,60.0886511514302,-11.3871179348792,-110.331698928945,3
TCGA-FD-A3SQ-01A,56.506790678148,-12.2116982026485,-110.716066825174,3
TCGA-FD-A43Y-01A,54.9149150332041,-25.5805424611632,-120.084114263189,3
TCGA-FD-A5BZ-01A,67.0347189534498,-12.0064638773701,-105.426786978425,3
TCGA-FD-A5C0-01A,49.4705962792885,-6.14869870856874,-104.595747537296,3
TCGA-FD-A5C1-01A,48.9771575348764,-6.8654315096443,-91.1657677429596,3
TCGA-FD-A62O-01A,62.8166324848475,-13.0278864282677,-115.070012733808,3
TCGA-FD-A62P-01A,59.2974741550141,-15.1973513364115,-96.9913126071426,3
TCGA-FD-A6TB-01A,51.7443916438505,-10.2673876413332,-90.9645584994743,3
TCGA-FD-A6TC-01A,48.7606271603998,-26.1797812145465,-116.586278060107,3
TCGA-FD-A6TG-01A,55.8436648808455,-6.07958736038508,-90.2268925613561,3
TCGA-FD-A6TI-01A,52.7650591850341,-24.538898985738,-100.64434404682,3
TCGA-FT-A61P-01A,56.1041928653407,-18.9135321358466,-90.6691151171099,3
TCGA-G2-A2EK-01A,52.7906520129097,-5.27761967065703,-102.70325674737,3
TCGA-GC-A3RD-01A,55.9596409207393,-18.0171856633547,-88.4052719312058,3
TCGA-GD-A3OQ-01A,60.5495185774643,-20.0004496021153,-117.366689332067,3
TCGA-GU-A42R-01A,72.6835175026311,-9.10948585669554,-102.859630690587,3
TCGA-GU-AATO-01A,52.6978863312646,-19.2651368277555,-102.872862983768,3
TCGA-GV-A3JV-01A,54.1850664707579,-9.09656192745789,-95.0976639280779,3
TCGA-H4-A2HQ-01A,56.8687677627622,-16.5239782683957,-89.4678700757245,3
TCGA-K4-A3WU-01B,69.9866502514119,-9.95352095095745,-101.150010227162,3
TCGA-KQ-A41O-01A,69.0614290318847,-18.2522128681079,-105.885203604795,3
TCGA-KQ-A41R-01A,56.7076253413453,-13.4773921955772,-112.032001118701,3
TCGA-R3-A69X-01A,53.0079958017085,-21.017350215323,-102.813013930835,3
TCGA-S5-A6DX-01A,50.1836897393647,-14.1581694825944,-92.0716554577296,3
TCGA-S5-AA26-01A,69.8437034791869,-28.2829993726273,-117.588068454515,3
TCGA-SY-A9G0-01A,70.839075439472,-6.54910907479982,-106.244716400735,3
TCGA-SY-A9G5-01A,49.1188613195401,-19.5854134715108,-103.663509698214,3
TCGA-UY-A8OD-01A,65.7724707586629,-29.3117928087921,-107.298532149581,3
TCGA-XF-A8HC-01A,49.9393594236714,-22.7279149432389,-100.698691493197,3
TCGA-XF-A8HI-01A,59.0852811560938,-23.9243814009083,-104.5949996768,3
TCGA-XF-A9SH-01A,46.4267908968902,-28.6750268461978,-89.9810153081288,3
TCGA-XF-A9SJ-01A,53.7458294342015,-16.7064402876124,-90.695962883279,3
TCGA-XF-A9SL-01A,54.6473788284447,-24.7547521059689,-107.271012472161,3
TCGA-XF-A9SV-01A,57.7224375888009,-28.869468620809,-112.101740711156,3
TCGA-XF-A9SW-01A,58.8763431939698,-14.7260015063293,-89.0909921022419,3
TCGA-XF-AAMY-01A,64.9527948115215,-13.8820227870245,-114.86036449334,3
TCGA-XF-AAMZ-01A,61.4025389820553,-21.0147518350094,-95.0848636249732,3
TCGA-XF-AAN2-01A,67.2201251789584,-13.3600522830168,-91.5558766410532,3
TCGA-YF-AA3L-01A,55.8178039563481,-18.3557966222255,-106.846171268877,3
TCGA-ZF-A9R1-01A,66.3973221349704,-12.8789518129605,-96.4496985770758,3
TCGA-ZF-A9R2-01A,65.7595245102855,-6.62470624852749,-95.6991727924441,3
TCGA-ZF-A9R3-01A,61.3212314111608,-11.8432981359772,-86.9622976097168,3
TCGA-ZF-A9R9-01A,61.1866887168997,-28.5979544124424,-92.4403862766513,3
TCGA-ZF-A9RC-01A,58.8495102666303,-18.8611727407249,-99.144510924507,3
TCGA-ZF-AA4U-01A,63.421554251666,-20.0664824054953,-92.9789461815918,3
TCGA-ZF-AA4V-01A,51.1191181493821,-11.0794579625239,-104.825470240578,3
TCGA-2F-A9KT-01A,86.0669778980524,37.4514403719361,-100.009395061184,4
TCGA-4Z-AA7R-01A,101.703632685697,37.515591312938,-83.3282355428528,4
TCGA-4Z-AA80-01A,93.373885206177,38.3177636327897,-91.4619802176219,4
TCGA-5N-A9KM-01A,88.9978241115988,37.815103946775,-99.779849444443,4
TCGA-BL-A0C8-01A,97.1683412853492,46.2712295513911,-99.3462461302075,4
TCGA-BL-A0C8-01B,98.6845662232623,43.7051398111402,-89.5337805071341,4
TCGA-BL-A13I-01B,83.2991753768323,32.572179208967,-79.067586368788,4
TCGA-BL-A13J-01A,85.854756420545,56.0080474306063,-91.6698195172618,4
TCGA-BL-A13J-01B,85.8189480436003,31.5944945546711,-76.6086097017436,4
TCGA-BL-A5ZZ-01A,86.6858765231307,42.7500583628334,-80.0481810146198,4
TCGA-BT-A20N-01A,90.8020318176187,33.947809179299,-92.1897134866809,4
TCGA-BT-A20X-01A,83.5861970403606,44.3262026543035,-89.1727127071334,4
TCGA-BT-A3PH-01A,90.9929225923374,30.9174678286907,-90.0716633369189,4
TCGA-BT-A42F-01A,94.096707882885,39.554936850625,-83.2875843325349,4
TCGA-C4-A0F0-01A,85.6151091916507,49.2284859184682,-95.3011161049383,4
TCGA-CF-A9FL-01A,77.2805173795428,45.5418457534374,-77.8179188490137,4
TCGA-CU-A0YN-01A,89.9992607219233,40.4703507103638,-88.4925161210086,4
TCGA-CU-A0YR-01A,86.3835396744006,38.0090761915626,-98.1467687442932,4
TCGA-CU-A3KJ-01A,91.9318376086604,45.2436100140623,-87.5007359305975,4
TCGA-CU-A3QU-01A,87.4530733700996,39.8687909887756,-83.7663779684101,4
TCGA-CU-A5W6-01A,84.148237024386,27.0220665656044,-89.3639822114669,4
TCGA-DK-A1A3-01A,82.8621134199413,46.620011564668,-78.9046824940572,4
TCGA-DK-A1A6-01A,105.73549209919,26.8071391060332,-79.7539417829304,4
TCGA-DK-A1AB-01A,102.096166051884,50.5130043994141,-82.0976777538465,4
TCGA-DK-A2I1-01A,97.9605365503849,35.0234617151847,-76.2669280333913,4
TCGA-DK-A2I6-01A,103.604901615363,39.0899943975419,-79.9038702909102,4
TCGA-DK-A3IS-01A,92.3658281233262,40.5977694220063,-91.7763857193029,4
TCGA-DK-A3IT-01A,82.36584303111,42.4259877142877,-90.8917709118889,4
TCGA-DK-A3WW-01A,105.103000000895,30.1714732770252,-92.2327097282054,4
TCGA-DK-A3WX-01A,89.648047071919,46.7710900623234,-89.0928836926811,4
TCGA-DK-A6B5-01A,93.5807521467182,32.3180958281943,-87.6620828540431,4
TCGA-DK-A6B6-01A,89.3417830167748,47.4212937098617,-93.6212867627801,4
TCGA-DK-AA6R-01A,83.4696772246188,38.9320797416666,-76.8736568157523,4
TCGA-DK-AA6W-01A,85.2571954613413,46.93465829787,-87.8584632188786,4
TCGA-DK-AA74-01A,109.076924142296,43.8577742477464,-79.6750220307673,4
TCGA-DK-AA77-01A,98.3150814595212,46.5024983714858,-92.8643575650207,4
TCGA-E7-A4IJ-01A,97.1902836673754,28.6039184816567,-84.6316780356953,4
TCGA-E7-A85H-01A,92.8179265308759,28.1083268174715,-93.2715258567049,4
TCGA-E7-A97Q-01A,97.0074004709766,40.1688918811174,-87.4762448647459,4
TCGA-FD-A3B5-01A,96.9741204159675,44.9487663106392,-84.5997677690556,4
TCGA-FD-A3B8-01A,94.641130794788,46.7434508469792,-83.8720275137736,4
TCGA-FD-A3NA-01A,83.3101392573865,46.5088209295794,-82.0864397662708,4
TCGA-FD-A3SL-01A,88.1931888998908,43.1353421944265,-91.9548092485269,4
TCGA-FD-A3SN-01A,107.104333833542,39.9212758458585,-82.3697579488914,4
TCGA-FD-A3SO-01A,82.0282979433714,43.6531348232939,-76.2182804814622,4
TCGA-FD-A5BY-01A,95.8667806410886,47.6430900968285,-99.1153415384631,4
TCGA-FD-A6TE-01A,99.1820118747792,38.8502868565699,-82.8577124649938,4
TCGA-FD-A6TF-01A,91.4689942548447,49.5437937238602,-89.9297223567706,4
TCGA-FJ-A3Z7-01A,92.8424123409225,44.8135484360118,-78.7713233166993,4
TCGA-FJ-A3ZE-01A,93.8395270037276,47.4881186298904,-79.1438737329804,4
TCGA-G2-A2EJ-01A,88.0971399396908,38.3516286035926,-97.8512197172195,4
TCGA-G2-A2EL-01A,84.0295169541871,31.3859899041206,-85.8959228547963,4
TCGA-G2-AA3B-01A,94.0863378751991,46.4368184454062,-82.2477779824929,4
TCGA-G2-AA3D-01A,93.5257412813383,38.8409780002237,-82.285389676456,4
TCGA-GC-A3BM-01A,92.5534234505991,34.9252674788983,-91.6179695599723,4
TCGA-GC-A3RB-01A,93.0117366800252,47.203377171966,-92.9152905907079,4
TCGA-GC-A3RC-01A,96.5439040055084,43.582181848704,-81.4180918200616,4
TCGA-GD-A6C6-01A,106.997493530233,30.0497818648756,-80.2390552496747,4
TCGA-GU-A42Q-01A,89.8983380304742,33.0238349072983,-84.8192254234904,4
TCGA-GU-A766-01A,84.8605004270824,32.7634267830311,-81.4596866058695,4
TCGA-GU-AATP-01A,86.3970008093536,41.5898292076534,-77.8242134010816,4
TCGA-GU-AATQ-01A,100.015107829786,45.6485737882054,-81.1327451101582,4
TCGA-GV-A3JZ-01A,86.4361770264122,45.337760882895,-77.6443198173566,4
TCGA-GV-A3QF-01A,87.0249004366905,55.9737569900218,-83.1549797547982,4
TCGA-GV-A3QI-01A,87.3453518136693,35.498722312666,-98.739420734926,4
TCGA-GV-A3QK-01B,99.7316590085987,34.6554986887317,-96.3076387586377,4
TCGA-GV-A40E-01A,93.578997840167,29.9920659735859,-93.5932204921653,4
TCGA-HQ-A2OE-01A,99.4305430252094,27.3530886693167,-98.7517078559548,4
TCGA-HQ-A5ND-01A,99.4397297295909,40.0409260418177,-80.9408928386029,4
TCGA-K4-A3WS-01A,96.8749632490048,37.1018478753851,-73.9722710344003,4
TCGA-K4-A3WV-01A,96.1420414068551,23.9400306093233,-81.8421829427665,4
TCGA-K4-A4AB-01B,95.5094097384557,38.5303108188507,-94.3636996047901,4
TCGA-K4-A5RJ-01A,88.3360994694033,46.8144850836731,-79.1852198406335,4
TCGA-K4-A6FZ-01A,87.6972437373753,39.6835911624795,-80.4740212170197,4
TCGA-K4-A6MB-01A,101.635411302601,36.0841711709035,-79.7107037363915,4
TCGA-KQ-A41N-01A,84.8906881144694,30.4952555784282,-78.0728533108363,4
TCGA-KQ-A41Q-01A,96.5430801817348,31.3049401131049,-81.154541812543,4
TCGA-KQ-A41S-01A,95.8019467101868,39.0228628981817,-88.9501116302213,4
TCGA-LC-A66R-01A,96.2236377541774,39.964141823887,-82.3675415687355,4
TCGA-LT-A5Z6-01A,100.483953352408,41.013323703369,-79.0867522115859,4
TCGA-MV-A51V-01A,91.4622032123181,47.9238865692681,-100.234098726508,4
TCGA-PQ-A6FI-01A,97.8567164722982,38.6962568304583,-76.683726167036,4
TCGA-UY-A78N-01A,98.0759022867165,49.7391709173607,-90.5659272001358,4
TCGA-UY-A78P-01A,97.0807916078532,34.9431614781569,-78.8053253741769,4
TCGA-UY-A8OB-01A,100.070789929287,38.2823554318819,-90.0491375549984,4
TCGA-UY-A9PE-01A,102.485286306042,40.4978891064592,-87.4783479637496,4
TCGA-UY-A9PF-01A,98.1919032218285,31.6247459188574,-88.3224383787821,4
TCGA-UY-A9PH-01A,101.96674809459,48.6405337595956,-87.2515899715196,4
TCGA-XF-A8HE-01A,86.9235622969391,38.2654733046416,-81.4613358619167,4
TCGA-XF-A8HG-01A,98.7242053762433,45.7179430310738,-78.5670099641979,4
TCGA-XF-A8HH-01A,95.2199199351559,53.0605411949576,-85.4899756147174,4
TCGA-XF-A9SK-01A,96.5183241986535,28.386784176876,-86.8860981740233,4
TCGA-XF-A9SP-01A,89.3861252826924,49.896745750542,-83.6153198356951,4
TCGA-XF-A9ST-01A,98.130049765395,43.1997770135336,-90.5199796776577,4
TCGA-XF-A9SY-01A,99.8422309687482,38.6030527335078,-86.3941743781305,4
TCGA-XF-A9T0-01A,108.918913486216,25.8802351195788,-79.7337232014394,4
TCGA-XF-A9T5-01A,106.802671026393,34.5191627645789,-85.0099673133338,4
TCGA-XF-A9T6-01A,110.094743087692,35.6420935439413,-70.1669229058076,4
TCGA-XF-AAMG-01A,95.9415967433319,48.3282359976683,-87.0218947454092,4
TCGA-XF-AAMR-01A,91.0272357800757,46.5094703318325,-88.4781052993071,4
TCGA-XF-AAMW-01A,81.574846072825,34.4527676627768,-85.95975446423,4
TCGA-XF-AAMX-01A,106.710533380948,31.6689923100592,-89.9118719229841,4
TCGA-XF-AAN3-01A,97.6838997133631,41.4642346644619,-78.7493493358985,4
TCGA-XF-AAN4-01A,99.1501377946515,36.7510458133046,-92.512483901691,4
TCGA-XF-AAN8-01A,81.063019338366,40.0372816780728,-88.6759563856823,4
TCGA-ZF-A9R7-01A,94.0636140835788,46.5409313827231,-85.2401042636726,4
TCGA-ZF-A9RE-01A,97.9703940936067,44.4649873140751,-82.3553354817912,4
TCGA-ZF-A9RL-01A,85.4306017530436,40.4023478397838,-95.5363599217698,4
TCGA-ZF-A9RN-01A,84.876439572781,26.3460854231968,-98.3533747761543,4
TCGA-ZF-AA4N-01A,92.6052424737169,40.7930688079322,-88.4890452871146,4
TCGA-ZF-AA4R-01A,93.8294042407778,40.7570734118409,-86.5926503444618,4
TCGA-ZF-AA4W-01A,106.339343203159,42.8953857739751,-92.2291647948314,4
TCGA-ZF-AA51-01A,89.3963981713711,49.6545266387388,-76.1445524237153,4
TCGA-ZF-AA54-01A,95.7430768901028,40.1418081460851,-78.1371432894125,4
TCGA-ZF-AA5H-01A,95.8047728091317,40.9865515952779,-85.8260190792362,4
