Sample,X,Y,Z,Cluster
TCGA-2H-A9GF-01A,-27.924209194238,131.626298626535,21.2282176255721,1
TCGA-2H-A9GG-01A,-28.315423652168,129.872751920773,25.7368608004417,1
TCGA-2H-A9GH-01A,-28.498757986623,133.741200534693,28.3223059133579,1
TCGA-2H-A9GI-01A,-21.1694351675024,140.807453390487,21.168989759551,1
TCGA-2H-A9GK-01A,-25.8934694853358,130.027207363553,21.9052339253349,1
TCGA-2H-A9GL-01A,-23.7848958953758,137.063357165302,23.7516238211982,1
TCGA-2H-A9GN-01A,-25.2371388912218,141.284483649454,23.4141424135588,1
TCGA-2H-A9GO-01A,-26.2056049386292,140.638839307177,24.4307593703806,1
TCGA-2H-A9GQ-01A,-26.3963338452395,140.101483899788,24.6092563130407,1
TCGA-2H-A9GR-01A,-23.7701023920227,136.081466310959,26.0530821262476,1
TCGA-IC-A6RE-01A,-26.0073163428046,140.978535069285,24.1290201860396,1
TCGA-IG-A3QL-01A,-22.3480081999115,140.328559715404,21.7916726736819,1
TCGA-IG-A4QS-01A,-30.5425392008739,129.18631467123,22.7001660833188,1
TCGA-IG-A5B8-01A,-31.0857916678024,129.444945220161,21.148127812574,1
TCGA-IG-A625-01A,-27.384219613788,134.497339694555,24.6471000954929,1
TCGA-IG-A7DP-01A,-23.8473077884817,133.934728060095,23.5972918845709,1
TCGA-IG-A97H-01A,-28.5632171485901,130.383632983094,25.869958865199,1
TCGA-JY-A6FD-01A,-29.3335726532327,132.591301944904,20.9391563895808,1
TCGA-JY-A6FE-01A,-21.5228071299927,133.992572105315,27.4120312433568,1
TCGA-JY-A6FG-01A,-30.8812161637255,129.142276727883,23.6903501212285,1
TCGA-JY-A6FH-01A,-28.5239244922317,133.686656290029,28.2546268682657,1
TCGA-JY-A938-01A,-22.3917809043108,138.531095457975,23.3061082250759,1
TCGA-JY-A939-01A,-22.003149292601,139.297486706878,21.8439822697225,1
TCGA-JY-A93C-01A,-21.5396420762397,140.364893413009,21.5515440780716,1
TCGA-JY-A93D-01A,-25.3132772990232,137.908247151328,24.6611236399682,1
TCGA-JY-A93F-01A,-28.7025010463519,132.947012877015,21.5858640056823,1
TCGA-KH-A6WC-01A,-32.0533906658654,127.36928701738,24.8236957007937,1
TCGA-L5-A43C-01A,-27.7919833948821,134.434375324499,20.7718412683161,1
TCGA-L5-A43E-01A,-21.1156553441135,138.601058707122,24.9432135524572,1
TCGA-L5-A4OE-01A,-30.4350825135431,129.653744355121,23.2200790399623,1
TCGA-L5-A4OG-01A,-26.2640376921118,138.334087169833,24.7270701405509,1
TCGA-L5-A4OH-01A,-31.3865047987459,128.972234336278,20.8713721084985,1
TCGA-L5-A4OI-01A,-21.837885374512,140.881213975171,20.8745448774887,1
TCGA-L5-A4OJ-01A,-24.6660369136602,137.265150330713,23.7963144597257,1
TCGA-L5-A4ON-01A,-25.5746067518035,130.078430789338,21.9425225450591,1
TCGA-L5-A4OP-01A,-26.4895275442216,130.402910128309,22.0034106467533,1
TCGA-L5-A4OS-01A,-28.4955592269697,133.755068830559,28.3285325276027,1
TCGA-L5-A4OT-01A,-25.6833696991049,138.132408460705,24.6073610716052,1
TCGA-L5-A4OW-01A,-26.2606166845759,140.507752414975,24.5245938135135,1
TCGA-L5-A4OX-01A,-21.4160394283089,140.613522462265,21.4710997580722,1
TCGA-L5-A88T-01A,-32.3600764978895,127.09307061691,24.1860077969372,1
TCGA-L5-A88W-01A,-28.8205422458512,132.762347111144,21.3600948549139,1
TCGA-L5-A88Y-01A,-26.1682129909025,128.315127182105,21.0949683278387,1
TCGA-L5-A88Z-01A,-30.3471606866133,129.128202372127,24.5548076277163,1
TCGA-L5-A893-01A,-28.3943414126615,129.871314634155,25.6957142231054,1
TCGA-L5-A8NE-01A,-28.7354443263258,133.260951658929,27.5495059419576,1
TCGA-L5-A8NG-01A,-21.8787149502892,139.443076788426,21.7450262409136,1
TCGA-L5-A8NH-01A,-26.1949346067428,129.092656128655,21.451232284315,1
TCGA-L5-A8NL-01A,-23.7800220796176,136.192994391538,26.6512090380733,1
TCGA-L5-A8NN-01A,-23.8635753979828,134.496796337571,27.5636867483364,1
TCGA-L5-A8NR-01A,-23.7071133233137,137.283996728573,23.7343074266234,1
TCGA-L5-A8NS-01A,-24.2418956196857,137.822769419412,25.6827613400731,1
TCGA-L5-A8NT-01A,-32.1830822544344,127.634220525737,22.9485672147872,1
TCGA-L5-A8NU-01A,-22.2209168957781,138.997486847407,21.9414710962104,1
TCGA-L5-A8NV-01A,-29.3995494435987,129.891389876941,22.3655387734124,1
TCGA-L5-A8NW-01A,-32.2505132281525,127.278538338286,24.5077525756782,1
TCGA-L7-A6VZ-01A,-28.7269635800746,131.94395458329,21.6360519660151,1
TCGA-LN-A49M-01A,-31.4121737097376,128.667110794695,22.7399773929137,1
TCGA-LN-A49O-01A,-23.6409528968941,140.909322413385,22.174979545279,1
TCGA-LN-A49P-01A,-28.1453512160573,133.475450454884,25.4422056132594,1
TCGA-LN-A49S-01A,-28.4176506978074,133.14519316955,23.9512553090721,1
TCGA-LN-A49U-01A,-28.482588274292,134.068707028635,23.8360800895687,1
TCGA-LN-A49X-01A,-25.9030278664682,141.160753792182,23.9550961837906,1
TCGA-LN-A4A1-01A,-31.3359472839551,128.931794393861,20.5774219750096,1
TCGA-LN-A4A9-01A,-30.0291939154242,130.505235779138,22.3363986858077,1
TCGA-LN-A4MQ-01A,-28.3705326999074,130.001629838587,25.7983344167413,1
TCGA-LN-A5U5-01A,-25.1643126652133,135.450464019691,25.6048995034372,1
TCGA-LN-A7HV-01A,-28.9318581815958,129.981958825782,25.0979073288337,1
TCGA-LN-A7HW-01A,-27.8500367986633,133.649190777632,24.5478637225957,1
TCGA-LN-A7HY-01A,-23.9330948095337,135.681149022612,27.2297452700389,1
TCGA-LN-A8HZ-01A,-24.5143661530976,133.967223638581,27.6954553930835,1
TCGA-LN-A8I0-01A,-29.7526809717328,130.901919737236,22.6266779216203,1
TCGA-LN-A9FP-01A,-31.4467114202164,129.98942466992,20.419182381505,1
TCGA-LN-A9FR-01A,-31.4670517325967,128.744287166545,20.2699070409784,1
TCGA-M9-A5M8-01A,-21.0592455859507,138.625992618296,24.9207972485545,1
TCGA-Q9-A6FW-01A,-32.0424086659288,127.714005807682,23.291082364034,1
TCGA-R6-A6DQ-01B,-22.9723763903378,135.155191890994,25.7712055323456,1
TCGA-R6-A6KZ-01A,-23.8484588340633,135.779980459761,27.0085562155811,1
TCGA-R6-A6L4-01A,-30.8888143761658,128.918572699153,23.3269435437008,1
TCGA-R6-A6XG-01B,-21.5841791747613,133.971107033614,27.3774153225333,1
TCGA-R6-A6Y0-01B,-31.4006408269847,127.922062278646,25.4556600174245,1
TCGA-R6-A8W8-01B,-23.6271679001579,133.741814629484,23.8672899365939,1
TCGA-R6-A8WC-01A,-21.6555804317142,140.291574337229,22.112529281869,1
TCGA-R6-A8WG-01A,-24.5144114949808,141.271646165849,22.8948037170465,1
TCGA-RE-A7BO-01A,-21.9566478295172,133.769674770896,27.8679158255393,1
TCGA-S8-A6BV-01A,-26.2632370953546,130.077031933107,21.9166048876763,1
TCGA-S8-A6BW-01A,-27.7617660337981,134.400410449863,20.9223644730561,1
TCGA-V5-A7RB-01A,-21.6252890238721,140.781945122977,21.0776474990092,1
TCGA-V5-AASV-01A,-23.1262447155719,140.55394774742,22.1064841459648,1
TCGA-V5-AASW-01A,-21.0335972560158,140.307510347301,22.259660570629,1
TCGA-V5-AASX-01A,-27.8713621129263,134.486263844295,20.5577591058067,1
TCGA-VR-A8EP-01A,-24.0742469421032,133.929229175486,27.7516869910227,1
TCGA-VR-A8EQ-01A,-23.2637163777508,134.228133662315,24.8348672857809,1
TCGA-VR-A8ET-01A,-31.3615090465005,129.679693349714,24.4030975335046,1
TCGA-VR-A8EY-01A,-22.723955624319,133.736687448568,27.7937637605728,1
TCGA-VR-AA4D-01A,-22.8546232495079,135.4749389027,25.8335206465858,1
TCGA-VR-AA7I-01A,-32.2839863767795,127.334950236665,23.8290546099996,1
TCGA-XP-A8T6-01A,-29.5447257138759,133.657430032796,23.9171799258125,1
TCGA-Z6-A8JD-01A,-28.8162241344587,133.063842757,23.0072296976866,1
TCGA-ZR-A9CJ-01B,-29.9813397432616,130.087533671566,22.2000432310639,1
TCGA-2H-A9GJ-01A,45.9270094863247,-221.456855760378,-40.8817852987229,2
TCGA-2H-A9GM-01A,51.2612273911737,-220.344810555976,-36.5989234146702,2
TCGA-IC-A6RF-01A,41.1111684708672,-217.564536994494,-45.3913540741312,2
TCGA-IG-A3I8-01A,41.8302247070475,-219.800163132529,-39.8273810498678,2
TCGA-IG-A3YA-01A,42.2508520717215,-217.715920570576,-36.451576990957,2
TCGA-IG-A3YB-01A,42.0715038441678,-218.061421329282,-36.6030685494901,2
TCGA-IG-A3YC-01A,43.8957885249356,-222.217891472301,-38.3567790400893,2
TCGA-IG-A4P3-01A,40.6322805156791,-220.741782036484,-40.6049907210831,2
TCGA-IG-A50L-01A,46.7277737490208,-222.383961866384,-38.2856740574138,2
TCGA-IG-A51D-01A,44.0083675305747,-221.577367605047,-38.7257309788743,2
TCGA-IG-A5S3-01A,42.132956917443,-219.179754945997,-37.5002796773725,2
TCGA-IG-A6QS-01A,41.8592287538202,-217.042752927165,-44.0775840753469,2
TCGA-IG-A8O2-01A,47.0381239478005,-218.603572846446,-36.1232726656908,2
TCGA-IG-A97I-01A,41.3180888618177,-218.142966006321,-43.1684672891244,2
TCGA-JY-A6FA-01A,42.7865419306149,-217.182408853241,-41.7993909516281,2
TCGA-JY-A6FB-01A,51.1363613733774,-220.241174282847,-36.508315774732,2
TCGA-JY-A93E-01A,42.396129356311,-220.426861972406,-38.9583717977831,2
TCGA-L5-A43J-01A,41.3666872478921,-218.183744145326,-36.3790772152754,2
TCGA-L5-A4OM-01A,40.9460152525686,-221.131007385732,-37.9783916820066,2
TCGA-L5-A4OO-01A,51.490550016042,-220.562471288671,-36.7807186790545,2
TCGA-L5-A4OU-01A,42.8719141661447,-221.362033383243,-39.0714599331621,2
TCGA-L5-A88S-01A,41.3234936264214,-217.513036206724,-44.7503221796556,2
TCGA-L5-A88V-01A,43.0260428587283,-219.330081039023,-38.7613823103207,2
TCGA-L5-A891-01A,47.5000987028514,-222.024540605296,-37.9086415062033,2
TCGA-L5-A8NF-01A,42.5395283642976,-223.305568208404,-35.3317486186727,2
TCGA-L5-A8NI-01A,45.7291840411608,-221.614652414976,-39.7082987659535,2
TCGA-L5-A8NJ-01A,47.469247357131,-218.76314384224,-35.5701377707766,2
TCGA-L5-A8NK-01A,40.9474456071837,-222.646787901853,-38.4376925429294,2
TCGA-L5-A8NM-01A,48.1262516601317,-218.150900616724,-34.8426392224827,2
TCGA-L5-A8NQ-01A,41.2299065086056,-218.214083771015,-43.2268051177632,2
TCGA-L7-A56G-01A,40.4674557022104,-220.84218133535,-40.9095967104829,2
TCGA-LN-A49W-01A,42.055424725574,-217.912386001606,-36.5531464425103,2
TCGA-LN-A49Y-01A,42.5568993155742,-223.300545084625,-35.3041411108957,2
TCGA-LN-A4A3-01A,41.582165564018,-222.255672993206,-38.7110655600814,2
TCGA-LN-A4A4-01A,41.2740302939011,-218.707472119975,-41.7895565666359,2
TCGA-LN-A4A5-01A,41.6125221288904,-219.279475450794,-40.4562218763331,2
TCGA-LN-A4A8-01A,41.7962644237565,-219.525213682069,-39.1704744787721,2
TCGA-LN-A5U6-01A,41.3183771508339,-219.86755916573,-38.2270394491409,2
TCGA-LN-A5U7-01A,41.0633964718266,-221.279340964566,-38.130793066069,2
TCGA-LN-A7HX-01A,41.6432318915608,-218.77922536866,-41.5020680175408,2
TCGA-LN-A7HZ-01A,47.2251253432612,-218.789872638603,-35.7378493184498,2
TCGA-LN-A8I1-01A,44.5698809335895,-221.243845038496,-39.6009760027112,2
TCGA-LN-A9FO-01A,42.3617632886206,-218.652884472613,-37.856917767189,2
TCGA-LN-A9FQ-01A,46.9945439807301,-218.973276088607,-35.2968765057389,2
TCGA-R6-A6DN-01B,43.1002727633681,-220.205838553098,-38.5773792183573,2
TCGA-R6-A6XQ-01B,42.1719858192358,-219.616248467667,-39.6716111972684,2
TCGA-R6-A8W5-01B,47.5412774245942,-221.407233005397,-37.4650539962429,2
TCGA-V5-A7RC-01B,44.048398630489,-220.473161524831,-40.1726812551302,2
TCGA-V5-A7RE-01A,47.0942473321389,-218.113964850558,-36.5554867665676,2
TCGA-VR-A8EO-01A,42.2154050828827,-219.509850626293,-39.2486422688085,2
TCGA-VR-A8ER-01A,41.9340306356663,-217.298494035435,-43.4199088743904,2
TCGA-VR-A8EU-01A,41.4169553965403,-218.489683719991,-42.5624531533575,2
TCGA-VR-A8EW-01A,41.1523075928035,-218.936476390962,-40.9272663765186,2
TCGA-VR-A8EX-01A,41.3445587915614,-218.289423502393,-42.8071122312979,2
TCGA-VR-A8EZ-01A,42.8062797811832,-218.740750488179,-38.8067668637495,2
TCGA-VR-A8Q7-01A,47.180210275554,-222.112763371102,-38.1189182909039,2
TCGA-VR-AA4G-01A,42.5620456423662,-223.285960277708,-35.3262738594882,2
TCGA-XP-A8T8-01A,41.8347621838038,-219.720728915091,-39.9364719633687,2
TCGA-Z6-A8JE-01A,47.7845123300079,-218.36969391352,-35.2554790067883,2
TCGA-Z6-A9VB-01A,41.4688059798585,-219.517510807981,-39.0479329807226,2
TCGA-Z6-AAPN-01A,41.7351545722434,-217.179278174441,-44.175079514004,2
