Sample,X,Y,Z,Cluster
TCGA-2H-A9GF-01A,-18.817874735805,-32.1859814890615,-6.69653100300451,1
TCGA-2H-A9GH-01A,-17.0865799762674,-35.4892689901962,-3.92570434951333,1
TCGA-2H-A9GK-01A,-29.0373438683491,-28.2523179910005,-5.15750089151089,1
TCGA-2H-A9GO-01A,-18.626699176676,-35.0900224687156,-3.92988594227648,1
TCGA-2H-A9GR-01A,-18.3843217060058,-33.5690512538799,-5.41990737143422,1
TCGA-IC-A6RE-01A,-18.5891563369605,-34.6264370567759,-4.36987294487355,1
TCGA-IG-A3YA-01A,-19.2674031473684,-26.0476543486455,-8.54648556343455,1
TCGA-IG-A7DP-01A,-20.0414541844945,-27.8782659203045,-11.7137684933093,1
TCGA-JY-A6FB-01A,-19.1883978772388,-25.5865403748104,-9.32378943982561,1
TCGA-JY-A938-01A,-19.0250224036681,-25.926140624901,-12.2303747312015,1
TCGA-JY-A939-01A,-17.2449569118847,-31.8528578434669,-7.25366393973274,1
TCGA-JY-A93D-01A,-19.9357241845855,-28.3578640136369,-11.5017283067897,1
TCGA-JY-A93E-01A,-21.9206657302691,-29.3501256710759,-9.77358854954003,1
TCGA-L5-A43E-01A,-19.2743655978896,-26.061732505578,-8.48421943669789,1
TCGA-L5-A4OE-01A,-25.0646860911727,-29.1388814640033,-8.57464566704567,1
TCGA-L5-A4OG-01A,-18.5904552311627,-32.7051210887976,-6.22524865586783,1
TCGA-L5-A4OH-01A,-19.4209632557935,-29.0567201809875,-7.88828765253389,1
TCGA-L5-A4ON-01A,-15.6072725145217,-31.285512039116,-7.91915463165001,1
TCGA-L5-A4OP-01A,-19.5995518163598,-26.0597702047591,-12.641114238312,1
TCGA-L5-A4OT-01A,-17.0986081909463,-35.4855355834048,-3.93067128416851,1
TCGA-L5-A4OU-01A,-24.5494855374983,-28.8019835728883,-9.30384416307133,1
TCGA-L5-A4OW-01A,-19.8310783772272,-30.1889878726969,-7.91970094598486,1
TCGA-L5-A4OX-01A,-19.0517267529569,-31.5123074802417,-7.25696914922174,1
TCGA-L5-A88S-01A,-19.1228297285101,-26.3090678229259,-12.1831897968076,1
TCGA-L5-A88T-01A,-26.4403729435258,-30.7433462976618,-5.06947199576665,1
TCGA-L5-A88V-01A,-19.6228106622676,-35.2274999160406,-3.57517782275947,1
TCGA-L5-A88Y-01A,-25.3744397735605,-29.2209477938481,-8.25012356818507,1
TCGA-L5-A891-01A,-21.2199091738239,-28.247854822941,-11.2079602566817,1
TCGA-L5-A893-01A,-20.7393639673749,-30.1406663410738,-8.51504346756398,1
TCGA-L5-A8NE-01A,-18.845283375205,-34.7282289628376,-4.21454076310026,1
TCGA-L5-A8NG-01A,-17.0895670139924,-31.9379400014756,-7.20699276428538,1
TCGA-L5-A8NI-01A,-15.5780634036078,-31.2227376098606,-7.97160707637538,1
TCGA-L5-A8NJ-01A,-21.9411527057507,-29.5397032957237,-9.99221365996221,1
TCGA-L5-A8NL-01A,-18.2282731552829,-26.8466603271841,-12.0957015749241,1
TCGA-L5-A8NQ-01A,-25.6901040529415,-31.777868129474,-4.34571935686733,1
TCGA-L5-A8NR-01A,-22.0199461410971,-35.400862074179,-2.92708073645467,1
TCGA-L5-A8NS-01A,-18.2941579446018,-33.2898465199989,-5.71374432725815,1
TCGA-L5-A8NT-01A,-19.4066063599559,-27.5673761687775,-11.9361335290814,1
TCGA-L5-A8NU-01A,-19.4972172878437,-28.2068105730948,-11.6681171306232,1
TCGA-L5-A8NV-01A,-22.1599148818492,-29.4308371825347,-9.7964817324006,1
TCGA-L7-A6VZ-01A,-27.850301675186,-29.5878617265927,-5.0282611661887,1
TCGA-LN-A49M-01A,-19.1135605141282,-25.7948383695827,-12.3691073055499,1
TCGA-LN-A4A1-01A,-18.448169537841,-26.1576745844762,-12.2778649282273,1
TCGA-LN-A5U6-01A,-29.6302795007712,-27.7201816738629,-5.01827908481476,1
TCGA-LN-A9FP-01A,-19.6804350195764,-27.5198340584572,-11.8843456191482,1
TCGA-M9-A5M8-01A,-22.0962095464805,-29.1129977351415,-10.2727896695392,1
TCGA-Q9-A6FW-01A,-25.5222890442637,-28.946430663717,-8.49552417721457,1
TCGA-R6-A6DQ-01B,-21.2522823867689,-35.4791870325331,-2.98317251507748,1
TCGA-R6-A6XG-01B,-21.4734805337215,-35.4798309890806,-2.96081247665326,1
TCGA-R6-A6XQ-01B,-27.7521010658756,-29.6809557940033,-5.03010501674087,1
TCGA-R6-A8W5-01B,-16.91825310938,-31.8633837076084,-7.29938190969879,1
TCGA-R6-A8WC-01A,-19.0585263893951,-35.1514545931167,-3.77267139682946,1
TCGA-RE-A7BO-01A,-21.0363057500268,-35.5204737352983,-2.99379808745321,1
TCGA-S8-A6BV-01A,-22.6064206283011,-35.3531540530998,-2.84122089815034,1
TCGA-V5-A7RE-01A,-18.5123443515925,-33.9855505278815,-4.99056987084711,1
TCGA-V5-AASX-01A,-18.7344641176148,-31.8107411644804,-6.96614589491646,1
TCGA-VR-A8EQ-01A,-26.5490668143692,-30.6291849296388,-5.10880628234603,1
TCGA-VR-A8Q7-01A,-16.4761509440682,-26.2680465675083,-9.77920406034555,1
TCGA-XP-A8T6-01A,-29.1302083768999,-28.164307846209,-5.14288691460289,1
TCGA-Z6-A8JD-01A,-25.6444225205389,-28.5586542324987,-8.8830061560739,1
TCGA-2H-A9GG-01A,-8.58342989322382,-9.9671850775683,4.98997451086314,2
TCGA-2H-A9GI-01A,-8.64571024213085,-7.98927550980989,4.99042483407804,2
TCGA-2H-A9GJ-01A,-8.03587819922553,-6.93506015346869,5.43576730804366,2
TCGA-2H-A9GL-01A,-8.36988329320481,-10.015770713306,5.17076989883686,2
TCGA-2H-A9GM-01A,-7.71936082637308,-4.19519154789875,3.90298695866032,2
TCGA-2H-A9GN-01A,-8.48242600926066,-4.06930302823064,4.52469608030772,2
TCGA-IG-A3YC-01A,-10.9310745816759,-9.38470416157929,3.06554711590983,2
TCGA-IG-A50L-01A,-8.88700890207035,-3.2392290836517,3.99597160219754,2
TCGA-IG-A6QS-01A,-8.78983015133468,-3.08535710904822,4.13067592710841,2
TCGA-JY-A6FE-01A,-12.9593809359041,-11.3503506818903,0.992231200620434,2
TCGA-JY-A6FH-01A,-8.33354734238445,-5.47824565689319,4.69930369433059,2
TCGA-JY-A93F-01A,-10.0448475854853,-8.2403105752116,3.90702188259823,2
TCGA-L5-A43C-01A,-11.1945037901101,-8.34801537010341,2.95693555462258,2
TCGA-L5-A4OO-01A,-12.6477422947862,-9.28130247964833,1.73267109862043,2
TCGA-L5-A4OS-01A,-11.3891990326343,-11.8289944446572,2.14362817047487,2
TCGA-L5-A88W-01A,-9.33819630449982,-3.60380009656536,3.7131681885702,2
TCGA-L5-A8NF-01A,-9.18181481007053,-8.45921868873002,4.58321892383411,2
TCGA-L5-A8NH-01A,-8.38575437095377,-3.88566683529769,4.38654177889335,2
TCGA-L5-A8NW-01A,-11.4184330759712,-8.68240108205388,2.77007513502082,2
TCGA-LN-A49O-01A,-11.6150669819177,-8.61532845948614,2.62752524340186,2
TCGA-LN-A49W-01A,-9.25720232152834,-9.36199574057981,4.45003579599255,2
TCGA-LN-A4A4-01A,-12.7271383059057,-9.53980854557256,1.61087400378037,2
TCGA-LN-A4A5-01A,-11.8039861427777,-12.3346163093721,1.68711752125568,2
TCGA-LN-A4A9-01A,-12.2331048314427,-8.89195052096687,2.1029534823849,2
TCGA-LN-A7HV-01A,-7.97472451039591,-2.02447772596911,4.32756426798264,2
TCGA-LN-A9FR-01A,-10.3743733618406,-8.29607010698855,3.67038534871782,2
TCGA-R6-A6DN-01B,-7.7013226876923,-6.66040619813846,5.76166639608332,2
TCGA-VR-AA4D-01A,-8.39019431051821,-7.51563090130128,5.14180378644919,2
TCGA-VR-AA7I-01A,-12.0696849172085,-12.3322985021506,1.47005450792997,2
TCGA-Z6-A8JE-01A,-8.1843273301968,-2.58889651318672,4.29276544246928,2
TCGA-ZR-A9CJ-01B,-12.2828177166043,-12.1244094623009,1.34980123452429,2
TCGA-2H-A9GQ-01A,20.3629367722524,24.907008042873,8.30513957662089,3
TCGA-IC-A6RF-01A,23.291278636908,35.2903503671621,-1.72172424607394,3
TCGA-IG-A3I8-01A,21.0734909706971,26.247932156168,6.88191249053812,3
TCGA-IG-A3QL-01A,21.8936379920267,26.7645798972744,6.29967504648441,3
TCGA-IG-A3YB-01A,24.3400922182302,24.4099987340783,13.2274878023513,3
TCGA-IG-A4P3-01A,23.4437239813074,29.366235977273,6.01671626614066,3
TCGA-IG-A4QS-01A,21.0248607390405,23.1538194489212,7.0573379116976,3
TCGA-IG-A51D-01A,24.7764084922659,35.9466444552564,-1.47781755115552,3
TCGA-IG-A5B8-01A,22.7965081459819,31.3387243162088,2.19877032656439,3
TCGA-IG-A5S3-01A,21.0242939711165,23.1255430015962,7.00621173886975,3
TCGA-IG-A625-01A,23.2551796486207,33.3130266928376,0.0620166528690327,3
TCGA-IG-A8O2-01A,24.6240540011317,28.5129918206943,7.4255962675086,3
TCGA-IG-A97H-01A,20.6261594963886,31.8433772976666,0.490077347499151,3
TCGA-IG-A97I-01A,23.7454987837527,35.2472228741919,-1.42069222897466,3
TCGA-JY-A6FA-01A,23.0114095593129,33.1571367112649,0.130240120284335,3
TCGA-JY-A6FD-01A,22.5637791433905,34.9139451682751,-1.74985063090637,3
TCGA-JY-A6FG-01A,23.4792072835903,25.2686566944158,11.4990424055264,3
TCGA-JY-A93C-01A,23.3719499132527,23.7626459734394,13.5196100550751,3
TCGA-KH-A6WC-01A,23.9779541812081,28.8030156719923,6.67299644367131,3
TCGA-L5-A43J-01A,20.3500737178687,31.0254137640776,1.28772489767668,3
TCGA-L5-A4OI-01A,21.6945378628548,26.7312834647908,6.53094893879195,3
TCGA-L5-A4OJ-01A,23.7213048981509,25.4970741588889,11.3265024676431,3
TCGA-L5-A4OM-01A,23.8607892811599,28.709818880512,6.47546231495357,3
TCGA-L5-A88Z-01A,23.8985205675811,32.6375399322818,1.21627494597399,3
TCGA-L5-A8NK-01A,23.6010889716972,29.6803519121101,5.33436324383,3
TCGA-L5-A8NM-01A,20.2692599842698,24.8044521768275,8.37154300706204,3
TCGA-L5-A8NN-01A,20.3264216536194,24.4026644116711,10.0881313354668,3
TCGA-L7-A56G-01A,21.5247107739731,29.1480739344529,7.07236198035169,3
TCGA-LN-A49P-01A,22.4898027362151,34.7190808067906,-1.6259675776879,3
TCGA-LN-A49S-01A,24.2097524127002,27.6406068166146,8.75015495222906,3
TCGA-LN-A49U-01A,19.865927333029,29.8757244597065,1.35434845569533,3
TCGA-LN-A49X-01A,18.9085358561142,31.895214840717,-0.580571352010787,3
TCGA-LN-A49Y-01A,24.1475021225257,27.2442247819215,9.25824453250822,3
TCGA-LN-A4A3-01A,23.2735062467038,27.6720442449428,6.3684024225311,3
TCGA-LN-A4A8-01A,23.3645235083995,27.7886880074238,6.58351969154971,3
TCGA-LN-A4MQ-01A,22.830366729607,31.2215241272258,2.40666279628066,3
TCGA-LN-A5U5-01A,18.7242003535263,30.0882092531877,5.63897189513,3
TCGA-LN-A5U7-01A,21.5582515630934,32.6165603322485,0.0665418946385637,3
TCGA-LN-A7HW-01A,19.4502671656763,32.1301158442497,-0.54888530127924,3
TCGA-LN-A7HX-01A,22.9266342125683,34.5518302445078,-1.2305483469867,3
TCGA-LN-A7HY-01A,19.7716015556226,29.6964044120048,1.35494021743786,3
TCGA-LN-A7HZ-01A,23.0959672918004,31.6228437191684,2.00576507920988,3
TCGA-LN-A8HZ-01A,24.168904262763,31.8665778994664,2.33295615767165,3
TCGA-LN-A8I0-01A,18.8337595070017,30.0075786314661,5.9568973564169,3
TCGA-LN-A8I1-01A,24.005439066844,27.6989699976474,8.98325165356268,3
TCGA-LN-A9FO-01A,23.9637445743134,26.3533503318817,10.2126139163413,3
TCGA-LN-A9FQ-01A,22.1471373710957,34.4643934576917,-1.59127968709443,3
TCGA-R6-A6KZ-01A,23.1778735832535,23.8700431913421,13.2186062443722,3
TCGA-R6-A6L4-01A,21.1961286377875,29.9212691728309,7.61449270052861,3
TCGA-R6-A6Y0-01B,24.6494832201787,35.5589891600186,-1.18134774211888,3
TCGA-R6-A8W8-01B,20.2308822232361,24.342695257873,10.16090593404,3
TCGA-R6-A8WG-01A,23.5253030994084,24.2008764855355,13.0214686549859,3
TCGA-S8-A6BW-01A,18.8968779397014,30.4873626389604,1.42857843378694,3
TCGA-V5-A7RB-01A,23.4235011931827,23.9270667461985,13.3653778203381,3
TCGA-V5-A7RC-01B,23.9270849604718,33.1362566916474,0.658421250337867,3
TCGA-V5-AASV-01A,19.4178502505927,29.2203276798837,1.70308359830047,3
TCGA-V5-AASW-01A,23.5738964103074,24.491705790012,12.6737950213678,3
TCGA-VR-A8EO-01A,23.5009811768175,27.6545243392456,8.71810714025731,3
TCGA-VR-A8EP-01A,21.8413746510118,29.0423141219081,7.29059608139828,3
TCGA-VR-A8ER-01A,18.7608417598152,30.1453688661488,5.25215260379006,3
TCGA-VR-A8ET-01A,23.5547173258078,24.8641592807157,12.1241132538232,3
TCGA-VR-A8EU-01A,19.8299082936188,32.4355853929983,-0.659200288210395,3
TCGA-VR-A8EW-01A,24.1986450161664,34.0295018375765,-0.052158397650772,3
TCGA-VR-A8EX-01A,23.6585904049115,29.470911819294,5.67951679269032,3
TCGA-VR-A8EY-01A,24.8368236235764,31.6316365229508,2.95479801555464,3
TCGA-VR-A8EZ-01A,20.4135752475871,28.9168661909754,6.67168033914205,3
TCGA-VR-AA4G-01A,21.7501383144886,34.1293742415364,-1.41012930796166,3
TCGA-XP-A8T8-01A,25.1213666535658,33.2226971388093,0.694908069533855,3
TCGA-Z6-A9VB-01A,24.1710369642724,33.5203194873308,0.392050002958705,3
TCGA-Z6-AAPN-01A,18.6392066014116,30.0740269451317,6.02785954220356,3
