Sample,X,Y,Z,Cluster
TCGA-BJ-A0YZ-01A,11.8973471336451,19.9408964945605,1.04197699633783,1
TCGA-BJ-A0Z0-01A,16.7595517754931,17.0650356095424,7.02878706812697,1
TCGA-BJ-A0Z3-01A,-3.79435115648922,15.3250045985636,-5.10664456369392,1
TCGA-BJ-A0Z5-01A,42.2879929373843,3.77471360557751,5.90288276203051,1
TCGA-BJ-A0Z9-01A,33.7875813008596,27.9883493301618,3.62285256219132,1
TCGA-BJ-A0ZA-01A,24.3674101119003,14.120342929365,10.7738571023322,1
TCGA-BJ-A0ZB-01A,36.8858014187679,5.5358665264172,14.1896249182424,1
TCGA-BJ-A0ZC-01A,19.6961041154426,14.9994390509683,12.1754088966264,1
TCGA-BJ-A0ZE-01A,39.3108210004961,5.37581989418688,12.6973671398355,1
TCGA-BJ-A0ZF-01A,5.04928522973819,20.5311986135556,2.17359271280666,1
TCGA-BJ-A0ZG-01A,15.5148212825446,21.8758036630131,10.2842275427174,1
TCGA-BJ-A0ZH-01A,38.4631725750692,-1.07469136039608,11.6940960105536,1
TCGA-BJ-A0ZJ-01A,31.0987055062683,-3.47203775337648,15.7013043938827,1
TCGA-BJ-A18Y-01A,9.25611723473761,18.6221251591102,3.65138912798483,1
TCGA-BJ-A18Z-01A,29.2973355057049,34.0217263954878,0.731722330150962,1
TCGA-BJ-A190-01A,14.6196864338538,22.2009905200725,7.29348087893637,1
TCGA-BJ-A191-01A,19.326616813005,25.8854451765844,6.7855224225373,1
TCGA-BJ-A28R-01A,24.1705046341725,26.3638845102275,7.63408990268954,1
TCGA-BJ-A28T-01A,24.3773196060271,13.9847133034895,10.4441064896113,1
TCGA-BJ-A28V-01A,15.5670271775189,26.9649299253416,5.45157008831116,1
TCGA-BJ-A28X-01A,23.6703716065545,14.8282933187156,3.59723488089913,1
TCGA-BJ-A2N7-01A,38.9280338125785,6.04168849312731,10.6608180437913,1
TCGA-BJ-A2NA-01A,23.8794931763797,22.9764528255526,6.96754420083963,1
TCGA-BJ-A3EZ-01A,22.8584730481695,14.8056142574329,6.11532450161456,1
TCGA-BJ-A3F0-01A,0.622177139136355,19.923912652595,-0.937901674509422,1
TCGA-BJ-A3PR-01A,-0.132461779802087,10.7164829821757,-2.79763881308993,1
TCGA-BJ-A3PT-01A,32.1770977585323,-7.63698503013293,13.7260159360843,1
TCGA-BJ-A45C-01A,28.8708783769527,-7.40290172734306,12.0069365750471,1
TCGA-BJ-A45E-01A,37.6689627511975,-6.81114698846185,9.28056623586898,1
TCGA-BJ-A45F-01A,44.1752664085229,-0.959844570072801,9.37797071710028,1
TCGA-BJ-A45G-01A,39.7209845075425,-2.13396410872097,10.0165247022006,1
TCGA-BJ-A45H-01A,18.7002036608758,39.7588930906736,15.7610675795,1
TCGA-BJ-A45I-01A,37.0170492826946,27.6981075738988,8.18461803775522,1
TCGA-BJ-A4O9-01A,-1.92706206139078,12.5791027000344,2.73962674847649,1
TCGA-CE-A27D-01A,5.88213056042734,20.1719902887187,2.05876663052352,1
TCGA-CE-A3ME-01A,31.7786392384921,22.445372160358,1.97066943178688,1
TCGA-CE-A483-01A,22.6709015291977,12.3662684350338,2.78853366049782,1
TCGA-DE-A0XZ-01A,-2.68338196105579,14.9642721671863,-2.12002164395129,1
TCGA-DE-A0Y2-01A,22.5598778188639,20.4144226442339,0.521073458129327,1
TCGA-DE-A0Y3-01B,29.7317994816767,14.4084947597262,13.315942922014,1
TCGA-DE-A2OL-01A,30.6970057630506,39.0655381624557,11.8445287572014,1
TCGA-DE-A4M8-01A,15.4680326931752,32.9513325944875,14.6573899787569,1
TCGA-DE-A4M9-01A,14.2032215947273,25.261881351434,5.88286560197315,1
TCGA-DE-A4MB-01A,30.3272449622009,12.2643377912717,9.77125510951543,1
TCGA-DE-A4MC-01A,25.3729528959396,22.4800392807368,6.25917780428689,1
TCGA-DE-A4MD-01A,21.1942133473917,24.2997184687881,7.51551792895704,1
TCGA-DE-A69J-01A,28.2356026378267,29.0532477909482,3.6219431103201,1
TCGA-DE-A7U5-01A,32.1982788050241,25.7509456723963,3.91936062129703,1
TCGA-DJ-A13L-01A,20.0083067670517,37.2418095767607,17.6386983049826,1
TCGA-DJ-A13P-01A,11.0006612984027,22.6400694899051,-0.0606231913887754,1
TCGA-DJ-A13R-01A,37.7062631560524,-3.40766743175953,9.53582951754074,1
TCGA-DJ-A13S-01A,40.9596967900118,9.37866750960054e-05,15.9897627450301,1
TCGA-DJ-A13T-01A,22.1426960883644,38.2376237144973,-0.808295536515264,1
TCGA-DJ-A13U-01A,31.4311770995043,13.9513388307151,13.3910606737516,1
TCGA-DJ-A13V-01A,18.9440154071536,34.8432729235295,8.31970161627169,1
TCGA-DJ-A13X-01A,19.4663733903371,30.0938381633368,4.64817002172084,1
TCGA-DJ-A1QD-01A,26.4489776753726,15.9712689067216,8.77978988532145,1
TCGA-DJ-A1QE-01A,25.8031460261485,22.2721207702146,1.0707909789853,1
TCGA-DJ-A1QF-01A,20.7895902187227,11.3688994404512,4.81380042120853,1
TCGA-DJ-A1QG-01A,7.46408416330274,21.8716692996577,5.50597805109186,1
TCGA-DJ-A1QH-01A,21.6493122569647,20.0485286504705,7.27047735372678,1
TCGA-DJ-A1QI-01A,14.9816504545797,35.1969881738315,7.93916738160048,1
TCGA-DJ-A1QM-01A,23.0673468900677,18.9647984607146,5.06826975425151,1
TCGA-DJ-A1QO-01A,23.8408531910687,20.4923239206172,6.16293475624183,1
TCGA-DJ-A1QQ-01A,20.8609960444721,35.0668317485274,-0.347806095947276,1
TCGA-DJ-A2PN-01A,25.6289101216075,36.317815762223,4.45129264847969,1
TCGA-DJ-A2PO-01A,38.0479344025175,11.0668130121303,12.3966709241563,1
TCGA-DJ-A2PP-01A,19.2313819880272,21.4004795901028,7.63327454864902,1
TCGA-DJ-A2PQ-01A,15.8756738209084,37.9760085933114,6.12432507598306,1
TCGA-DJ-A2PR-01A,21.9223142811857,31.9614343394609,11.6611108591565,1
TCGA-DJ-A2PS-01A,24.3025172614392,24.6412792645558,2.5912626587968,1
TCGA-DJ-A2PT-01A,1.30960770568583,18.0921059862726,-5.10900765092219,1
TCGA-DJ-A2PU-01A,-7.22533659281044,13.3515239453066,-0.418203151525836,1
TCGA-DJ-A2PV-01A,24.5084535683234,34.0818141712274,6.52063270658835,1
TCGA-DJ-A2PX-01A,11.4722247337391,31.754086573296,13.1270169583834,1
TCGA-DJ-A2PY-01A,20.4004345507829,18.5716868719695,5.33214718190851,1
TCGA-DJ-A2PZ-01A,26.1237136419812,22.1559030396068,8.72808345881034,1
TCGA-DJ-A2Q0-01A,45.0683093242876,0.825568712784686,11.39585486001,1
TCGA-DJ-A2Q2-01A,32.9900983631491,7.34787352257041,8.39471272928594,1
TCGA-DJ-A2Q3-01A,32.3911869758676,8.58215530861206,10.2196116259052,1
TCGA-DJ-A2Q4-01A,25.9537796796533,30.7527086093505,1.69009063547641,1
TCGA-DJ-A2Q5-01A,19.658521740243,32.0775477300029,8.39169754173429,1
TCGA-DJ-A2Q6-01A,24.5451835030594,27.8619620241365,4.13836654979533,1
TCGA-DJ-A2Q7-01A,0.140053877543403,15.2925248681667,-2.27924443691387,1
TCGA-DJ-A2Q9-01A,27.8164327074911,21.1900018449003,5.08771949103265,1
TCGA-DJ-A2QB-01A,38.5097037552589,7.90114985580334,10.9721532549853,1
TCGA-DJ-A3UK-01A,-2.15783423535483,10.2153432969255,-7.46564447308349,1
TCGA-DJ-A3UM-01A,24.0123432954097,32.4624255826207,-1.25092150519846,1
TCGA-DJ-A3UP-01A,-1.48526758748599,13.5324138241635,-4.07965703680243,1
TCGA-DJ-A3UQ-01A,29.8254009310957,21.7606565841957,-0.88019049814495,1
TCGA-DJ-A3US-01A,37.7910022572039,10.9622877784357,15.3464461736584,1
TCGA-DJ-A3UT-01A,36.5689441666287,-3.39145996662429,10.3033939725069,1
TCGA-DJ-A3UU-01A,25.419808087288,34.6053701169429,2.09526512563806,1
TCGA-DJ-A3UV-01A,36.2794164247339,-7.83323478772792,13.5520740722771,1
TCGA-DJ-A3UW-01A,37.4466745078278,3.76393109379998,5.70108665287555,1
TCGA-DJ-A3UX-01A,20.1782211837993,13.7446691113097,8.16533417052626,1
TCGA-DJ-A3UY-01A,20.7571866718718,9.78645498602577,6.96661290003727,1
TCGA-DJ-A3UZ-01A,39.8772632625727,0.0535947834224623,16.0597919114942,1
TCGA-DJ-A3V0-01A,32.0512882541565,-7.95866674376446,16.2216428266476,1
TCGA-DJ-A3V4-01A,24.9960975783572,19.3546313736754,8.85459800051355,1
TCGA-DJ-A3V5-01A,19.5942024360068,17.7240480829635,9.46918210134892,1
TCGA-DJ-A3V6-01A,32.9366681923378,13.5277198852534,13.6729777731944,1
TCGA-DJ-A3V7-01A,40.2344310185418,-1.48986274310394,8.20636101863996,1
TCGA-DJ-A3V8-01A,24.1192079354649,18.2661916212186,8.05062853760407,1
TCGA-DJ-A3VD-01A,32.1555534308703,20.3505222987947,8.56917448341686,1
TCGA-DJ-A3VF-01A,27.1988882570789,20.8485611067052,4.1090045998336,1
TCGA-DJ-A3VG-01A,29.8717924849641,-8.15194094560911,9.47220343060006,1
TCGA-DJ-A3VM-01A,42.3484591979619,-0.782020821226169,10.6572061218806,1
TCGA-DJ-A4UT-01A,27.9751499037945,-7.24283406391523,9.2244823105899,1
TCGA-DJ-A4V0-01A,13.3085300310258,32.6066402771932,10.6838770202476,1
TCGA-DJ-A4V2-01A,26.7648345397435,26.4379879510631,6.89827998826948,1
TCGA-DJ-A4V4-01A,30.6290650988855,-10.7856693503269,13.5200583373466,1
TCGA-DO-A1K0-01A,30.7427474736504,17.1541555520733,8.72697751135331,1
TCGA-DO-A2HM-01B,32.286678050187,22.7465507465886,2.89791630481162,1
TCGA-E3-A3DY-01A,19.9677717525235,38.023127642544,4.40964387249694,1
TCGA-E3-A3DZ-01A,9.19951777926174,24.2528782653336,3.73469446121809,1
TCGA-E3-A3E1-01A,20.441676575303,15.3273131097612,5.1328704422707,1
TCGA-E3-A3E3-01A,26.087885675595,7.68499599165506,8.65270687939819,1
TCGA-E8-A242-01A,32.2152172063345,32.3927926867036,0.497791430617903,1
TCGA-E8-A2EA-01A,-2.20327598594572,15.7502955081599,0.531125265095748,1
TCGA-E8-A2JQ-01A,-0.122760325902896,15.838507782173,-3.28328105744241,1
TCGA-E8-A413-01A,0.767050404697556,14.6736714990794,-5.2155621622682,1
TCGA-E8-A414-01A,25.4164221254298,18.5546189895405,1.37448157825624,1
TCGA-E8-A415-01A,34.0621604924487,4.86359474693647,12.247863690138,1
TCGA-E8-A416-01A,29.9378320106252,-5.37890153390774,11.2531195880714,1
TCGA-E8-A417-01A,43.7084645688822,8.00989019279686,12.0192391384636,1
TCGA-E8-A418-01A,27.9471236956747,-8.83847731204036,15.1054774501793,1
TCGA-E8-A434-01A,32.6513804348619,11.0382788511118,9.08751823423568,1
TCGA-E8-A436-01A,36.2648931840033,21.4825465995672,0.320311915913335,1
TCGA-E8-A44K-01A,33.7598324609654,-10.7644907614275,13.6407794915256,1
TCGA-EL-A3CL-01A,17.5038229687686,37.3549828774511,11.2991104789674,1
TCGA-EL-A3CM-01A,21.2271553457354,22.980205630085,-0.687428097989348,1
TCGA-EL-A3CN-01A,25.5388185419183,25.9110973086922,7.93590345105056,1
TCGA-EL-A3CO-01A,17.505550609617,20.9090083757417,9.99193404845731,1
TCGA-EL-A3CP-01A,16.6044755759847,33.3602132409735,3.85784407197655,1
TCGA-EL-A3CS-01A,25.956574670138,29.4368057642187,9.10486276737083,1
TCGA-EL-A3CT-01A,24.8702638825439,23.9983147660905,6.46889753140614,1
TCGA-EL-A3CU-01A,25.3131585131871,25.4014904283995,3.58135089423496,1
TCGA-EL-A3CV-01A,25.114118562336,27.5393797896813,6.22594809923084,1
TCGA-EL-A3CW-01A,28.1927826985637,7.89479684571987,9.85676906935189,1
TCGA-EL-A3CY-01A,24.3295318178799,31.2310806665382,3.70402182398913,1
TCGA-EL-A3CZ-01A,32.6131495573429,8.43974254909116,9.44938249146473,1
TCGA-EL-A3D0-01A,26.0335188182785,33.3239840401993,1.2043178550953,1
TCGA-EL-A3D6-01A,25.4748365311006,27.8933244794322,-1.36505462452891,1
TCGA-EL-A3GO-01A,29.523758691199,17.9046148359422,6.07020781463056,1
TCGA-EL-A3GP-01A,22.4753203336043,18.4775491701539,0.504699109396276,1
TCGA-EL-A3GQ-01A,23.9994314832465,21.2928734516788,1.27073964209792,1
TCGA-EL-A3GR-01A,24.0942413913876,36.0938082864944,2.23203821792144,1
TCGA-EL-A3GS-01A,31.5915567403598,23.4576995532557,1.41559688203869,1
TCGA-EL-A3GU-01A,19.1027211843829,21.945719904734,7.86029436908959,1
TCGA-EL-A3GV-01A,20.0971754636055,26.0836638153619,6.28601344007412,1
TCGA-EL-A3GW-01A,22.2854059171826,27.8828340825761,11.2516382819519,1
TCGA-EL-A3GX-01A,32.7742287969052,28.0416160162665,6.18046623984752,1
TCGA-EL-A3GY-01A,20.298234762373,24.9915771498437,-0.504872841997166,1
TCGA-EL-A3GZ-01A,16.2506248576985,38.705029760654,12.9395865700114,1
TCGA-EL-A3H1-01A,8.45620730451741,22.1422268329356,9.63801972475804,1
TCGA-EL-A3H2-01A,7.70010225636415,19.1670731836484,9.41715976376498,1
TCGA-EL-A3H3-01A,18.5674405026922,32.1249476844342,13.7516646560769,1
TCGA-EL-A3H4-01A,27.9960941010093,18.3329024897079,4.70015258815466,1
TCGA-EL-A3H5-01A,25.3885790359604,18.7119242012274,-3.35103450812383,1
TCGA-EL-A3H7-01A,25.5826797352157,36.1228158001663,0.164544611441788,1
TCGA-EL-A3H8-01A,19.3011853696382,30.7989528183248,1.11452561781376,1
TCGA-EL-A3MW-01A,26.4841950056979,34.4240877672213,9.45620287986163,1
TCGA-EL-A3MY-01A,32.2625698353444,18.4452543854408,5.36573379749762,1
TCGA-EL-A3MZ-01A,28.3918228696898,9.54282830983719,12.070733999274,1
TCGA-EL-A3N2-01A,19.4663877152424,20.6988282652921,10.080482431658,1
TCGA-EL-A3N3-01A,27.304405648365,20.2919732589921,5.0619034261585,1
TCGA-EL-A3T1-01A,35.1536686751401,27.3186391027891,3.88998739717067,1
TCGA-EL-A3T2-01A,26.5188662670861,34.9362663849583,9.06187946891976,1
TCGA-EL-A3T6-01A,26.7013160281526,30.120720469693,5.68044694658897,1
TCGA-EL-A3T8-01A,1.03513912844725,13.8771126230691,-4.48384047075679,1
TCGA-EL-A3ZG-01A,-1.28383872909985,15.3932062961309,-0.789161536295274,1
TCGA-EL-A4JV-01A,33.165394604069,-3.04637464822532,10.5752844301927,1
TCGA-EL-A4JW-01A,34.7968623510496,22.8668754133542,1.16713617183881,1
TCGA-EL-A4JX-01A,29.5095939691343,28.6059176239495,11.9941128761993,1
TCGA-EL-A4K2-01A,8.03060698659657,23.5456656071959,1.57779396581906,1
TCGA-EL-A4K4-01A,22.286979613764,30.0797319587712,3.87136294397277,1
TCGA-EM-A1CS-01A,3.12857042214538,16.7972480099743,0.770090461825878,1
TCGA-EM-A1CT-01A,43.4461050109066,6.5358156719894,10.9391659725029,1
TCGA-EM-A1CU-01A,26.8029116490225,30.8799101492577,4.84622645163459,1
TCGA-EM-A1CV-01A,25.0340314526958,29.9731191739778,1.76445060667279,1
TCGA-EM-A1CW-01A,28.2076672689562,6.24664179438658,10.3691591562975,1
TCGA-EM-A1YA-01A,32.6782861734097,3.54253151416976,13.0459597745856,1
TCGA-EM-A1YB-01A,37.0115818821111,8.31263889939797,14.4356421642774,1
TCGA-EM-A1YC-01A,32.4494805193489,4.78972237607567,14.8735054909444,1
TCGA-EM-A1YD-01A,19.3688537454927,23.0899182405847,12.3998196988673,1
TCGA-EM-A22I-01A,27.2935126990076,17.9287694559088,2.15659443357681,1
TCGA-EM-A22J-01A,23.2833040502832,11.6887574720746,7.8688802158335,1
TCGA-EM-A22K-01A,7.90073558482455,25.1801911396851,3.61688029618576,1
TCGA-EM-A22L-01A,17.8921410075031,29.4540167048188,8.50208533151103,1
TCGA-EM-A22N-01A,35.5569201867309,2.59748648538636,13.9109599248222,1
TCGA-EM-A22O-01A,-1.52098135035885,15.6438596004943,1.31296550649451,1
TCGA-EM-A22P-01A,19.9249415982051,29.7829364305143,15.4156420165076,1
TCGA-EM-A2CK-01A,40.5707715119587,4.16960131103871,11.3078036773818,1
TCGA-EM-A2CL-01A,9.78740829859658,20.9511449319276,2.16898747814015,1
TCGA-EM-A2CO-01A,42.9000904653411,-0.881100482262067,8.20792766631775,1
TCGA-EM-A2CP-01A,22.6507512921024,30.0747286338144,5.34026315034906,1
TCGA-EM-A2CQ-01A,42.0456936573433,4.46613606008579,16.2358165703495,1
TCGA-EM-A2CS-01A,24.5916172146524,27.3302058066336,1.4186288585527,1
TCGA-EM-A2CT-01A,23.0123982129026,27.4720603842578,1.81948343676515,1
TCGA-EM-A2OV-01A,17.3966229160792,19.264544368115,11.9851377843854,1
TCGA-EM-A2OW-01A,34.8167617534175,7.86804643097085,10.6309506501274,1
TCGA-EM-A2OY-01A,35.0928806172359,4.44025917825343,6.75273216356183,1
TCGA-EM-A2OZ-01A,25.8758212951857,21.038983425118,5.21803495715672,1
TCGA-EM-A2P0-01A,21.5163231492349,15.6870609610043,2.13542943810194,1
TCGA-EM-A2P1-01A,24.9141719747178,20.5336101584053,4.04017582168129,1
TCGA-EM-A2P3-01A,18.8491349053836,36.282822231266,4.84437787103863,1
TCGA-EM-A3AJ-01A,5.53979178281006,25.3510587668979,7.92957573309835,1
TCGA-EM-A3AL-01A,7.47470304744423,21.0263514536658,3.45929398501296,1
TCGA-EM-A3AN-01A,19.0430458026739,31.9199941137094,16.5076585648187,1
TCGA-EM-A3AP-01A,4.82991062421826,21.5769063656928,3.2143367640863,1
TCGA-EM-A3AR-01A,17.6047333490961,14.8839877498045,12.0884782226243,1
TCGA-EM-A3FK-01A,19.1939755422661,30.8866819754235,6.93260615538697,1
TCGA-EM-A3FL-01A,30.4926898420165,6.49305144570395,6.55898856561705,1
TCGA-EM-A3FQ-01A,21.8956134113477,38.869155187585,13.5014954409226,1
TCGA-EM-A3O6-01A,2.46855687441216,22.6539286793625,1.12314151946181,1
TCGA-EM-A3O8-01A,18.9007956338191,21.2339668229659,10.6889977311857,1
TCGA-EM-A3OA-01A,22.6983807167195,33.4139418033867,3.26499140489841,1
TCGA-EM-A3SY-01A,44.779012844646,-0.274580860522648,12.9733353426854,1
TCGA-EM-A3SZ-01A,23.2298891739183,17.3436837874364,1.38900648062621,1
TCGA-EM-A4FF-01A,27.9193044887896,28.7749964742834,10.5952760088479,1
TCGA-EM-A4FH-01A,6.35302587685031,19.211752988647,4.40115687129174,1
TCGA-EM-A4FK-01A,17.4574637986664,18.5664189951546,12.488152784416,1
TCGA-EM-A4FU-01A,36.0960041289197,-8.14446110030901,7.75678139732585,1
TCGA-EM-A4G1-01A,42.1527954158177,-0.185652396322937,9.4942768974235,1
TCGA-ET-A25G-01A,24.3098945039806,17.4028392545732,6.9322791310796,1
TCGA-ET-A25I-01A,41.5827463854449,6.56096609431547,13.6710012290745,1
TCGA-ET-A25M-01A,34.7771268898042,13.3839406333001,14.6959302596439,1
TCGA-ET-A25N-01A,21.5351396470467,29.8284663072125,3.65211083625436,1
TCGA-ET-A25O-01A,6.56348719415276,12.9554400812122,-5.46045249109291,1
TCGA-ET-A25P-01A,42.4433447293854,-0.689068257659022,11.1298669206545,1
TCGA-ET-A25R-01A,7.37505694076075,18.4792717836675,0.995239801019183,1
TCGA-ET-A2MY-01A,41.5250193896835,8.49130563048533,15.2950128188795,1
TCGA-ET-A2MZ-01A,19.0129053724381,34.9209764313669,3.54921457770485,1
TCGA-ET-A2N5-01A,40.1252451628164,2.27209860305717,9.50925828159995,1
TCGA-ET-A39I-01A,22.2893362528812,15.0848339576947,8.07015693722587,1
TCGA-ET-A39J-01A,22.9298987790299,34.5395809539253,10.0731369120145,1
TCGA-ET-A39L-01A,14.0417230370487,28.7124650464376,9.70963716454897,1
TCGA-ET-A39O-01A,24.9970172130546,25.5145562016861,3.20856513727062,1
TCGA-ET-A39P-01A,27.9658498435152,18.7281917256814,7.5406689458915,1
TCGA-ET-A39S-01A,15.4478284508799,35.4942388647247,6.99847014574022,1
TCGA-ET-A39T-01A,34.0791654417524,10.9559023822807,15.5689273223399,1
TCGA-ET-A3BN-01A,20.6527966007403,23.7878609013328,2.40321082515377,1
TCGA-ET-A3BO-01A,25.4758983724702,24.5818321561655,0.516316450367052,1
TCGA-ET-A3BQ-01B,22.5110068884883,37.4240623380725,7.33476789354204,1
TCGA-ET-A3BS-01A,25.6344621593782,33.9749671795578,2.50908569905709,1
TCGA-ET-A3BT-01A,28.2215616611592,36.4665440723068,5.71962707039233,1
TCGA-ET-A3BU-01A,28.0510115438929,26.4825155492404,3.57238960253223,1
TCGA-ET-A3BW-01A,12.5499712278969,28.0568809129057,7.4340316520079,1
TCGA-ET-A3BX-01A,33.1616914420617,30.6725636594722,-1.08356124434693,1
TCGA-ET-A3DO-01A,30.2936879871462,24.5397602283546,8.03375650260959,1
TCGA-ET-A3DQ-01A,20.9878362398962,21.7554478985593,10.7717005948953,1
TCGA-ET-A3DR-01A,19.5404971495946,33.5915645681046,3.62934116649493,1
TCGA-ET-A3DS-01A,16.6216804273251,15.7293260024877,8.71347993066014,1
TCGA-ET-A3DV-01A,32.3429524562364,38.3290608800856,11.2894262294922,1
TCGA-ET-A3DW-01A,23.9847356224958,21.9648572151601,4.3048282773077,1
TCGA-ET-A4KQ-01A,37.2431714211472,-1.99979040247949,14.2691983824203,1
TCGA-FE-A230-01A,24.599845706701,16.1575118792205,1.73805277858204,1
TCGA-FE-A231-01A,38.340872204046,3.20666357663548,9.24087817233464,1
TCGA-FE-A233-01A,26.4448607589406,31.2568075958456,0.938815901356501,1
TCGA-FE-A234-01A,20.8802973051567,23.1845598545228,3.34285347617285,1
TCGA-FE-A236-01A,31.0738354167469,20.7817188797111,2.99919209419971,1
TCGA-FE-A237-01A,30.7355592235583,19.5550576839919,7.1204332504329,1
TCGA-FE-A238-01A,28.7960886944322,22.5484074129483,8.13472305816828,1
TCGA-FE-A239-01A,8.55314731549141,17.4243997644801,3.5815808332164,1
TCGA-FK-A3SD-01A,2.03168600423397,19.224066347643,1.01234300339635,1
TCGA-FK-A3SE-01A,29.1290413806287,35.9208897605443,1.15949048301123,1
TCGA-FY-A2QD-01A,14.0121955877581,21.4359505105149,12.0432706468496,1
TCGA-FY-A3BL-01A,37.0659568072842,4.0125105949228,12.6874416861102,1
TCGA-FY-A3I5-01B,8.30595284117224,19.4128792191748,5.78272480647652,1
TCGA-FY-A3NM-01A,20.0491256468829,23.7679882761417,7.48741290797125,1
TCGA-FY-A3NN-01A,25.3887008264525,12.4990286577768,12.8026440340363,1
TCGA-FY-A3NP-01A,32.0569310816439,-7.94968844098247,9.29287561277328,1
TCGA-FY-A3ON-01A,-4.7461014343327,15.6990798547519,0.97569261621958,1
TCGA-FY-A3R6-01A,24.5522019591467,24.0796881452457,12.7337536867776,1
TCGA-FY-A3R7-01A,19.9168016126409,35.0637502195767,3.72707215987459,1
TCGA-FY-A3R8-01A,23.9808831610807,29.1123202906079,5.48207508987844,1
TCGA-FY-A3R9-01A,38.8097440527317,5.50812797147964,12.9144837432427,1
TCGA-FY-A3RA-01A,25.7115068071533,32.6766456686927,7.40500794939504,1
TCGA-FY-A3TY-01A,19.7267733925831,17.4628875438467,8.22131926972257,1
TCGA-FY-A3WA-01A,14.4423188092966,20.3174381899104,5.5111695176545,1
TCGA-FY-A3YR-01A,32.9323632627631,10.8152135781713,9.6911977093018,1
TCGA-FY-A40L-01A,34.4286023401566,6.62640055779554,8.84261550253236,1
TCGA-FY-A4B4-01A,35.2374623741075,22.0506204124747,3.32405930788741,1
TCGA-FY-A76V-01A,13.0457669039676,22.4250682742923,10.9930042863832,1
TCGA-GE-A2C6-01A,4.31071067062136,18.9592315321896,-5.995438940816,1
TCGA-H2-A2K9-01A,7.01110928868806,16.986210906014,5.82107681402402,1
TCGA-H2-A3RI-01A,42.9586677592496,5.37218929893723,16.189134898365,1
TCGA-H2-A422-01A,25.219112527931,15.3443014489316,9.01655185625606,1
TCGA-IM-A3EB-01A,26.5624338312825,26.0353568365023,4.16069694702954,1
TCGA-IM-A3ED-01A,25.1058226940116,32.2513878954141,-1.42861364960277,1
TCGA-IM-A3U2-01A,-3.99489016793798,16.9603434492326,-1.38908690767961,1
TCGA-IM-A3U3-01A,3.63056337401631,21.9400647530807,3.28371727708055,1
TCGA-IM-A41Y-01A,38.1267914260488,2.93331606576618,9.6255315261403,1
TCGA-IM-A41Z-01A,41.2099602610378,5.86706397738714,15.8002595304328,1
TCGA-IM-A420-01A,25.9006811322149,19.7604785910827,2.11878577868763,1
TCGA-IM-A4EB-01A,27.4430494331183,32.2413741390562,6.03593632367006,1
TCGA-J8-A3NZ-01A,23.4955878291113,36.5451598038741,3.56254793519585,1
TCGA-J8-A3O1-01A,23.5790775303734,27.4891109541692,5.76687476463014,1
TCGA-J8-A3O2-01A,13.5426788945417,30.8733345879255,12.8107204860041,1
TCGA-J8-A3YD-01A,26.0871535435404,15.2313150953564,7.48044317729202,1
TCGA-J8-A3YE-01A,28.8480263065876,27.1676973897576,5.82592910872979,1
TCGA-J8-A3YG-01A,35.6017565690505,15.9305383468113,1.58833658250115,1
TCGA-J8-A4HW-01A,31.2584586260412,35.1273984308142,1.62123328204778,1
TCGA-J8-A4HY-01A,34.9601280985572,-0.401322684003737,17.3091022983028,1
TCGA-KS-A41I-01A,31.3285859689254,-11.0536543510554,11.669888852781,1
TCGA-KS-A4I3-01A,17.5354065661002,37.4163193464699,10.8640898655063,1
TCGA-KS-A4I9-01A,34.2475673851251,33.0630723558433,3.82602313241119,1
TCGA-KS-A4IB-01A,33.2979437449774,7.85740830105433,10.0670515449658,1
TCGA-KS-A4IC-01A,33.895465392255,-5.74457645590884,10.4218546689808,1
TCGA-KS-A4ID-01A,37.2592888066386,-10.080879548008,16.0261801644084,1
TCGA-MK-A4N6-01A,25.5876655216092,25.7650055371149,7.41517697734753,1
TCGA-MK-A4N7-01A,14.4851385503958,34.1062816628475,10.4070042016246,1
TCGA-QD-A8IV-01A,7.9902351708549,22.97263571028,7.08644801385496,1
TCGA-4C-A93U-01A,-18.1472025346433,-8.11944104223814,-17.4183966484425,2
TCGA-BJ-A28Z-01A,-22.1747169358066,-9.13004576199483,-18.6182901184804,2
TCGA-BJ-A290-01A,-23.4018825934334,-2.20273265400869,-19.7591908339026,2
TCGA-BJ-A3PU-01A,-28.4072278599088,-6.66429345718269,-15.2973919602635,2
TCGA-BJ-A45D-01A,-31.0237711256381,1.87211951396067,-23.0131490886279,2
TCGA-BJ-A45J-01A,-23.3470573163757,-2.51965958679792,-15.1395371736554,2
TCGA-BJ-A4O8-01A,-17.1557566832811,-4.07208596339646,-16.4195916989851,2
TCGA-CE-A485-01A,-22.3792101515289,-8.02337543050726,-22.6236551971738,2
TCGA-DE-A4MA-01A,-27.4718898277988,0.980289637809964,-17.3836070657744,2
TCGA-DJ-A13M-01A,-36.5185990460218,2.09275765573741,-17.6521645538504,2
TCGA-DJ-A1QN-01A,-21.6891090761073,-6.83165333780562,-22.8112769554548,2
TCGA-DJ-A2PW-01A,-20.3007463968254,-10.8318629762222,-17.0470007364414,2
TCGA-DJ-A2QA-01A,-27.4239383119024,-4.7501754276001,-18.4010237079074,2
TCGA-DJ-A2QC-01A,-30.487255933068,-3.4768272806604,-24.3540622521373,2
TCGA-DJ-A3UN-01A,-25.7239965212682,0.36788345113922,-19.9000288284015,2
TCGA-DJ-A3UO-01A,-12.162027118299,-3.10656049178901,-19.7413379088249,2
TCGA-DJ-A3UR-01A,-32.7752176082788,-4.39127986617409,-22.2112979259472,2
TCGA-DJ-A3V2-01A,-23.1974003963604,-1.84965659057042,-12.0885527936619,2
TCGA-DJ-A3V9-01A,-18.683952324214,-4.73178476961352,-17.5670282988553,2
TCGA-DJ-A3VA-01A,-12.2866644726317,-4.1168393566464,-15.6790712166958,2
TCGA-DJ-A3VB-01A,-30.0094148433441,-3.98697090596086,-15.4474456638178,2
TCGA-DJ-A3VE-01A,-19.5276289770317,-4.37345383951822,-19.9894055403327,2
TCGA-DJ-A3VI-01A,-18.1643735701317,2.84110132327681,-19.1168999917363,2
TCGA-DJ-A3VJ-01A,-17.8413390167562,-6.96689179886302,-12.7596604552844,2
TCGA-DJ-A4UL-01A,-29.5335531761863,-5.04433661474874,-16.0746229608778,2
TCGA-DJ-A4UQ-01A,-24.6347065108836,-13.3776797175968,-29.0476765472163,2
TCGA-DJ-A4V5-01A,-20.3876107710885,-12.3154839367611,-18.4542202706241,2
TCGA-DO-A1JZ-01A,-20.4194684312061,-10.1982811474268,-26.4832600455538,2
TCGA-E3-A3E2-01A,-23.2677581909764,-4.19743414176946,-14.7698198842936,2
TCGA-E3-A3E5-01A,-23.4917380935405,-2.29478108257674,-16.0127700662934,2
TCGA-E8-A3X7-01A,-30.7379760010667,-4.6928872670013,-15.7963298105757,2
TCGA-E8-A419-01A,-17.159421303239,-1.21484107977833,-18.9514315421384,2
TCGA-E8-A433-01A,-30.3550452993757,-5.19268189244655,-18.4396116941315,2
TCGA-E8-A437-01A,-31.8004983222575,-3.17970006726304,-24.9586981379076,2
TCGA-E8-A44M-01A,-22.6289142709346,-7.25348501958778,-21.1446950364095,2
TCGA-EL-A3D4-01A,-31.1053455694002,1.89633499738691,-22.1027318650776,2
TCGA-EL-A3T3-01A,-25.8762721636314,-6.00600940800601,-11.5008196291917,2
TCGA-EL-A3T7-01A,-18.5268617173206,-7.73900365881578,-18.3880315125127,2
TCGA-EL-A3TB-01A,-34.2346247630745,-1.62199776544844,-19.9670682889175,2
TCGA-EL-A3ZH-01A,-29.296897851565,-5.83985530740726,-18.2361418096905,2
TCGA-EL-A3ZM-01A,-25.0797548105435,-2.50266109692687,-11.8346910741453,2
TCGA-EL-A3ZS-01A,-20.5643087019668,-4.14872598418765,-17.7218431907394,2
TCGA-EL-A3ZT-01A,-23.7851035284243,-5.05904092167247,-16.3910199193715,2
TCGA-EL-A4JZ-01A,-25.641179603089,2.76264174375209,-20.5267415161467,2
TCGA-EL-A4K0-01A,-16.1751658843148,-13.0677227324758,-22.3080362375452,2
TCGA-EL-A4K7-01A,-32.7903083861642,-1.8376197550933,-21.283865544358,2
TCGA-EL-A4K9-01A,-16.7787288726293,-9.52288226659229,-28.5249539004903,2
TCGA-EL-A4KG-01A,-30.3070908601084,-8.89303340608777,-17.7591042545684,2
TCGA-EL-A4KI-01A,-31.6684838414472,2.36201724352125,-18.4506360011829,2
TCGA-EM-A2CJ-01A,-30.9465532738205,1.68268321661005,-17.5968319107876,2
TCGA-EM-A2CM-01A,-10.6331549148067,-2.29129290821174,-11.3081025671325,2
TCGA-EM-A2CR-01A,-29.4952458593745,-1.4863943867759,-21.9409933289573,2
TCGA-EM-A2OX-01A,-18.6689953544059,-10.846180510098,-22.6585758397299,2
TCGA-EM-A2P2-01A,-22.6299741456558,-11.8006144238801,-27.7754176536408,2
TCGA-EM-A3FM-01A,-34.3474716142405,-4.94166020252721,-23.4435141908798,2
TCGA-EM-A3O7-01A,-29.5206764417548,-6.42588968758319,-19.5562992968845,2
TCGA-EM-A3SU-01A,-29.5714040790145,-4.23946071702622,-12.7407303931099,2
TCGA-EM-A3SX-01A,-23.1978919858409,-1.22058333128712,-16.0544550784091,2
TCGA-EM-A4FM-01A,-19.2745899977255,0.652423979516177,-17.6582923195844,2
TCGA-EM-A4FN-01A,-27.4380874603621,-4.69675549885991,-17.7255650665418,2
TCGA-EM-A4FV-01A,-25.751141742038,-0.387523187408533,-19.826740034448,2
TCGA-ET-A25K-01A,-15.7317788559731,-7.68533614163331,-22.893797634972,2
TCGA-ET-A25L-01A,-8.44961148284055,-0.188545950237961,-21.3222709987806,2
TCGA-ET-A2N0-01A,-31.3755314462053,-5.24819427710532,-21.0689394113059,2
TCGA-ET-A2N4-01A,-26.0608754767322,-0.927603123807025,-20.6649949176756,2
TCGA-ET-A39R-01A,-18.4848477008876,-8.56924106107042,-18.8194660461587,2
TCGA-ET-A3BP-01A,-25.862596432918,-1.45853966656607,-17.9698482631136,2
TCGA-ET-A3BV-01A,-9.49541759195047,-3.30903967411645,-20.6975346372309,2
TCGA-ET-A3DP-01A,-17.4172973144179,-5.18979157665223,-22.9325942857937,2
TCGA-ET-A3DU-01A,-18.494818010866,-9.62415045928029,-16.3556050644466,2
TCGA-ET-A40Q-01A,-18.7793993061754,-1.60821355339576,-12.5357791846991,2
TCGA-ET-A40S-01A,-21.4038177303393,-11.2571900799018,-22.4033812403865,2
TCGA-FE-A22Z-01A,-12.0665464715886,-3.00931358683401,-19.4825219808904,2
TCGA-FE-A232-01A,-29.6163417872086,-1.98394418103261,-17.7610627756876,2
TCGA-FE-A23A-01A,-32.5932485416803,0.586726403015701,-20.720774738678,2
TCGA-FK-A3SB-01A,-16.6079246615229,-9.76270616136394,-20.9726147041821,2
TCGA-FK-A3SH-01A,-25.2383240566055,-4.09354021367043,-17.856725563333,2
TCGA-FY-A3I4-01A,-30.5902274106617,-0.790236532831257,-17.0541326742769,2
TCGA-FY-A40K-01A,-17.0262568570409,-12.9310799821021,-26.4360087852866,2
TCGA-FY-A4B3-01A,-15.0384591889019,-11.4449085233528,-14.6493867495477,2
TCGA-H2-A26U-01A,-16.5324422386723,-7.76388793229559,-21.0807368769792,2
TCGA-H2-A3RH-01A,-21.5006486511244,-14.5726077626959,-28.575970104359,2
TCGA-J8-A3O0-01A,-20.9884743517817,-9.45429906734533,-27.3929058539875,2
TCGA-J8-A3YF-01A,-12.5665579755518,-2.93070364523668,-18.4795752828181,2
TCGA-J8-A3YH-01A,-22.4854225829582,-6.04378190132422,-12.6902929678749,2
TCGA-J8-A42S-01A,-26.5867179816675,-4.90752797181117,-10.158749657295,2
TCGA-KS-A41J-01A,-25.6519412493081,-2.99284273714019,-20.9475211278901,2
TCGA-BJ-A0Z2-01A,-43.363112000537,-50.341513258196,5.51227869703592,3
TCGA-BJ-A192-01A,-51.1718977699773,-55.4877595221985,-4.39814303179222,3
TCGA-BJ-A28S-01A,-50.6176656438605,-51.6074010881592,5.22410911249281,3
TCGA-BJ-A28W-01A,-60.0795308660029,-53.9162162701185,-13.768835168242,3
TCGA-BJ-A291-01A,-53.5011503433352,-48.0081846834161,-0.417930119214349,3
TCGA-BJ-A2N8-01A,-57.3885012364025,-59.6815505399744,-5.52895317662471,3
TCGA-BJ-A2N9-01A,-47.0978196970826,-48.2918437113655,-0.492713230998574,3
TCGA-BJ-A2P4-01A,-57.8625357227534,-53.3401034767004,-3.4300069035772,3
TCGA-BJ-A45K-01A,-48.8064330203626,-57.4742772428009,2.7920625761373,3
TCGA-CE-A13K-01A,-52.6461662202785,-54.8899025308467,-2.45852172403111,3
TCGA-CE-A3MD-01A,-52.5586418070771,-57.884706640658,-2.37977648361787,3
TCGA-CE-A481-01A,-49.8785548184931,-54.1424956571568,-2.86020375203276,3
TCGA-CE-A482-01A,-53.4894648488504,-56.9459478081925,-11.2299889783696,3
TCGA-CE-A484-01A,-52.6885282691153,-56.0035954995199,2.21989502052388,3
TCGA-DE-A3KN-01A,-55.4922627970347,-58.1317092929876,-7.42701271441991,3
TCGA-DE-A69K-01A,-56.4732214037463,-54.9874608198815,-8.81196525785117,3
TCGA-DJ-A13O-01A,-56.3341264413944,-44.0009809270254,-9.80523663141954,3
TCGA-DJ-A13W-01A,-49.0408771185357,-54.6520196936186,-0.859350858244208,3
TCGA-DJ-A1QL-01A,-46.497539215151,-48.0239846872406,6.57783082080035,3
TCGA-DJ-A2Q1-01A,-52.0925612865507,-51.5725250418384,2.36492500189206,3
TCGA-DJ-A3V3-01A,-58.7406663266342,-46.1974066133011,-10.4230903334499,3
TCGA-DJ-A3VK-01A,-56.4986948326679,-45.0880841707854,-2.5466720913097,3
TCGA-DJ-A3VL-01A,-56.855066927471,-56.3821462841008,-13.2229396366189,3
TCGA-DJ-A4UP-01A,-63.1120720647694,-53.7969132475034,-8.35733235878985,3
TCGA-DJ-A4UR-01A,-57.852145483,-45.6029395973642,-10.5877678559785,3
TCGA-DJ-A4UW-01A,-48.7972311230104,-59.9993313467906,-10.3072057097239,3
TCGA-E3-A3E0-01A,-51.3967159538806,-58.5492384914952,-13.3033833161594,3
TCGA-E8-A432-01A,-51.4813478034429,-60.7417385123025,0.827064761555136,3
TCGA-E8-A438-01A,-60.7459212033981,-51.027092708603,-8.81643360406582,3
TCGA-EL-A3CR-01A,-58.0015530030766,-58.0220920262409,0.93819531406171,3
TCGA-EL-A3CX-01A,-46.0392436797442,-56.2980085800469,0.337203752416146,3
TCGA-EL-A3D1-01A,-60.5640755450921,-56.0499557134639,-4.73309961643446,3
TCGA-EL-A3D5-01A,-56.0302411680758,-53.3062052217904,-5.24954193065588,3
TCGA-EL-A3MX-01A,-58.6401949623294,-57.7847054365818,-4.74691104508188,3
TCGA-EL-A3T0-01A,-52.2349460243387,-53.7784148494535,1.44176149870048,3
TCGA-EL-A3T9-01A,-49.538865764174,-58.298642006142,-0.346670409010878,3
TCGA-EL-A3TA-01A,-58.5563541309604,-52.8026543347783,-6.62962110719901,3
TCGA-EL-A3ZK-01A,-61.2427866313937,-53.3149071077655,-12.5401057325983,3
TCGA-EL-A3ZL-01A,-59.1612219817564,-58.1383827455647,-6.6135615618126,3
TCGA-EL-A3ZN-01A,-56.3117000239395,-50.6729780309861,-3.99556451072775,3
TCGA-EL-A3ZO-01A,-54.9180953528738,-59.5898842809058,-5.56577972299215,3
TCGA-EL-A3ZP-01A,-60.7818460308428,-54.9406024230908,-12.464632561366,3
TCGA-EL-A3ZQ-01A,-61.7404618979339,-51.1215900816988,-6.9487191382789,3
TCGA-EL-A3ZR-01A,-58.8913489673833,-53.3193486759561,-4.47957262815019,3
TCGA-EL-A4K1-01A,-58.5727838274326,-51.9210727236639,-5.19975282294572,3
TCGA-EL-A4K6-01A,-57.5955140491216,-57.0405149613467,0.270540145398813,3
TCGA-EL-A4KD-01A,-56.6347342102091,-50.8681790897141,-6.36149037799579,3
TCGA-EL-A4KH-01A,-56.8610457065138,-58.3812267051629,-10.3870275758536,3
TCGA-EM-A1YE-01A,-53.4200260833565,-47.3406828270191,5.60765946796833,3
TCGA-EM-A22M-01A,-53.454725316326,-57.1274495053646,-5.10853739007849,3
TCGA-EM-A22Q-01A,-52.3066845831712,-53.021117071931,3.62580876891073,3
TCGA-EM-A2CN-01A,-46.3669935820306,-53.8130167390529,4.93665488080876,3
TCGA-EM-A2CU-01A,-50.8098033141799,-55.754517710028,-0.708550420368426,3
TCGA-EM-A3AI-01A,-47.2152720536409,-53.01483410759,0.429207595503289,3
TCGA-EM-A3AK-01A,-56.6615143777584,-49.4057825232636,-6.87088550653466,3
TCGA-EM-A3AO-01A,-47.8732958935523,-44.1865493076762,2.99844923846113,3
TCGA-EM-A3AQ-01A,-53.5929313371408,-56.791293909359,-5.20887694634818,3
TCGA-EM-A3FJ-01A,-43.032048218904,-57.891951979926,-9.34597075357388,3
TCGA-EM-A3FN-01A,-54.7809753491238,-46.3412494331514,2.48589091348611,3
TCGA-EM-A3FO-01A,-46.0872919788009,-62.6018047615,-10.8748346922602,3
TCGA-EM-A3FP-01A,-51.2886105944125,-49.3663269369665,1.26802731154189,3
TCGA-EM-A3FR-01A,-43.7195107588075,-53.3703245569568,-1.39050976806055,3
TCGA-EM-A3O3-01A,-47.9982380009118,-50.9296489467543,2.50589412181408,3
TCGA-EM-A3OB-01A,-48.2290855403195,-56.4373875454678,2.56737048390401,3
TCGA-EM-A3ST-01A,-60.8013396845443,-53.5141868796035,-6.47125059419679,3
TCGA-EM-A4FO-01A,-52.9351213654788,-50.1023147127778,-8.57298100255399,3
TCGA-EM-A4FQ-01A,-56.5456557878997,-58.3807409559356,-4.02637837755623,3
TCGA-EM-A4FR-01A,-51.8417751161357,-55.3792173879666,1.65913153854634,3
TCGA-ET-A2MX-01A,-57.3018441198942,-57.536632693016,-6.23329853003623,3
TCGA-ET-A2N3-01B,-55.1519019138362,-51.8313842551427,-3.39494417195984,3
TCGA-ET-A39K-01A,-58.5059011866676,-54.9079378775402,-9.7085636750597,3
TCGA-ET-A39M-01A,-57.0672968747649,-51.9727834432483,-9.82109949655124,3
TCGA-ET-A39N-01A,-55.7563325130324,-53.7187093696848,-1.93572958710868,3
TCGA-ET-A40P-01A,-53.6736568622224,-57.0875753515864,-3.22290568185503,3
TCGA-ET-A40R-01A,-55.5313138295443,-53.3686316910759,-2.69639928230439,3
TCGA-ET-A40T-01A,-55.4433648363745,-55.4775526109029,-7.95956168870733,3
TCGA-ET-A4KN-01A,-58.6345341961928,-58.0241244441655,-11.1816893757787,3
TCGA-FE-A235-01A,-57.0945674962683,-56.4424591799268,-6.4150417921021,3
TCGA-FE-A3PA-01A,-59.1970718461915,-50.0620758437064,-8.99522876476519,3
TCGA-FE-A3PB-01A,-48.1657381355248,-61.5583607206166,-0.588114692057856,3
TCGA-FE-A3PC-01A,-56.7118225772414,-59.2408348083528,-6.53815435577902,3
TCGA-FE-A3PD-01A,-56.5682430401939,-59.3071298897674,-6.5945411238716,3
TCGA-FK-A3S3-01A,-56.2057843339107,-53.5752896941799,-14.4649503910706,3
TCGA-FK-A3SG-01A,-61.947989921037,-51.4721836151691,-8.79572139620095,3
TCGA-FK-A4UB-01A,-57.8801393723128,-50.6811227735953,-2.70323984049686,3
TCGA-FY-A3W9-01A,-43.7049090912238,-53.5795576165441,1.56129168528092,3
TCGA-FY-A40M-01A,-50.1212034236977,-57.5234932015104,-3.04356152321654,3
TCGA-FY-A40N-01A,-55.1944544736592,-50.4907068725754,-13.6563752494606,3
TCGA-FY-A4B0-01A,-48.394889301628,-50.0283569558064,6.96390884706143,3
TCGA-H2-A421-01A,-58.3497511607861,-57.271103182303,-10.5404743067765,3
TCGA-KS-A41F-01A,-59.8541529761524,-53.6320232477804,-11.3792838625828,3
TCGA-KS-A41L-01A,-58.6576110076732,-57.494886588,-1.59312576481887,3
TCGA-KS-A4I1-01A,-60.0313492115652,-53.487564346367,-4.25929283840059,3
TCGA-KS-A4I5-01A,-52.0596016899196,-59.9980046140889,-12.9146746560224,3
TCGA-KS-A4I7-01A,-55.8198139773444,-57.7815218847431,-5.63219159953424,3
TCGA-L6-A4EP-01A,-56.3803953988934,-55.5588369916299,-8.88407454688918,3
TCGA-L6-A4EQ-01A,-50.2894275494589,-58.2380253427226,-13.5776412310289,3
TCGA-L6-A4ET-01A,-59.3966169288569,-56.3056163862282,-8.74390685776936,3
TCGA-L6-A4EU-01A,-45.9079362848099,-57.0298939053413,-7.62278497911408,3
TCGA-MK-A4N9-01A,-48.5854968106981,-55.9780869731801,-11.7129108437283,3
TCGA-MK-A84Z-01A,-49.2329053714079,-51.3443012824232,2.06311453941248,3
