Sample,X,Y,Z,Cluster
TCGA-BJ-A0Z0-01A,10.4234791386409,-20.3837785253515,16.0924537643786,1
TCGA-BJ-A0Z3-01A,11.0922385042403,-23.9678616581604,28.0935660406312,1
TCGA-BJ-A0Z9-01A,9.28781211908838,-22.0749552955639,10.396326128262,1
TCGA-BJ-A0ZC-01A,10.6823165914246,-20.793112959259,14.980038645509,1
TCGA-BJ-A0ZG-01A,8.53924563406232,-19.9937863237831,17.1255783782817,1
TCGA-BJ-A0ZJ-01A,15.356576773694,-15.6380552299397,22.6397247511439,1
TCGA-BJ-A18Y-01A,10.4674562349583,-22.008344201079,13.4321040413875,1
TCGA-BJ-A18Z-01A,8.14818682792873,-22.1897449122755,10.0131916115449,1
TCGA-BJ-A190-01A,8.95871373786641,-20.2398829379028,16.7022865230626,1
TCGA-BJ-A191-01A,17.8459311567939,-16.4015826268764,28.0327332202882,1
TCGA-BJ-A28T-01A,13.0850277842609,-14.4316619897563,28.7703199264349,1
TCGA-BJ-A28V-01A,13.7949609750405,-16.3411795036602,30.0376125936353,1
TCGA-BJ-A290-01A,15.5853519962782,-19.2116496447202,23.9126846970276,1
TCGA-BJ-A291-01A,14.4507882530208,-12.2883435873157,29.0832376851486,1
TCGA-BJ-A2N9-01A,9.07621149612015,-11.0357316854467,23.7755173420905,1
TCGA-BJ-A45E-01A,8.01630166825845,-11.4222091212784,22.8814033993009,1
TCGA-BJ-A45H-01A,14.5938112515091,-17.7892213647411,16.0509654956541,1
TCGA-CE-A27D-01A,14.5026932312248,-14.2912761818889,26.8676738175879,1
TCGA-DE-A0XZ-01A,8.49530168288326,-23.731694042051,23.9489803694913,1
TCGA-DE-A2OL-01A,13.6904716503979,-16.2398602290694,30.2860298573267,1
TCGA-DJ-A13P-01A,13.8093862173231,-18.3639663179133,17.6129163478088,1
TCGA-DJ-A13T-01A,9.74391910370219,-22.9336793701353,30.1401842356455,1
TCGA-DJ-A1QI-01A,9.11165468988533,-23.6634639286192,24.8210711766026,1
TCGA-DJ-A1QL-01A,12.5492539175087,-16.5589983268094,29.645717487126,1
TCGA-DJ-A1QM-01A,12.3270606366345,-13.9316958412173,28.7272350855061,1
TCGA-DJ-A1QO-01A,18.2280390651706,-16.1805825169022,28.953255392537,1
TCGA-DJ-A1QQ-01A,8.9237996945903,-15.1613631327718,32.9152734033001,1
TCGA-DJ-A2PV-01A,10.9062873131639,-19.9153221627496,29.1841656911619,1
TCGA-DJ-A2Q0-01A,9.96763991218166,-21.1101856189816,12.1811503997344,1
TCGA-DJ-A2Q2-01A,8.14326998037438,-20.4547692788141,17.0170196429427,1
TCGA-DJ-A2Q3-01A,8.90961427240128,-16.1875146794644,33.0856672938327,1
TCGA-DJ-A2Q5-01A,10.7361690594778,-21.4388423232436,27.0315786242319,1
TCGA-DJ-A2Q6-01A,9.97941383798671,-23.5702587176063,30.4712379458399,1
TCGA-DJ-A3UM-01A,9.6643804677866,-22.7157898389927,10.2206148278103,1
TCGA-DJ-A3US-01A,11.810580996083,-21.291038952091,15.6686308571656,1
TCGA-DJ-A3UU-01A,9.33168844578602,-21.8093401830318,28.4574104940444,1
TCGA-DJ-A3UV-01A,9.70951623381152,-11.2012503142951,24.349998199152,1
TCGA-DJ-A3V9-01A,11.6864862756827,-23.6990108074932,29.4065711107267,1
TCGA-DJ-A4V0-01A,11.3405553035538,-13.2698478424503,28.8499068632842,1
TCGA-DO-A2HM-01B,15.2877780056224,-15.9334265885035,28.9080608356935,1
TCGA-E3-A3E0-01A,13.0031969069969,-11.0445134491793,28.1902892612761,1
TCGA-E8-A416-01A,13.0403756880894,-18.4146792134397,29.7967907830311,1
TCGA-E8-A434-01A,13.3479371051119,-9.71843522571496,28.0078107689203,1
TCGA-E8-A436-01A,8.18405086873436,-24.238529817541,22.4736275966533,1
TCGA-E8-A44M-01A,6.88152136027012,-20.1367233821722,17.4532247523053,1
TCGA-EL-A3CO-01A,13.8832604970814,-16.3102593542943,29.5323717090516,1
TCGA-EL-A3CP-01A,9.70867030301728,-23.5585197522583,25.843602701289,1
TCGA-EL-A3CT-01A,18.4269300201681,-15.0722428599555,26.9621451661694,1
TCGA-EL-A3CW-01A,11.4461446016019,-21.2315579959853,26.8554336355609,1
TCGA-EL-A3CX-01A,13.1033434963794,-18.1056107844777,29.828415334233,1
TCGA-EL-A3CY-01A,12.0580445399632,-19.6054057281507,29.1354508195309,1
TCGA-EL-A3D5-01A,10.3692778070384,-21.8114213264793,13.315741733323,1
TCGA-EL-A3GP-01A,13.1825488927401,-12.1262447070078,28.6488343090943,1
TCGA-EL-A3GQ-01A,10.7020150159099,-20.9217575077673,29.6988196052054,1
TCGA-EL-A3GX-01A,10.100744816395,-23.6302242362802,30.4674346369418,1
TCGA-EL-A3H1-01A,11.8532006859187,-12.7231597450909,28.8606053210616,1
TCGA-EL-A3H2-01A,9.91994482155272,-11.2461203093888,24.5244197362774,1
TCGA-EL-A3MW-01A,10.2295529330163,-11.2160041278753,26.1827359307193,1
TCGA-EL-A3MY-01A,12.6766665090738,-23.3147931913531,29.2970041050997,1
TCGA-EL-A3N3-01A,17.8309945623697,-16.5657372984318,28.3279622774609,1
TCGA-EL-A3T6-01A,15.1063123986289,-19.4042436493116,23.4206578027534,1
TCGA-EL-A3T7-01A,9.27186103811235,-21.8548052345823,27.705264491509,1
TCGA-EL-A3ZH-01A,17.8566728410828,-15.7763189171668,27.6287354439188,1
TCGA-EL-A3ZS-01A,13.3753545307609,-22.9617725211235,28.9943693138849,1
TCGA-EL-A4JW-01A,9.50956301220007,-21.4309205651202,10.7358723347414,1
TCGA-EL-A4JX-01A,11.1286440164882,-22.7013256040116,23.1034927746906,1
TCGA-EL-A4JZ-01A,9.58758783236724,-20.7640862976339,10.7238762144946,1
TCGA-EL-A4K0-01A,6.60175133701518,-23.564052751897,22.9166467509684,1
TCGA-EL-A4K2-01A,14.8338105287106,-16.9326939464224,19.7055790127532,1
TCGA-EM-A1CS-01A,7.49164130110348,-23.7640453543372,23.2611052850896,1
TCGA-EM-A1CU-01A,8.88023935153697,-15.5259184007339,32.9953048518953,1
TCGA-EM-A1YA-01A,9.02713563102155,-19.8510177902676,17.6571209583475,1
TCGA-EM-A1YC-01A,9.85204990539157,-21.0350442610842,11.6059872978889,1
TCGA-EM-A1YD-01A,8.82075199495891,-20.0537346244048,17.1395149510326,1
TCGA-EM-A1YE-01A,10.5727561730167,-20.2126427656901,12.364747785922,1
TCGA-EM-A22K-01A,10.9063022898678,-21.510679604363,15.6916056141173,1
TCGA-EM-A2CJ-01A,17.6536477730513,-16.1859755252359,27.9838160640242,1
TCGA-EM-A2CL-01A,11.2709947063619,-12.5054348311812,29.0210856976078,1
TCGA-EM-A2CS-01A,9.42960013318756,-14.6573705522059,31.8155235550604,1
TCGA-EM-A2OV-01A,10.5702324225958,-20.2480064350892,16.1222342494432,1
TCGA-EM-A2OW-01A,10.3021431521543,-11.3692590374028,24.875553159997,1
TCGA-EM-A2P0-01A,10.0414780617549,-24.957654110898,31.4067337869235,1
TCGA-EM-A2P1-01A,12.498086853708,-22.8916152461856,29.529717784903,1
TCGA-EM-A3AL-01A,13.6500091229406,-12.4476898643282,28.7379844676387,1
TCGA-EM-A3AR-01A,11.5495148081134,-12.5924008593209,29.0240258615185,1
TCGA-EM-A3FJ-01A,14.5631456373811,-17.8405571621255,15.0865927574857,1
TCGA-EM-A3FL-01A,15.0438462617784,-16.2993941408758,20.5620444202587,1
TCGA-EM-A3FR-01A,10.3174403504403,-11.3272037346673,26.5252261453739,1
TCGA-EM-A3O6-01A,14.7422282749209,-17.3265894279144,18.5917152183553,1
TCGA-EM-A3OA-01A,13.8689635054628,-9.41666837889766,28.0172554785852,1
TCGA-EM-A4FH-01A,14.4951305777704,-19.7563578107052,23.0663118232595,1
TCGA-ET-A25K-01A,15.7195370233895,-15.9573846209736,28.6308604944941,1
TCGA-ET-A39L-01A,11.8621295871953,-20.9773601306986,29.4022065490333,1
TCGA-ET-A3BS-01A,9.93223499997879,-11.7921314884114,27.8485998859535,1
TCGA-ET-A3DR-01A,11.5829351431542,-21.2443903119214,27.3556231599249,1
TCGA-ET-A3DS-01A,13.9528274385266,-12.5625398528271,28.8753486804279,1
TCGA-ET-A40T-01A,11.6256290796045,-22.3565856628812,23.4131388134703,1
TCGA-FE-A22Z-01A,14.5032333499383,-17.8984459820537,14.9684527785743,1
TCGA-FE-A232-01A,9.32907408608163,-21.8877386274028,10.4588518318177,1
TCGA-FE-A238-01A,11.822944620699,-22.0413896365814,23.4613694617409,1
TCGA-FE-A239-01A,7.9390986363363,-11.3410165039918,22.8642515716038,1
TCGA-FK-A3SB-01A,10.3391455814377,-21.6110924813972,27.5814122719991,1
TCGA-FK-A3SD-01A,15.3027301592227,-15.6904731338563,22.7619277129884,1
TCGA-FK-A3SE-01A,15.2199408625625,-14.8323262129961,28.1005822842949,1
TCGA-FY-A2QD-01A,13.7411437608826,-19.8435834201379,22.6367404781411,1
TCGA-FY-A3I5-01B,10.0992604044795,-20.9360776035898,12.2045522082714,1
TCGA-FY-A3NM-01A,12.4789630860446,-13.6810535408137,28.6889782105083,1
TCGA-FY-A3R7-01A,11.7726618337489,-23.7373099063441,29.4740023586583,1
TCGA-FY-A3TY-01A,8.96688155376356,-16.3961561593637,33.0456677304347,1
TCGA-FY-A3WA-01A,10.5893612902387,-21.0917524987478,15.4771320054424,1
TCGA-FY-A40K-01A,9.45374208572746,-14.0856050330259,31.105624553705,1
TCGA-FY-A40N-01A,10.0768473713618,-24.895181631557,31.349884368129,1
TCGA-FY-A4B0-01A,15.3392651552602,-15.761343257198,21.5284700051229,1
TCGA-FY-A4B4-01A,14.6911060843631,-17.2603437394149,19.3948199182085,1
TCGA-GE-A2C6-01A,9.32219127207428,-13.6967571425545,30.6792626654049,1
TCGA-IM-A3ED-01A,9.71956157541256,-14.0868521075918,31.0551235175023,1
TCGA-J8-A3NZ-01A,7.94599536936104,-23.9266482941488,23.1754107218956,1
TCGA-J8-A3YD-01A,18.5607062654634,-14.9596426186448,26.8194301069845,1
TCGA-J8-A4HY-01A,14.6676631408123,-17.7370864702642,15.7538954444175,1
TCGA-L6-A4EQ-01A,7.90471692966883,-22.2642000690232,9.79936347846526,1
TCGA-MK-A4N6-01A,11.6569247864686,-19.8899171977511,16.3874730206158,1
TCGA-MK-A4N7-01A,14.0250587724591,-19.8330525934698,22.7879652394366,1
TCGA-QD-A8IV-01A,18.7090625885496,-14.5495971453739,26.4156738967532,1
TCGA-4C-A93U-01A,4.71300093423274,18.1672474296547,-33.3275857372746,2
TCGA-BJ-A0Z2-01A,-7.31624910540693,17.8156081392425,-34.5383802289441,2
TCGA-BJ-A0ZE-01A,-6.05426769200437,23.434646078793,-42.2304433994442,2
TCGA-BJ-A0ZH-01A,4.56599503412945,34.9682036247236,-41.7974062346335,2
TCGA-BJ-A192-01A,-5.7499444591182,14.3131763600427,-36.5780667249371,2
TCGA-BJ-A28W-01A,4.0858636757244,23.0636496003516,-46.2169899809881,2
TCGA-BJ-A2N8-01A,-6.76472669121457,22.0479674265791,-38.5363058767159,2
TCGA-BJ-A2NA-01A,-1.55361713697993,18.992986907943,-41.2197962162783,2
TCGA-BJ-A2P4-01A,-4.97083664733673,26.9839380901223,-46.5852563928072,2
TCGA-BJ-A3F0-01A,-8.93694884675728,21.8263108379237,-42.0813245986684,2
TCGA-BJ-A3PR-01A,2.36572979619388,17.6243906486887,-42.1380872879954,2
TCGA-BJ-A3PU-01A,-1.82921589354569,24.8795626403512,-47.4979976413626,2
TCGA-BJ-A45D-01A,-6.23984353166493,26.4291420736092,-44.8575922640872,2
TCGA-BJ-A45G-01A,-7.62578392289518,21.0566357287359,-36.7629662285211,2
TCGA-BJ-A45I-01A,-0.676354825988145,19.0743053148009,-39.5119832144008,2
TCGA-BJ-A45J-01A,2.80038031501093,19.3096490369569,-43.9176447359535,2
TCGA-CE-A484-01A,0.0623625161626047,31.4661393005377,-47.132985276344,2
TCGA-DE-A4MA-01A,6.69477098463202,30.7893159519225,-44.8745733693387,2
TCGA-DE-A4MC-01A,0.76289086846006,18.8968963822807,-36.5679070602792,2
TCGA-DE-A7U5-01A,-1.21207092845452,18.984576047821,-40.2910751058201,2
TCGA-DJ-A13L-01A,7.46394572962596,22.5988314074881,-45.114126641916,2
TCGA-DJ-A13M-01A,-7.23273587984736,22.2251685213342,-37.2983696564295,2
TCGA-DJ-A13O-01A,3.30206872019691,23.2815898639195,-46.4550998805867,2
TCGA-DJ-A13R-01A,5.81354532324613,28.5381216219332,-48.300548927281,2
TCGA-DJ-A2PN-01A,-3.12006907445558,20.9057818776301,-36.9016909321918,2
TCGA-DJ-A2PQ-01A,5.58447636439319,19.64834140739,-32.9561742828711,2
TCGA-DJ-A2PT-01A,0.733083305130333,20.448477579021,-44.2363986147866,2
TCGA-DJ-A2PW-01A,-4.86546786495665,13.5647096830367,-37.7474710543815,2
TCGA-DJ-A2PX-01A,4.05565113834374,15.5686043583061,-39.2370019031394,2
TCGA-DJ-A2Q1-01A,-1.10279158893687,24.4794194396985,-46.5893790515223,2
TCGA-DJ-A2Q4-01A,4.12185754500823,15.7695239830275,-39.480994135007,2
TCGA-DJ-A2Q7-01A,5.23441935058184,17.9330850745665,-33.2396523459186,2
TCGA-DJ-A2QA-01A,-0.574740501866107,24.5252219804198,-48.9193758887404,2
TCGA-DJ-A2QB-01A,-8.42615866918291,19.1349595492933,-35.783557397762,2
TCGA-DJ-A2QC-01A,-2.72186038556332,31.0275277906164,-49.6310699043514,2
TCGA-DJ-A3UN-01A,-5.37202417279763,13.8626129144171,-35.1418720284608,2
TCGA-DJ-A3UP-01A,-5.22065999123186,21.7583121935601,-37.1421995860557,2
TCGA-DJ-A3UR-01A,5.01462350158959,18.2141127530876,-32.6416398348117,2
TCGA-DJ-A3UT-01A,-8.99594390211637,21.7978408563073,-42.0653032477783,2
TCGA-DJ-A3UW-01A,8.33804147922324,24.2262788180113,-34.890064725615,2
TCGA-DJ-A3V0-01A,-5.26095874603639,26.6178341491141,-45.7738322569054,2
TCGA-DJ-A3V2-01A,-4.60025851122725,12.556655399248,-35.1884763210229,2
TCGA-DJ-A3V3-01A,-3.64865311628892,31.1761674303461,-49.9833782240666,2
TCGA-DJ-A3V8-01A,2.15470192771884,34.9590499925704,-40.7549271833434,2
TCGA-DJ-A3VB-01A,3.12264092634883,29.9241682262924,-46.748543676367,2
TCGA-DJ-A3VE-01A,0.871270622672705,14.9238841419111,-38.0115028387702,2
TCGA-DJ-A3VG-01A,-4.92778822489714,21.6750608268727,-42.5641460033807,2
TCGA-DJ-A3VI-01A,0.706743104648651,20.7859466757493,-33.7176523920235,2
TCGA-DJ-A3VJ-01A,3.07094545495037,18.4585177925873,-43.0653635632413,2
TCGA-DJ-A3VK-01A,4.21599750430265,33.951974851923,-42.9436206235852,2
TCGA-DJ-A3VL-01A,4.80718682838747,35.1076106622648,-41.7269208658263,2
TCGA-DJ-A4UL-01A,0.45426456536628,25.1703676197434,-49.2839833076072,2
TCGA-DJ-A4UQ-01A,8.42547623504636,24.7957732396974,-34.6728924497097,2
TCGA-DJ-A4UR-01A,0.494937579466241,31.1229957061286,-47.3503685870846,2
TCGA-DJ-A4UT-01A,6.32910621926407,31.0813280043859,-47.0890818699984,2
TCGA-DJ-A4V4-01A,6.01759402433865,34.6637443198774,-42.4825165421805,2
TCGA-DJ-A4V5-01A,7.9970098936129,20.6078796597448,-44.626163529246,2
TCGA-E3-A3DZ-01A,1.68482981115594,19.8029276513687,-33.7535275587564,2
TCGA-E3-A3E2-01A,4.7856891031102,18.9265764453667,-33.8049818629968,2
TCGA-E3-A3E5-01A,-5.44080176787784,21.9253646543215,-37.382043131741,2
TCGA-E8-A242-01A,4.14026832867168,16.5219428627027,-41.1609643698044,2
TCGA-E8-A2EA-01A,-4.89214600863217,13.5971920290421,-37.7218574386606,2
TCGA-E8-A2JQ-01A,4.12172646970667,16.768291505473,-41.5281034773314,2
TCGA-E8-A418-01A,8.27048175124777,23.6205389047765,-32.9675358644813,2
TCGA-E8-A419-01A,2.98145501237541,18.5246865331473,-43.0973354939614,2
TCGA-E8-A432-01A,-1.33914439451976,32.9887942295415,-46.8911846826382,2
TCGA-E8-A433-01A,-1.74960849775934,24.5607981648712,-46.4041406563836,2
TCGA-E8-A437-01A,6.58544673386992,31.1149057407222,-44.973571805403,2
TCGA-E8-A438-01A,8.44505269839668,26.4507188788427,-35.8659368218964,2
TCGA-EL-A3CL-01A,4.8912350912017,18.0088999223359,-32.4111463149627,2
TCGA-EL-A3CR-01A,4.74102043543387,22.6159796136211,-45.8665155700263,2
TCGA-EL-A3D0-01A,-4.86256547930314,13.4565100920188,-35.5314362838242,2
TCGA-EL-A3D1-01A,-5.01202075622956,26.9001910581333,-46.4838254592197,2
TCGA-EL-A3D4-01A,-2.65362568653643,33.2868251866171,-48.2671617986801,2
TCGA-EL-A3D6-01A,0.71201108301735,14.1231483036458,-37.8468344725859,2
TCGA-EL-A3GU-01A,-0.397129842054596,19.2501035665118,-37.6025222843223,2
TCGA-EL-A3H5-01A,4.11993361731366,16.2672245528472,-40.7386715154498,2
TCGA-EL-A3T3-01A,-6.70154247620942,22.3518524284446,-37.7635907521756,2
TCGA-EL-A3T9-01A,7.82878327598675,22.0109322785017,-31.6538493451626,2
TCGA-EL-A3TA-01A,-4.73306160667995,13.6418284054366,-38.2332933363095,2
TCGA-EL-A3TB-01A,-3.87322871449159,21.5304892311638,-36.0277769651073,2
TCGA-EL-A3ZL-01A,4.92533085244632,31.8148045175043,-46.3927004452391,2
TCGA-EL-A3ZM-01A,-1.0175995440812,24.5859479242944,-48.1010858219426,2
TCGA-EL-A3ZN-01A,5.01762778939189,31.60849477722,-46.2813740666622,2
TCGA-EL-A3ZO-01A,2.25331466917102,23.0285619894799,-46.4168113802282,2
TCGA-EL-A3ZP-01A,2.88599147055471,30.0633095880235,-49.5705311664536,2
TCGA-EL-A3ZQ-01A,0.518013121112548,25.3561286256419,-48.3973465863413,2
TCGA-EL-A3ZT-01A,1.26208971441152,26.2829711798472,-51.175472479729,2
TCGA-EL-A4K1-01A,5.32556549368132,31.7959017718142,-46.0159614417535,2
TCGA-EL-A4K7-01A,-3.47198014749775,31.1620439351922,-49.9034354731426,2
TCGA-EL-A4K9-01A,-6.66463156856132,18.1618023923217,-33.390996907111,2
TCGA-EL-A4KD-01A,8.44766507694004,26.2386851224425,-35.6794951099293,2
TCGA-EL-A4KG-01A,3.83491284652475,23.130246478724,-46.2757213410595,2
TCGA-EL-A4KH-01A,1.72222667713734,28.852271223427,-49.1949657206319,2
TCGA-EL-A4KI-01A,7.55636808248024,32.445787558147,-43.4808138215756,2
TCGA-EM-A1CW-01A,-8.55628148864956,19.3745251899451,-35.9180066564114,2
TCGA-EM-A22L-01A,-7.53510569253936,17.789973799633,-34.9245067477506,2
TCGA-EM-A22Q-01A,-6.35024268304826,26.1031376860052,-44.4625890942557,2
TCGA-EM-A2CK-01A,-8.72015546866579,19.7825661751423,-36.1438044117899,2
TCGA-EM-A2CP-01A,-5.23937831295644,13.8659999438811,-37.2681586747267,2
TCGA-EM-A2CR-01A,-0.695546490372234,24.1125797190783,-48.9819256659371,2
TCGA-EM-A2CU-01A,5.88267498063144,30.5745980060228,-47.4549458673013,2
TCGA-EM-A2P2-01A,-6.73869439845798,22.1234848948441,-37.6384963666227,2
TCGA-EM-A3AN-01A,0.824812909207793,20.6986190843198,-33.667251690853,2
TCGA-EM-A3AO-01A,1.59019274618624,28.8311865182545,-49.2784990027139,2
TCGA-EM-A3FK-01A,-3.63326417413058,21.241721890925,-36.6461035956269,2
TCGA-EM-A3FM-01A,1.63678410025793,31.4385003055663,-49.1099726909691,2
TCGA-EM-A3FN-01A,7.28530339375043,21.5835762179948,-44.8693714061754,2
TCGA-EM-A3FO-01A,-2.37093293797811,25.1483408620518,-46.5541062946018,2
TCGA-EM-A3FQ-01A,8.398845328871,23.95685021216,-44.9939664183562,2
TCGA-EM-A3O3-01A,-5.44603973568756,22.4752743938448,-42.453574333715,2
TCGA-EM-A3O7-01A,4.49106838182461,18.5622644508373,-33.6611261877368,2
TCGA-EM-A3ST-01A,-4.66832946834263,26.2350762329779,-45.6277335605833,2
TCGA-EM-A3SU-01A,-6.11267796556561,23.4029986873925,-41.9193920639472,2
TCGA-EM-A3SX-01A,0.759314941824374,14.3881412780188,-37.8708242873047,2
TCGA-EM-A3SY-01A,8.38177669068344,20.2781847168555,-44.6431975085775,2
TCGA-EM-A4FM-01A,6.79329111309453,33.8464096322529,-43.0124718530403,2
TCGA-EM-A4FN-01A,1.59114994449572,29.7168786214792,-48.6409867569656,2
TCGA-EM-A4FO-01A,7.51212014762712,21.1811165659945,-44.7326828169128,2
TCGA-EM-A4FQ-01A,4.92152128196824,33.5533464424694,-43.591387359551,2
TCGA-EM-A4FR-01A,1.2420827844645,30.2637759263505,-48.768254802409,2
TCGA-EM-A4FV-01A,-4.87879131549676,13.134304409734,-35.2264207086596,2
TCGA-ET-A25G-01A,-1.10949576234145,19.031370216829,-40.0261749411548,2
TCGA-ET-A25L-01A,5.70950542651719,19.9240044345508,-32.9114589218543,2
TCGA-ET-A2MX-01A,-5.73904041236396,23.612837209238,-42.0078526300745,2
TCGA-ET-A2MZ-01A,-4.63855092047692,12.6829839249861,-35.2314511566603,2
TCGA-ET-A2N0-01A,-5.22309650415244,26.8060224147188,-46.0358509627017,2
TCGA-ET-A2N3-01B,8.36100636487357,24.0156253133489,-44.9994070457199,2
TCGA-ET-A39K-01A,0.861880979554304,25.5194335543031,-48.1899404090746,2
TCGA-ET-A39M-01A,0.296669583204396,25.1154148715599,-49.1125674091692,2
TCGA-ET-A3BP-01A,-0.193511299339817,31.1220887133465,-46.9621610537339,2
TCGA-ET-A3BX-01A,-1.68103155689003,19.0548122089313,-41.3282115448244,2
TCGA-ET-A40P-01A,-0.731928537168435,22.9609680719103,-48.171164637775,2
TCGA-ET-A40Q-01A,8.00172793012513,22.9058507003797,-32.5060538845111,2
TCGA-ET-A40R-01A,2.68376685660243,19.3503300490246,-43.9104123695383,2
TCGA-ET-A4KN-01A,2.41561174520847,28.0118486194877,-47.6178992060375,2
TCGA-FE-A235-01A,7.91286326131636,31.4502058093964,-43.9734660399859,2
TCGA-FE-A3PA-01A,5.77573024633913,33.7540365127578,-43.7977219390346,2
TCGA-FE-A3PB-01A,2.21449551424492,34.97347946353,-40.7592627672897,2
TCGA-FE-A3PC-01A,3.12714502077432,29.9551266938879,-46.7481459829329,2
TCGA-FE-A3PD-01A,-5.05770101887215,24.2715441804308,-41.6386620251458,2
TCGA-FK-A3SG-01A,1.68471887078466,20.1669892474233,-44.3365837029156,2
TCGA-FK-A3SH-01A,6.2841509471549,31.3271454347983,-45.1794326781808,2
TCGA-FK-A4UB-01A,5.63049489346214,30.9551170823196,-47.1725983838359,2
TCGA-FY-A3ON-01A,-2.328734610373,20.4302490494248,-37.0817351747543,2
TCGA-FY-A3R8-01A,1.65542251507381,18.6332458102438,-35.6465159762888,2
TCGA-FY-A3RA-01A,7.98475592368829,22.6039585351083,-32.1645202116664,2
TCGA-FY-A3YR-01A,2.54578425103997,19.0187489568971,-34.3735065936028,2
TCGA-FY-A40M-01A,-0.335226638963564,20.5128133692365,-43.8062035589409,2
TCGA-H2-A421-01A,6.00848539685144,28.4140499609188,-48.3244763621007,2
TCGA-IM-A3EB-01A,-4.70625032915166,21.1427696543693,-42.6150685991286,2
TCGA-IM-A3U2-01A,-0.598079550557595,23.2302918710507,-48.097676392171,2
TCGA-IM-A41Y-01A,-2.4405038894044,25.4823673056279,-47.7429207462347,2
TCGA-IM-A4EB-01A,-2.54212460670275,24.8735478241158,-45.4219354480881,2
TCGA-J8-A3O0-01A,-6.92193268912896,18.0800470946477,-33.8193345346667,2
TCGA-J8-A3O2-01A,-2.16783577436977,20.3123643186364,-37.1564612701378,2
TCGA-J8-A42S-01A,0.618947159947045,14.1544567452108,-37.8018518787059,2
TCGA-J8-A4HW-01A,5.56480195223393,17.3115236565122,-33.4503818935312,2
TCGA-KS-A41F-01A,0.0679475657276714,24.9805293599489,-48.0678462233234,2
TCGA-KS-A41I-01A,6.09336685254792,34.1996629259802,-42.9986464577372,2
TCGA-KS-A41J-01A,-1.59346974068819,24.1853169845217,-49.05109429861,2
TCGA-KS-A41L-01A,4.6575967913253,33.5779863345798,-43.4848188946283,2
TCGA-KS-A4I1-01A,7.73307970884169,31.8941667586047,-43.8035916655711,2
TCGA-KS-A4I5-01A,5.70531825938127,28.852072216866,-48.2553087313438,2
TCGA-KS-A4I7-01A,-2.36970073351608,33.0300652568756,-48.1491451079274,2
TCGA-KS-A4I9-01A,1.20911302633803,31.3206649658566,-46.7962795931633,2
TCGA-KS-A4ID-01A,5.67974728632655,35.5220828813916,-41.5024973911589,2
TCGA-L6-A4EP-01A,1.84364221189213,28.873687582308,-48.3634348519306,2
TCGA-L6-A4ET-01A,1.39148128152328,26.4704853314717,-51.2349401250583,2
TCGA-L6-A4EU-01A,-3.29140349811385,25.059946011668,-44.4041798127761,2
TCGA-MK-A4N9-01A,7.87627938184806,22.5402609762295,-32.2724406203218,2
TCGA-MK-A84Z-01A,-2.57613772033549,30.9791858121455,-49.6566595459861,2
TCGA-BJ-A0YZ-01A,-5.92103355809674,-1.71274071156638,12.3463146797759,3
TCGA-BJ-A0Z5-01A,-10.3861229429732,-9.66357312626857,15.7961384829798,3
TCGA-BJ-A0ZA-01A,1.1972328916882,-5.01819135512943,21.7774193483976,3
TCGA-BJ-A0ZB-01A,-10.3479746796729,-9.96499044102702,21.9533931841563,3
TCGA-BJ-A0ZF-01A,-5.49062184154739,-3.90744052690954,16.6773809404089,3
TCGA-BJ-A28R-01A,-11.64600682011,-12.7491226089734,18.5583335496472,3
TCGA-BJ-A28S-01A,-11.2526673802007,-11.338764976754,16.9571974012134,3
TCGA-BJ-A28X-01A,-0.582012129422122,-12.9468768086865,29.7007602601827,3
TCGA-BJ-A28Z-01A,2.46482496189062,-7.74830309421913,22.3348921902434,3
TCGA-BJ-A2N7-01A,-1.7327371151587,-3.98625867145774,18.9503664558856,3
TCGA-BJ-A3EZ-01A,-14.3593465998623,-1.47469640694107,19.8504368683576,3
TCGA-BJ-A3PT-01A,-2.96592096553672,0.595936540883836,11.9607619950356,3
TCGA-BJ-A45C-01A,3.77563070696424,-5.96040818821319,23.0767430681226,3
TCGA-BJ-A45F-01A,-7.75987567479298,-0.772474234284114,8.53659127907113,3
TCGA-BJ-A45K-01A,2.86265723896533,-8.71644218654741,32.4626175934383,3
TCGA-BJ-A4O8-01A,2.1463660950246,-10.2632211288349,33.414869622188,3
TCGA-BJ-A4O9-01A,-10.8764604737993,-7.26953030726665,16.2730963150741,3
TCGA-CE-A13K-01A,-16.7195336217789,-10.1398937155946,12.0242950705363,3
TCGA-CE-A3MD-01A,-10.3735390960694,-9.38456963783984,14.0719569969132,3
TCGA-CE-A3ME-01A,-10.8231733550798,-10.3852088940272,16.3318912772589,3
TCGA-CE-A481-01A,-11.4032688114251,-11.2209543649724,28.289467360399,3
TCGA-CE-A482-01A,-17.2296356169808,-9.81492181654527,12.1802000946205,3
TCGA-CE-A483-01A,-13.7381108961743,-11.5186737754571,25.4483046121297,3
TCGA-CE-A485-01A,-3.32385826158913,-12.7982365560166,34.7704832709613,3
TCGA-DE-A0Y2-01A,-5.82843951041982,-15.0249483204405,27.4728354249802,3
TCGA-DE-A0Y3-01B,-11.0069448944591,-12.3186798721477,20.2238643046023,3
TCGA-DE-A3KN-01A,-17.4725486919289,-9.62776398531036,11.8168693887942,3
TCGA-DE-A4M8-01A,-11.5946784128039,-12.9633583219827,19.0334253771653,3
TCGA-DE-A4M9-01A,-4.32178102800597,-4.01104529851503,17.4555566796597,3
TCGA-DE-A4MB-01A,-0.417261796666034,-11.844059592535,35.1136406564259,3
TCGA-DE-A4MD-01A,-10.7805744703531,-7.53676082121919,15.8571792755897,3
TCGA-DE-A69J-01A,-10.9065804251264,-11.4530004219281,28.6697888429257,3
TCGA-DE-A69K-01A,-10.8621841063248,-11.414194495264,29.062518025504,3
TCGA-DJ-A13S-01A,-9.71609987095991,-7.41142966944704,13.3604152192358,3
TCGA-DJ-A13U-01A,-10.4502552202889,-10.3422793281521,20.1995990864846,3
TCGA-DJ-A13V-01A,-9.46930873352377,-12.1429736978917,30.1714278871766,3
TCGA-DJ-A13W-01A,-18.5516979141222,-4.93257322497249,13.1130599082219,3
TCGA-DJ-A13X-01A,-3.98754659660434,-19.4838025341608,25.4313883944456,3
TCGA-DJ-A1QD-01A,-5.85185517647431,-14.8282948410633,27.6476692514095,3
TCGA-DJ-A1QE-01A,-8.27093105339453,-12.7531120478631,30.3904037610951,3
TCGA-DJ-A1QF-01A,-6.06242571372373,-17.518367530456,26.9417966686859,3
TCGA-DJ-A1QG-01A,-13.348101209123,-1.15401223823868,20.3991646212586,3
TCGA-DJ-A1QH-01A,-11.7703592464208,-13.9878073059386,19.2143898923972,3
TCGA-DJ-A1QN-01A,-12.1732785282975,-13.0974351592005,17.4213225812684,3
TCGA-DJ-A2PO-01A,-10.2308507418227,-13.0054233151644,21.0425521261494,3
TCGA-DJ-A2PP-01A,-0.00579401688918468,-4.23870715000195,20.3170385307642,3
TCGA-DJ-A2PR-01A,-10.5515700073381,-10.6187239303374,21.3897280535158,3
TCGA-DJ-A2PS-01A,1.86023074739357,-8.13688165146016,22.5382987730646,3
TCGA-DJ-A2PU-01A,-7.45326168044576,-16.946525829106,24.4257876575274,3
TCGA-DJ-A2PY-01A,-2.08712836202565,-12.5301010640919,31.8057252426829,3
TCGA-DJ-A2PZ-01A,-13.2314905920838,-3.49716767401973,17.0256201364159,3
TCGA-DJ-A2Q9-01A,-0.0924083083223951,-12.2930242964658,33.1353097306048,3
TCGA-DJ-A3UK-01A,-4.14693860768674,-19.1856901283236,24.4163843788781,3
TCGA-DJ-A3UO-01A,-14.7908845850117,-5.82528183038681,14.5739194922582,3
TCGA-DJ-A3UQ-01A,-5.64703321415687,-16.340946164883,24.0555377230637,3
TCGA-DJ-A3UX-01A,0.803503741062933,-4.83468250672013,21.3399128281328,3
TCGA-DJ-A3UY-01A,-5.6321102922231,-16.8732713776192,24.0614721057233,3
TCGA-DJ-A3UZ-01A,-1.78793716250841,-4.08150164186999,18.9420481531194,3
TCGA-DJ-A3V4-01A,-3.5816796742,1.11192023590642,15.8867279698763,3
TCGA-DJ-A3V5-01A,-10.9295907299008,-11.2914079656848,26.164870450492,3
TCGA-DJ-A3V6-01A,-14.5806138190115,-1.73537746637918,18.4101683015862,3
TCGA-DJ-A3V7-01A,-8.30729705844258,0.0891833415643122,9.08078841046821,3
TCGA-DJ-A3VA-01A,-3.85014989904916,-12.8966457046615,35.0823825397567,3
TCGA-DJ-A3VD-01A,-0.139970171433689,-12.367480103025,32.9921336069888,3
TCGA-DJ-A3VF-01A,-3.23234914145422,-13.1329506653007,34.5863569717957,3
TCGA-DJ-A3VM-01A,-15.4432470449303,-12.4972206703244,10.5314775292908,3
TCGA-DJ-A4UP-01A,-17.724855978856,-5.32606583112344,13.4674014394209,3
TCGA-DJ-A4UW-01A,-1.55756675979654,-12.1822418174565,35.0836712132118,3
TCGA-DJ-A4V2-01A,-9.3561734612915,-12.2112889639455,30.170231443273,3
TCGA-DO-A1JZ-01A,1.93657919390234,-10.6003995504427,33.5346359973947,3
TCGA-DO-A1K0-01A,-6.16324803803962,-16.9622642924383,27.3532003008581,3
TCGA-E3-A3DY-01A,-5.44198698434638,-15.8796861611967,31.8734560521136,3
TCGA-E3-A3E1-01A,-11.8647101147889,-12.5135645115247,17.3957436844074,3
TCGA-E3-A3E3-01A,-10.1324228048246,-9.93227130709145,17.6915969497664,3
TCGA-E8-A3X7-01A,-7.81827287597599,-0.523371625845686,11.5387283914944,3
TCGA-E8-A413-01A,-4.35087678202165,-11.4066510631829,32.2267684232129,3
TCGA-E8-A414-01A,-1.12176913592023,-13.3094150421058,30.4008608974262,3
TCGA-E8-A415-01A,-14.0654796907159,-14.659772136932,21.6516844525963,3
TCGA-E8-A417-01A,-13.3762577444873,-1.38651284726503,20.5393329798312,3
TCGA-E8-A44K-01A,-16.1215037644579,-3.34629409589068,15.3927084635523,3
TCGA-EL-A3CM-01A,-10.3942482782969,-10.1544074746347,21.2895716975168,3
TCGA-EL-A3CN-01A,-0.670430219032383,-12.6044483888581,32.3977963557905,3
TCGA-EL-A3CS-01A,-11.5622866334743,-12.1349977938623,17.4332899712107,3
TCGA-EL-A3CU-01A,-5.78207284246068,-16.3617517148826,31.5549438300871,3
TCGA-EL-A3CV-01A,-1.13211518765486,-13.1886809197511,30.3189598495141,3
TCGA-EL-A3CZ-01A,1.14401015237004,-4.21120178885881,20.7520994757112,3
TCGA-EL-A3GO-01A,-10.6366551071801,-17.2281486445699,16.4569997140268,3
TCGA-EL-A3GR-01A,-6.14001188991494,-13.3828212891368,31.5272449025431,3
TCGA-EL-A3GS-01A,-5.93809504473113,-16.4666401512877,31.4605590954588,3
TCGA-EL-A3GV-01A,-7.49401284009239,-15.50185683067,23.614120091417,3
TCGA-EL-A3GW-01A,-5.40882173287155,2.81185540590453,11.9301274610002,3
TCGA-EL-A3GY-01A,-6.22956224231121,-15.6410300532553,24.2643717219371,3
TCGA-EL-A3GZ-01A,-5.72020206790866,-18.9527938254003,24.2403899617701,3
TCGA-EL-A3H3-01A,-10.8138264189944,-3.37580748000257,17.1823600493832,3
TCGA-EL-A3H4-01A,-5.88376687508958,-14.0063486295967,31.812174307089,3
TCGA-EL-A3H7-01A,-1.55423509946444,-11.5999338359163,33.6441790892216,3
TCGA-EL-A3H8-01A,-6.6425571427148,-17.2664998421906,29.0817411266393,3
TCGA-EL-A3MX-01A,-16.62276137003,-4.71142424845874,14.1721386797488,3
TCGA-EL-A3MZ-01A,-6.69824021564695,-0.40795154609705,12.1649811185373,3
TCGA-EL-A3N2-01A,-11.416630931575,-11.4508561398521,27.2895015129495,3
TCGA-EL-A3T0-01A,0.728314156082214,-4.68748285052342,20.094830340106,3
TCGA-EL-A3T1-01A,-14.0827369023907,-14.7301791920635,21.6285469914571,3
TCGA-EL-A3T2-01A,-4.21840529482943,-19.1856861170493,24.3522332725924,3
TCGA-EL-A3T8-01A,-3.50426505543835,1.10042753080534,15.6021349158342,3
TCGA-EL-A3ZG-01A,-15.1403160976713,-11.4688341618597,11.1301020271168,3
TCGA-EL-A3ZK-01A,-14.3458011491901,-1.53187206162044,19.58363870012,3
TCGA-EL-A3ZR-01A,-7.52919095363964,-1.13572394496415,11.7790662634555,3
TCGA-EL-A4JV-01A,-5.21754509390124,-2.29413747179326,12.8700061881225,3
TCGA-EL-A4K4-01A,-11.0394263615275,-15.3536936968519,21.6530002915635,3
TCGA-EL-A4K6-01A,-16.5369774701595,-4.86425504420466,14.1399989217728,3
TCGA-EM-A1CT-01A,-10.9468429606952,-12.2412190650292,20.9186592218039,3
TCGA-EM-A1CV-01A,-5.38986441647274,-18.2927207515752,24.1087072258925,3
TCGA-EM-A1YB-01A,2.53683504091577,-5.99111488818002,21.4644949133891,3
TCGA-EM-A22I-01A,-6.1985212528461,-15.4058829731146,27.5692292759512,3
TCGA-EM-A22J-01A,-2.85942407217086,-3.19696304968143,17.7285272727983,3
TCGA-EM-A22M-01A,-10.4550242571717,-16.0145960661098,13.8532326754771,3
TCGA-EM-A22N-01A,3.37626161257393,-6.52180363891812,22.488257313678,3
TCGA-EM-A22O-01A,-11.0635335691873,-12.5026100838217,14.7182230357976,3
TCGA-EM-A22P-01A,-3.05533073682452,-13.0386156263197,35.8962704993562,3
TCGA-EM-A2CM-01A,-9.76728904706522,-7.49785734382461,14.0434218824509,3
TCGA-EM-A2CN-01A,-10.2391049167797,-0.314519992998959,13.5161620420053,3
TCGA-EM-A2CO-01A,-10.526738422777,-16.276978699804,14.4355746074443,3
TCGA-EM-A2CQ-01A,0.825653881069229,-3.88775198369119,20.782159266199,3
TCGA-EM-A2CT-01A,-3.10021648222683,-2.25008252239247,16.8503436275278,3
TCGA-EM-A2OX-01A,-6.1370609508299,-4.05146970229893,16.6365413559959,3
TCGA-EM-A2OY-01A,-10.5694840212988,-16.9824505460557,15.4968886582863,3
TCGA-EM-A2OZ-01A,-10.4123114320033,-10.3681073657296,19.7929975934511,3
TCGA-EM-A2P3-01A,-4.53880623212549,-12.0433546138515,32.3131751678069,3
TCGA-EM-A3AI-01A,-10.5339775683934,-17.2775681367949,15.4770788734798,3
TCGA-EM-A3AJ-01A,-5.4400712025005,-2.04133030354666,12.6439122987352,3
TCGA-EM-A3AK-01A,-7.21449292780928,-18.3556208578472,23.6970889225811,3
TCGA-EM-A3AP-01A,-3.58815068617154,-19.4597724645174,23.6969113282604,3
TCGA-EM-A3AQ-01A,-10.0484636753634,-7.98245058957053,13.1880220267725,3
TCGA-EM-A3FP-01A,-10.5734317020001,-16.5046608650188,14.8819509563764,3
TCGA-EM-A3O8-01A,-4.21497310123798,-1.1697807535094,13.8171035392539,3
TCGA-EM-A3OB-01A,-12.1609447815495,-3.46928535332809,16.9602601974186,3
TCGA-EM-A3SZ-01A,-5.9301128314802,3.5975340094112,11.3625815588628,3
TCGA-EM-A4FF-01A,-15.3249909969363,-11.581273551844,11.0761967107417,3
TCGA-EM-A4FK-01A,-3.49391404108414,-3.76925722773265,17.7741059104207,3
TCGA-EM-A4FU-01A,-8.04638501240469,-0.188151865644015,9.13475261947169,3
TCGA-EM-A4G1-01A,-9.18733108943927,-7.40111966672588,15.4550824579993,3
TCGA-ET-A25I-01A,-2.81247507224166,0.796125493541701,12.1782936217982,3
TCGA-ET-A25M-01A,-10.8034616541945,-15.4344817472009,21.2791183305898,3
TCGA-ET-A25N-01A,-8.9664497959489,-12.8337599540842,24.9709701618819,3
TCGA-ET-A25O-01A,-13.1104565592527,-11.5065776462583,26.049742986777,3
TCGA-ET-A25P-01A,2.51504827758786,-7.34589244063697,21.8191608826501,3
TCGA-ET-A25R-01A,-10.6014978080047,-15.5139004313924,21.0265365134242,3
TCGA-ET-A2MY-01A,-5.81854580416928,3.351382046292,11.5078208625335,3
TCGA-ET-A2N4-01A,-7.26955712645899,-3.10251770410535,10.5187912850588,3
TCGA-ET-A2N5-01A,-2.70075985476241,1.08389397799089,12.6563741662071,3
TCGA-ET-A39I-01A,-2.7408048011967,1.48629929423226,13.4983178428037,3
TCGA-ET-A39J-01A,-4.7170199636277,-9.66036052707167,31.7280820495341,3
TCGA-ET-A39N-01A,-6.95541749293885,-1.05710590920067,11.9660984043371,3
TCGA-ET-A39O-01A,-8.75566646915308,0.523680244139168,7.11817862865254,3
TCGA-ET-A39P-01A,-9.63360264209,-7.44458818714028,13.6194653076427,3
TCGA-ET-A39R-01A,2.72293913422773,-6.10606633299779,21.6937111514349,3
TCGA-ET-A39S-01A,-0.949419969800294,2.41326961518132,13.1802741779139,3
TCGA-ET-A39T-01A,-10.1805795864736,-7.9081416317429,15.4109794209675,3
TCGA-ET-A3BN-01A,-10.8470172621202,-10.8727380732835,25.0541117374751,3
TCGA-ET-A3BO-01A,-10.8516783660476,-11.8324747645244,19.817529826844,3
TCGA-ET-A3BQ-01B,-7.05547561073294,-18.253334739434,23.8942631039693,3
TCGA-ET-A3BT-01A,-8.56025758631966,0.265219485340849,8.54687666933548,3
TCGA-ET-A3BU-01A,-9.71793592203963,-12.0952433693818,25.6281593414851,3
TCGA-ET-A3BV-01A,-1.03974118406927,-12.0273390764214,35.0792715355783,3
TCGA-ET-A3BW-01A,-6.08303545858797,-16.3840397764391,27.4614052125665,3
TCGA-ET-A3DO-01A,-4.69462563579725,-9.62306839451939,31.7828258350723,3
TCGA-ET-A3DP-01A,-7.72005201335889,-15.3915193737737,22.8492795437617,3
TCGA-ET-A3DQ-01A,-7.31226047174457,-13.1305786896289,30.4424451003219,3
TCGA-ET-A3DU-01A,2.84914607109662,-8.68313229139956,32.3770428676011,3
TCGA-ET-A3DV-01A,-0.850486849011414,-3.90804297830745,19.7943444495773,3
TCGA-ET-A3DW-01A,-13.737290326081,-3.31959311216999,17.0661256444912,3
TCGA-ET-A40S-01A,-11.7285797544206,-3.48866274695053,16.9850838777495,3
TCGA-ET-A4KQ-01A,-9.7367814645078,-9.15821592370333,20.3751983171831,3
TCGA-FE-A230-01A,-6.09405340178405,-15.3926904565349,24.7747358953047,3
TCGA-FE-A231-01A,-13.2520725749972,-13.6099665611344,16.7173612206674,3
TCGA-FE-A233-01A,-10.9515081017628,-16.9118934304311,18.117229550132,3
TCGA-FE-A234-01A,-7.07704078912318,-17.061387425555,29.5056906115038,3
TCGA-FE-A236-01A,-11.1405487809869,-16.5093617302933,18.5264047052327,3
TCGA-FE-A237-01A,-1.82290913231248,-11.4838160485401,33.2134121840648,3
TCGA-FE-A23A-01A,-16.9131638650249,-4.72378510395534,14.0803158192518,3
TCGA-FK-A3S3-01A,-5.02494567665637,-3.9104238927761,16.8664332592939,3
TCGA-FY-A3BL-01A,-14.5500709274901,-6.04396795358796,14.5357662219303,3
TCGA-FY-A3I4-01A,3.19777511186375,-8.15106416359347,32.8352529385556,3
TCGA-FY-A3NN-01A,-13.9637029889857,-14.2822212150744,21.6738532963578,3
TCGA-FY-A3NP-01A,-4.40547137497631,-1.38591045868058,13.6522133649436,3
TCGA-FY-A3R6-01A,-17.6237132578137,-9.57817177016422,12.7521682346545,3
TCGA-FY-A3R9-01A,-1.86906859449191,2.13493134636418,13.3169149637189,3
TCGA-FY-A3W9-01A,3.68921907349737,-5.68734183925218,23.0278425904189,3
TCGA-FY-A40L-01A,-12.6832510974596,-0.585417685830926,20.5312337990885,3
TCGA-FY-A4B3-01A,-10.6771063176152,-9.58725789799596,21.9943103035807,3
TCGA-FY-A76V-01A,-10.5894469148162,-12.5726599438822,20.8341651380426,3
TCGA-H2-A26U-01A,1.97753278393466,-10.497045196349,33.6272580913168,3
TCGA-H2-A2K9-01A,-10.6851432100308,-17.2956877317466,17.7705808336873,3
TCGA-H2-A3RH-01A,-7.8903852488008,-0.0623967193872536,9.92707822619648,3
TCGA-H2-A3RI-01A,-14.1111342531143,-11.3310532315,24.7159300505596,3
TCGA-H2-A422-01A,-10.767808154013,-11.1334678953633,25.5807299983711,3
TCGA-IM-A3U3-01A,-9.90177216138097,-8.11223324619127,14.9942111015137,3
TCGA-IM-A41Z-01A,-5.71245650264017,-4.01766876968047,16.7842689595538,3
TCGA-IM-A420-01A,-10.2714446818095,-3.31801894427714,17.2589903448465,3
TCGA-J8-A3O1-01A,-13.5673282693861,-3.41527626757847,17.1183847986134,3
TCGA-J8-A3YE-01A,-15.3929468297265,-12.5530668126546,10.5176137011739,3
TCGA-J8-A3YF-01A,-9.7235245352065,-0.292131597643916,13.0787144806567,3
TCGA-J8-A3YG-01A,-10.8740276862895,-10.4813043877337,22.8549199073799,3
TCGA-J8-A3YH-01A,-3.39486648208034,1.08933359757929,14.899874933387,3
TCGA-KS-A4I3-01A,-11.0529268766118,-12.0306861050369,14.6454984400095,3
TCGA-KS-A4IB-01A,-16.2101464646778,-10.6707936954554,11.6938636502792,3
TCGA-KS-A4IC-01A,-9.72377780908357,-7.98939805780739,13.3407341873157,3
