Sample,X,Y,Z,Cluster
TCGA-3N-A9WB-06A,-8.99408252927961,-16.0503368022085,-7.06338037783211,1
TCGA-3N-A9WC-06A,-2.84317805758281,-10.9171398496483,-1.88327556615904,1
TCGA-BF-AAP0-06A,-5.17448762259371,-9.80999368775436,-9.44516358861251,1
TCGA-D3-A1Q7-06A,-7.90262052663072,-7.41353556958134,-8.12371929295345,1
TCGA-D3-A1Q9-06A,-0.0904546831180524,-10.8138343059913,-9.44456026689439,1
TCGA-D3-A1QB-06A,2.32769209649915,-10.833341254127,-5.18079688941137,1
TCGA-D3-A2J9-06A,-6.31457619098864,-12.9118896588917,-6.14620581204209,1
TCGA-D3-A2JB-06A,-4.89176364214899,-13.5282531344836,-12.081822442548,1
TCGA-D3-A2JF-06A,-10.9059433140961,-13.239881172883,-0.300899138212434,1
TCGA-D3-A2JH-06A,-3.65951959095133,-5.46006552667028,-6.36292176670709,1
TCGA-D3-A2JL-06A,-4.86412290093967,-16.3839425963583,-9.13493318442347,1
TCGA-D3-A3BZ-06A,1.48570845837483,-11.8954570274476,-4.16018736804547,1
TCGA-D3-A3C8-06A,-7.63154694234416,-12.5971978857384,-10.978088223339,1
TCGA-D3-A3CC-06A,-4.44332215292769,-13.9261177761782,-12.9075119845285,1
TCGA-D3-A3CF-06A,-6.41693490048575,-13.0119455198583,-6.00267758181444,1
TCGA-D3-A51E-06A,-4.36969198666655,-12.245965354459,-4.6723242937663,1
TCGA-D3-A51F-06A,-6.00228208747618,-10.1346705481704,-9.24483778000762,1
TCGA-D3-A51H-06A,-6.30899692061698,-11.2688553984803,-8.97666617410865,1
TCGA-D3-A51J-06A,-6.42673756581766,-7.06872875299783,-3.3334488980695,1
TCGA-D3-A5GO-06A,-11.0103162935671,-13.2583372532244,-0.221132292659006,1
TCGA-D3-A5GS-06A,1.49368862981637,-11.775222862022,-4.20437221258553,1
TCGA-D3-A8GD-06A,-3.97209406829944,-15.7508655594975,-7.16721798666919,1
TCGA-D3-A8GM-06A,-8.11086452576934,-15.1502179587366,-6.07460738945354,1
TCGA-D9-A148-06A,4.09837031890718,-19.8457624392388,-1.08389312397647,1
TCGA-D9-A3Z1-06A,-1.40697131373991,-18.5518203281922,-5.7071519212166,1
TCGA-DA-A1HV-06A,-5.03841378693485,-16.4361664025545,-9.87190515398287,1
TCGA-DA-A1HW-06A,-1.70840429311795,-11.450366969112,-10.1013011801997,1
TCGA-DA-A1I1-06A,-1.57211610791684,-18.3784556164058,-5.72924366549728,1
TCGA-DA-A1I4-06A,0.100299506831132,-10.869306884017,-3.88473832344859,1
TCGA-DA-A1I5-06A,-6.52098047734793,-10.0348458556139,-10.4188027710229,1
TCGA-DA-A1IB-06A,-7.42223192969465,-12.7709096230091,-10.9929438353068,1
TCGA-DA-A3F8-06A,-5.82460527407083,-4.21757955049369,-5.8869914320895,1
TCGA-DA-A95X-06A,-10.3030954591272,-12.2030935081219,0.798981581588428,1
TCGA-EB-A44Q-06A,0.231393452587685,-16.8640038819433,-5.74157832480674,1
TCGA-EB-A44R-06A,2.62866530223501,-10.4940597093778,-5.42855295673998,1
TCGA-EB-A5SG-06A,-5.20891170655698,-12.587202139733,-10.3367022183484,1
TCGA-EB-A5VV-06A,-6.32225730838839,-10.7101572199418,-8.16106766739907,1
TCGA-EE-A181-06A,-2.59488111102672,-10.6221377645972,-4.06804851701976,1
TCGA-EE-A20F-06A,-2.83268771932653,-10.8242095938015,-1.17978190770455,1
TCGA-EE-A29D-06A,-2.74789612726451,-6.11984256393582,-0.902222616569964,1
TCGA-EE-A29M-06A,-9.10909354416319,-16.091210834004,-7.56822912871559,1
TCGA-EE-A29P-06A,-4.55669260764797,-8.50370692401031,-8.81772295946107,1
TCGA-EE-A29Q-06A,-8.17341319760598,-16.149102435553,-5.89540058931779,1
TCGA-EE-A2GB-06A,1.41561581386793,-18.3833928774411,-5.87778623534147,1
TCGA-EE-A2GH-06A,-0.0207545056237555,-10.7555603434542,-9.51248007152772,1
TCGA-EE-A2GK-06A,-6.44605159989377,-10.769613034991,-7.99060726920207,1
TCGA-EE-A2GL-06A,-6.33064491050535,-3.42117046971481,-5.13641779699099,1
TCGA-EE-A2GM-06B,-3.3167108786903,-16.9302990814992,-6.05255066610067,1
TCGA-EE-A2GU-06A,-5.96862889874695,-7.17246273040374,-5.30708567416824,1
TCGA-EE-A2M8-06A,-5.37613622096713,-9.51082572319899,-7.46082009561957,1
TCGA-EE-A2MC-06A,-2.85410511054555,-11.9050693475073,-10.4547718625226,1
TCGA-EE-A2MD-06A,4.06500281988145,-19.8338472457925,-1.1023408206507,1
TCGA-EE-A2ME-06A,-7.47450999250744,-10.3120876999759,-6.63197616180548,1
TCGA-EE-A2MG-06A,-6.11862492199992,-4.33991079750498,-5.49858739750321,1
TCGA-EE-A2MH-06A,2.13157996010725,-9.81637265250735,-5.81559981705423,1
TCGA-EE-A2MJ-06A,-5.10778626010088,-16.9917810524484,-9.59760199752758,1
TCGA-EE-A2ML-06A,-1.88785055463367,-5.73050314354681,0.420461117924109,1
TCGA-EE-A2MM-06A,-9.52846636374962,-14.6068558759964,-3.59837789076951,1
TCGA-EE-A2MP-06A,3.62810109329956,-9.89982075293797,-5.50519950580561,1
TCGA-EE-A2MR-06A,-6.92911252195237,-13.2401580855652,-11.1272079073572,1
TCGA-EE-A2MU-06A,-5.20853082169087,-14.5069410479395,-10.506240421342,1
TCGA-EE-A3JD-06A,-8.40250991816209,-14.5191987927548,-10.6834253204253,1
TCGA-EE-A3JE-06A,-6.34117771622366,-7.52887535086949,-4.96360976010637,1
TCGA-EE-A3JH-06A,-3.89676384667375,-15.7511882822417,-7.1852283870545,1
TCGA-ER-A193-06A,-6.17251482285976,-6.24446099995576,-5.30492838730749,1
TCGA-ER-A197-06A,-4.77746753517613,-13.5863816904984,-12.119441699144,1
TCGA-ER-A19A-06A,-7.45500175237264,-9.97921342466223,-6.38587216848855,1
TCGA-ER-A19N-06A,-5.66306571144465,-13.34303408923,-5.32796852671253,1
TCGA-ER-A19P-06A,-5.32436091356674,-8.90076833210367,-8.46306519837398,1
TCGA-ER-A19W-06A,-7.96986111865233,-10.6132305507941,-6.78005829488987,1
TCGA-ER-A1A1-06A,-6.53676986384507,-11.1302942538591,-8.25293394450358,1
TCGA-ER-A2NE-06A,3.30887342714928,-18.9885227197617,-6.41065135185063,1
TCGA-ER-A2NH-06A,-6.56803761219569,-8.76535013974466,-9.34805472055863,1
TCGA-ER-A42L-06A,-10.2204904289864,-13.8667387737695,-2.12932087729194,1
TCGA-FR-A3YN-06A,-2.59022862230894,-17.6187667272955,-5.87228586304525,1
TCGA-FR-A44A-06A,-7.88602535025296,-13.9569731619627,-5.65862708236866,1
TCGA-FR-A7U9-06A,-5.20075279346959,-15.2309738770167,-10.2388739667598,1
TCGA-FR-A7UA-06A,-6.17739549940086,-11.7212079213987,-9.53633741013186,1
TCGA-FR-A8YE-06A,-10.2383040088397,-12.0602168208053,0.922351010581707,1
TCGA-FS-A1Z4-06A,-5.79516435740096,-2.67399762154933,-5.76392645907593,1
TCGA-FS-A1ZJ-06A,1.23027775862602,-10.2988957548612,-7.27028841802079,1
TCGA-FS-A1ZM-06A,-2.77716676757649,-6.12949533812064,-0.973528047850435,1
TCGA-FW-A5DY-06A,-5.71547377191468,-3.96553687770131,-5.83351138628807,1
TCGA-GF-A4EO-06A,-4.17107888769383,-4.9681335860837,-6.15585092894394,1
TCGA-GF-A6C9-06A,-8.35576062370042,-12.4429225599917,-11.1527407003562,1
TCGA-GN-A265-06A,-8.55896742754856,-14.5184373732592,-10.6660617243906,1
TCGA-GN-A4U3-06A,-9.55365770790105,-14.5039571722071,-3.53406361036972,1
TCGA-GN-A4U8-06A,-3.59138437289098,-5.55106970465221,-6.42470283007868,1
TCGA-GN-A9SD-06A,-2.82876233140638,-10.8649867009038,-3.61202645196328,1
TCGA-HR-A2OH-06A,-5.61664257863449,-9.23514784528672,-8.94382560990328,1
TCGA-RP-A693-06A,-6.64566622647209,-6.60701922227128,-2.62833449709905,1
TCGA-W3-AA1R-06A,1.60472019104561,-18.5024602258349,-6.00492408526867,1
TCGA-W3-AA1V-06B,-8.40153710238933,-14.219350528431,-5.33695316709008,1
TCGA-W3-AA1W-06A,-5.63498410176252,-13.2778856512082,-5.93306000985205,1
TCGA-WE-A8JZ-06A,-1.65088088884192,-5.63542936752451,0.720549098555859,1
TCGA-WE-A8K1-06A,0.600087405047956,-17.14621617668,-5.74530049684398,1
TCGA-WE-A8ZR-06A,2.39635339878776,-9.66417980557562,-5.73129617003223,1
TCGA-WE-AAA0-06A,1.0656873164317,-18.0028943350388,-5.86396463897242,1
TCGA-D3-A1Q4-06A,-41.3288759540276,38.7415291754552,16.4447385739509,2
TCGA-D3-A1Q6-06A,-41.8249900003251,42.4878885057501,17.7514257916973,2
TCGA-D3-A1Q8-06A,-41.6614519497414,39.4511288977989,15.1683145481786,2
TCGA-D3-A2JA-06A,-40.7074528146727,35.8510616339762,11.1016421479012,2
TCGA-D3-A2JN-06A,-40.9060526143788,36.3095731727626,13.6716150910346,2
TCGA-D3-A2JO-06A,-40.1072168268458,44.747265621673,18.5877159532886,2
TCGA-D3-A3C7-06A,-40.961019514783,45.1742368475198,15.9774213918944,2
TCGA-D3-A3CB-06A,-41.8096092290494,41.5856361853818,16.4599111404716,2
TCGA-D3-A3MO-06A,-39.1419323929006,37.6503221428856,10.6668742948949,2
TCGA-D3-A3MV-06A,-40.8233035601993,39.6830557739758,12.0125943150116,2
TCGA-D3-A51G-06A,-44.4152241381869,40.4629014317505,18.0967895442479,2
TCGA-D3-A51N-06A,-42.623858754139,38.3225469734114,14.2712947120701,2
TCGA-D3-A5GN-06A,-41.9232404977225,39.8149179607922,10.3997850277135,2
TCGA-D3-A5GR-06A,-41.6116838130898,42.547228327948,17.5840453995109,2
TCGA-D3-A8GE-06A,-37.9644873749086,37.0893291668147,17.2484131891933,2
TCGA-D3-A8GQ-06A,-39.6984147216576,39.9448210367199,10.9016690044291,2
TCGA-DA-A1HY-06A,-41.6328899514739,42.5463072215825,16.9448497364171,2
TCGA-DA-A1I7-06A,-40.7976003676224,42.3250188055176,14.5241868907717,2
TCGA-DA-A1I8-06A,-45.9124346079449,41.7315023491707,13.022552696825,2
TCGA-DA-A3F5-06A,-35.2855641734987,41.5442215431142,4.37091020844675,2
TCGA-EE-A17Y-06A,-34.8671604359712,41.3907705928254,3.81424341846017,2
TCGA-EE-A20B-06A,-41.2139847760024,38.0902002291089,15.2704728371838,2
TCGA-EE-A20C-06A,-43.804969495612,40.097769901742,17.8364621169926,2
TCGA-EE-A20H-06A,-43.3498320368996,40.2295644208811,13.0723091153653,2
TCGA-EE-A29A-06A,-41.1492048993676,44.4115584145896,16.9424083298009,2
TCGA-EE-A29R-06A,-40.8870761920046,38.0361009386865,13.3333105235175,2
TCGA-EE-A29S-06A,-35.4827416336804,41.6535038633785,4.64333543742227,2
TCGA-EE-A29T-06A,-41.6819633019635,38.5439221238369,13.9649418693524,2
TCGA-EE-A29W-06A,-39.8642822796484,35.9717832180186,10.9527667613963,2
TCGA-EE-A2GE-06A,-43.3590128308467,40.5179404030382,12.8157187748626,2
TCGA-EE-A2GO-06A,-43.7130162613413,40.0752497061111,17.751979942146,2
TCGA-EE-A2GP-06A,-42.4913828942526,37.262970652822,18.4673449155723,2
TCGA-EE-A2M7-06A,-41.4269196409189,35.427612683661,17.7651021894588,2
TCGA-EE-A2MI-06A,-41.2894640142627,40.9715637992837,15.3282777172243,2
TCGA-EE-A2MS-06A,-39.3647878664228,37.4845641004268,10.8573499983347,2
TCGA-EE-A2MT-06A,-37.2888421649743,41.9147016669194,7.43000937459223,2
TCGA-EE-A3AA-06A,-46.1499537461091,41.831365596674,13.1207406787381,2
TCGA-EE-A3AB-06A,-41.9058969248255,40.4702380595891,12.3378837332256,2
TCGA-EE-A3AG-06A,-39.9770885279878,39.8077241327426,11.2178348499491,2
TCGA-EE-A3J8-06A,-39.1979984718461,39.6975495407486,17.7638025061501,2
TCGA-EE-A3JB-06A,-41.5523820198734,39.9100826370372,14.7715247960844,2
TCGA-ER-A195-06A,-37.9793298018827,37.1805287961186,17.2719239777501,2
TCGA-ER-A199-06A,-41.7132585995112,43.992918414506,17.2249045104218,2
TCGA-ER-A19B-06A,-44.6192308613223,40.5263197148112,18.1742429540544,2
TCGA-ER-A19D-06A,-38.565939543344,34.9295036161603,15.9523678173659,2
TCGA-ER-A19L-06A,-39.3548931175624,39.2749206653295,17.4585794148168,2
TCGA-ER-A19M-06A,-38.9618146733988,40.4205539473949,18.0794919924276,2
TCGA-ER-A19S-06A,-40.0162599113301,44.6924713154206,18.726537694751,2
TCGA-ER-A2NC-06A,-38.5377719647884,34.9225457388322,15.91194423357,2
TCGA-ER-A42K-06A,-43.3477694182928,39.6069352452975,17.7385573991091,2
TCGA-FR-A69P-06A,-38.3130207254676,39.7133253404641,9.40522102062203,2
TCGA-FS-A1Z0-06A,-41.0869564207155,36.9632892896612,13.7174486278869,2
TCGA-FS-A1ZA-06A,-45.3443894832234,41.4938282590938,12.8253214085123,2
TCGA-FS-A1ZC-06A,-41.4323381634113,40.432604348483,13.9988341882134,2
TCGA-FS-A1ZD-06A,-39.9993989262995,36.1693923655297,11.0283877197027,2
TCGA-FS-A1ZH-06A,-40.6940422037134,39.5449200711371,11.7690105148712,2
TCGA-FS-A1ZK-06A,-37.200849156756,41.858587229919,7.32435658122482,2
TCGA-FS-A1ZS-06A,-43.5307742807456,39.172020917785,18.3013272260437,2
TCGA-FS-A4F2-06A,-38.2399702567283,40.1208271173156,9.19002083197694,2
TCGA-FS-A4FC-06A,-35.3123114391352,41.5364760475671,4.40042075434598,2
TCGA-GF-A6C8-06A,-40.1142040971848,39.9474022499771,14.0473776365015,2
TCGA-GN-A266-06A,-40.5706133899264,45.2723514854749,17.75429011807,2
TCGA-GN-A26A-06A,-41.6830226425625,40.360685697878,15.0339148963604,2
TCGA-HR-A2OG-06A,-41.7783861716278,38.4065104142479,17.0545543058763,2
TCGA-LH-A9QB-06A,-41.4719404012033,35.4847495775552,17.7874044042196,2
TCGA-W3-A825-06A,-39.4348513215584,35.5485198136685,10.8437453443057,2
TCGA-WE-A8K6-06A,-40.7838224404051,37.9741594594614,13.3239507317765,2
TCGA-WE-A8ZQ-06A,-42.4931791570801,36.819442808966,18.8200625887447,2
TCGA-WE-A8ZY-06A,-42.0887775142193,39.7442724454589,9.97402302522217,2
TCGA-YD-A89C-06A,-37.8022808992771,38.2636997648573,9.31236795198768,2
TCGA-D3-A1Q1-06A,-5.51226932602564,10.3760479653847,5.02931417957125,3
TCGA-D3-A1Q5-06A,-4.11936171253997,9.84571448357135,5.48083419111192,3
TCGA-D3-A1QA-06A,-0.0225693133554033,-4.28052946651809,14.3629949201913,3
TCGA-D3-A2J7-06A,2.93076502566586,-6.29374110271169,13.0424355255301,3
TCGA-D3-A3C1-06A,-8.25384179552235,11.4924687198027,4.99363899793762,3
TCGA-D3-A3C3-06A,-8.72838300305847,10.1621776439234,3.14795448930518,3
TCGA-D3-A3C6-06A,-4.24530888995753,9.82546690058837,5.44084890491476,3
TCGA-D3-A3CE-06A,-9.13081746464495,9.76577816174251,4.94339813821323,3
TCGA-D3-A3ML-06A,-6.36713778511672,1.6843957180857,10.9688126887178,3
TCGA-D3-A8GL-06A,1.03492875172147,-0.964426950857822,12.9855517409094,3
TCGA-D3-A8GO-06A,-8.04657175112758,12.7696215272948,4.9789737071633,3
TCGA-D3-A8GS-06A,-7.60965457515008,-1.00171012955729,10.1860367133273,3
TCGA-D9-A149-06A,-4.78528536288187,1.18854240353801,12.2447005436598,3
TCGA-D9-A1JW-06A,2.24052292675755,-2.36067230135495,5.29982379444481,3
TCGA-D9-A1X3-06A,-2.57164026484978,-3.56425225307508,13.8852028111326,3
TCGA-D9-A6EG-06A,-0.155425327473445,-0.449105054482447,5.78175232076722,3
TCGA-DA-A1I2-06A,-2.47714302464103,7.96457788660559,5.82200043667963,3
TCGA-DA-A3F3-06A,-6.46779534750713,0.583089215704822,11.1886120704201,3
TCGA-EB-A5UN-06A,-5.951650199618,-0.433910712297475,11.6285459745577,3
TCGA-EE-A29E-06A,3.86598941154581,-6.99392914484183,12.7383028408892,3
TCGA-EE-A29G-06A,-0.360985728428593,0.135378292440192,13.5792145250553,3
TCGA-EE-A29H-06A,0.760815770937895,-1.10684375581461,12.0022308598617,3
TCGA-EE-A29N-06A,1.28971139562074,-5.33727967108849,13.5166692967996,3
TCGA-EE-A2A0-06A,-5.94023780644341,-1.95396020716743,10.3263575875594,3
TCGA-EE-A2A1-06A,0.90849497086692,1.55554826966363,10.0347817995893,3
TCGA-EE-A2A5-06A,-8.00665565366512,12.2140893862225,4.90082171673516,3
TCGA-EE-A2A6-06A,-5.71590113751969,-1.4435374920001,9.84426666096383,3
TCGA-EE-A2GC-06A,1.34145683516174,-2.32947022560166,12.611178963816,3
TCGA-EE-A2GD-06A,-7.14455209365197,7.74679485778057,5.13891081532187,3
TCGA-EE-A2GJ-06A,1.21399256142921,-3.1048542835071,12.7671224258458,3
TCGA-EE-A2GR-06A,-0.395212705479322,-4.29254393013333,14.4236408024087,3
TCGA-EE-A2GS-06A,-5.54807047848314,9.73800538498863,5.10640945914105,3
TCGA-EE-A2M5-06A,-6.47767586262161,1.38404307759417,12.9911135615147,3
TCGA-EE-A2MF-06A,-7.27193567982825,7.98603406285032,5.18405668653102,3
TCGA-EE-A2MK-06A,-9.085521727384,9.36465744485099,5.08087000193383,3
TCGA-EE-A3AC-06A,-3.10432819278241,-3.80939021853079,13.8512789992571,3
TCGA-EE-A3AD-06A,3.55853210848137,-6.76439665074079,12.8396747238821,3
TCGA-EE-A3AH-06A,-5.50273570717461,3.41817345393034,7.59709536241371,3
TCGA-EE-A3J3-06A,-5.44315212301982,9.31675219904356,5.18192785167697,3
TCGA-EE-A3J4-06A,-0.81510529537894,6.9057747944871,5.48447058807314,3
TCGA-EE-A3JA-06A,1.34931614151483,-2.06302926386452,12.7690617920197,3
TCGA-EE-A3JI-06A,-2.91474753027205,-3.70304108074713,13.8583886574404,3
TCGA-ER-A198-06A,0.439754380726679,-0.516895667781183,12.6827150943307,3
TCGA-ER-A19E-06A,-8.60952216335059,10.1742634766588,3.00081780178867,3
TCGA-ER-A19F-06A,1.06109282608647,-0.972775958549327,12.5176657974612,3
TCGA-ER-A19H-06A,1.43194146587901,6.87206988448545,10.2860048201153,3
TCGA-ER-A19J-06A,-5.56684141298649,3.29484026780015,7.9235570102435,3
TCGA-ER-A19Q-06A,-5.96622495353745,1.1663105133929,9.84988877002584,3
TCGA-ER-A2NF-06A,-5.95978321561317,1.9598735079589,9.82443113048818,3
TCGA-ER-A3ES-06A,-0.885880745283724,7.05082112105419,5.4458899940893,3
TCGA-ER-A3EV-06A,-7.09674960151249,0.588791584605453,11.3724304761379,3
TCGA-ER-A3PL-06A,-1.35307615101298,-4.27687900643751,14.3371051771923,3
TCGA-FR-A729-06A,-6.81233321105075,2.41710547717972,10.6491581000481,3
TCGA-FS-A1YW-06A,0.559611992872967,-1.31624276931989,6.57462580350846,3
TCGA-FS-A1YX-06A,-4.93047186512189,4.38255340245497,6.72370130203882,3
TCGA-FS-A1YY-06A,1.56150675782588,-1.7492073853503,6.02442737739428,3
TCGA-FS-A1Z3-06A,-6.79057922104603,-0.840879031930501,10.5324769419806,3
TCGA-FS-A1Z7-06A,1.8568825970917,5.17868692031981,9.50111690404032,3
TCGA-FS-A1ZB-06A,-6.07478771979191,0.996917928086096,11.7652315093364,3
TCGA-FS-A1ZP-06A,-2.87678235898371,8.29806832206738,6.11566591122833,3
TCGA-FS-A1ZR-06A,-5.33751984236419,3.31897153753938,7.12199088233025,3
TCGA-FS-A1ZW-06A,-5.70737044216654,-2.58568424103467,10.6073236266586,3
TCGA-FS-A1ZZ-06A,2.92055324810978,2.70241390035956,9.79364872162584,3
TCGA-FS-A4F0-06A,0.385323764712216,-1.28322523656651,6.58100477726976,3
TCGA-FS-A4F8-06A,1.87063511153398,5.05849970807063,9.5186736605097,3
TCGA-FS-A4FB-06A,-4.59054636533138,4.21953286347657,6.51715498005394,3
TCGA-FW-A3TV-06A,1.69215758211162,-1.5238448408294,12.8551568981353,3
TCGA-GF-A3OT-06A,-0.415693738734748,0.489734507924872,12.5666162312696,3
TCGA-GN-A268-06A,1.06725987976299,-5.18231322353496,13.7499410298708,3
TCGA-GN-A26D-06A,-6.51829025802864,0.71946559600632,11.4366379368316,3
TCGA-GN-A4U4-06A,-10.5074258577688,10.3296614458373,5.45756223018118,3
TCGA-OD-A75X-06A,-9.2093781486196,10.1432174311085,4.92997744039446,3
TCGA-RP-A6K9-06A,0.441080656026027,-1.24480330770693,9.8448096774771,3
TCGA-W3-A828-06A,1.45566744333134,6.86428866583964,10.2659826837357,3
TCGA-W3-AA1O-06A,-0.0303762836886238,-4.10538788172074,15.0501326008576,3
TCGA-WE-A8ZM-06A,0.973245152457522,-1.79752707994109,9.53140382518073,3
TCGA-WE-A8ZO-06A,2.93729976184626,2.67897882860387,9.81687322551712,3
TCGA-WE-A8ZT-06A,-2.7505661132581,8.37169451698046,6.03462877379113,3
TCGA-YD-A9TB-06A,-7.24064840324308,7.03898068614988,5.11553219910403,3
TCGA-YG-AA3P-06A,-0.771367161814898,7.26787551779824,5.258962984744,3
TCGA-Z2-AA3S-06A,-5.78818336602843,2.1175426824301,8.98176721848738,3
TCGA-3N-A9WD-06A,43.3517668607755,-15.7003659143998,-9.46778599016485,4
TCGA-D3-A1Q3-06A,35.7021317314055,-16.670360563032,-12.6391564423844,4
TCGA-D3-A2J6-06A,26.5325341298477,-9.80380622388966,-6.89564587414404,4
TCGA-D3-A2J8-06A,38.0917681251614,-21.4596302039425,-11.6894924412005,4
TCGA-D3-A2JC-06A,25.5212788218576,-17.7516040677526,-9.71716688717194,4
TCGA-D3-A2JD-06A,28.8054884110215,-10.0372974316563,-3.63281221120584,4
TCGA-D3-A2JE-06A,20.5068849785506,-23.2369081637065,-8.40443684816573,4
TCGA-D3-A2JG-06A,29.4863947619199,-16.5928118623306,-11.2048502029734,4
TCGA-D3-A2JK-06A,28.9729889142239,-13.3950020679447,-9.42556922952358,4
TCGA-D3-A2JP-06A,20.1360711499756,-23.5471050702833,-8.3517143405407,4
TCGA-D3-A3MR-06A,20.0463120826281,-17.6489046079606,-5.29314028665912,4
TCGA-D3-A3MU-06A,31.3185469069292,-9.74111347109086,-10.7988462399605,4
TCGA-D3-A51K-06A,21.81832665566,-16.7319910827051,-11.0586972757011,4
TCGA-D3-A51R-06A,21.3615160044582,-23.0537420278538,-8.36699765131353,4
TCGA-D3-A51T-06A,37.9083910768112,-14.7951028745166,-13.7313301628858,4
TCGA-D3-A5GL-06A,37.3848509339258,-15.3393431338227,-13.5793373442775,4
TCGA-D3-A5GU-06A,24.1971435264426,-20.0412265330914,-9.76549125879756,4
TCGA-D3-A8GB-06A,37.9005568937606,-10.4226090766905,-12.8015854384373,4
TCGA-D3-A8GC-06A,38.1663281192246,-20.2863486028453,-11.8393956349471,4
TCGA-D3-A8GI-06A,34.0973294457938,-15.9627317533907,-11.61281910117,4
TCGA-D3-A8GJ-06A,20.4130907609039,-17.6281025461822,-5.64693258094766,4
TCGA-D3-A8GK-06A,41.0300626794187,-16.2076500976342,-11.2738364215438,4
TCGA-D3-A8GN-06A,21.3656095621082,-16.769665036539,-9.703414448155,4
TCGA-D3-A8GP-06A,28.5512724659856,-9.98967010179674,-2.10125985573048,4
TCGA-D3-A8GR-06A,27.3106499134686,-11.5540783575721,-6.37834937442524,4
TCGA-D3-A8GV-06A,22.0746448965909,-19.8120640708936,-9.8363169822249,4
TCGA-D9-A1JX-06A,19.2044823933325,-17.8798090018868,-4.40106976886255,4
TCGA-D9-A3Z3-06A,29.2300628343073,-7.9089743591087,-3.09842031935109,4
TCGA-D9-A4Z6-06A,28.6925831083483,-19.4227319211353,-10.0832718417009,4
TCGA-D9-A6E9-06A,29.4014786311404,-8.84287337564083,-3.77290443767657,4
TCGA-D9-A6EA-06A,43.2776157910891,-15.7155370611269,-9.47923884605821,4
TCGA-D9-A6EC-06A,24.3576013024335,-18.5548509468224,-8.78149949020848,4
TCGA-DA-A1I0-06A,29.3975653316983,-13.9393752219893,-10.0406146818758,4
TCGA-DA-A1IA-06A,28.5015757027289,-10.3617937923095,-3.96489983812459,4
TCGA-DA-A1IC-06A,19.411990443913,-15.8096947908716,-11.6362967623566,4
TCGA-DA-A3F2-06A,29.2630342940469,-11.7286304687056,-6.73447708145257,4
TCGA-DA-A95V-06A,29.3144605954248,-9.08502073977613,-3.32211295906294,4
TCGA-DA-A95W-06A,20.9961493002964,-20.9173651333412,-9.51903663639741,4
TCGA-DA-A95Y-06A,30.6008626919638,-10.9674395146214,-9.497801566348,4
TCGA-DA-A95Z-06A,22.5689959026104,-19.1554949030068,-9.55154852549756,4
TCGA-EB-A5KH-06A,29.594814188426,-14.2134040566636,-10.4086480501369,4
TCGA-EB-A5SH-06A,21.3984070434848,-16.5379039790724,-11.3438947794549,4
TCGA-EB-A5UL-06A,33.4722111972216,-16.1895098254665,-9.46807164097671,4
TCGA-EB-A6L9-06A,29.261019095764,-11.9051253962302,-7.20114923721705,4
TCGA-EE-A17X-06A,33.2511659830452,-12.7469340030308,-5.65543300017569,4
TCGA-EE-A17Z-06A,22.635635363663,-17.0446831821821,-11.3074866103392,4
TCGA-EE-A180-06A,40.6397498021641,-16.3375240101041,-11.4113117413106,4
TCGA-EE-A182-06A,28.1262827755388,-13.4644538604585,-9.33814511321563,4
TCGA-EE-A183-06A,33.1633079373224,-15.3717016502651,-10.8260781200136,4
TCGA-EE-A184-06A,39.9507720478247,-16.5216555876151,-11.5906222377953,4
TCGA-EE-A185-06A,33.2476412832767,-12.6453639821212,-5.60947987905728,4
TCGA-EE-A20I-06A,31.3473534863479,-9.98521187815773,-10.7588294699308,4
TCGA-EE-A29B-06A,36.4061055686014,-9.56521674553687,-12.3425849372396,4
TCGA-EE-A29C-06A,26.3713512344727,-9.72991438845446,-6.97469194851393,4
TCGA-EE-A29L-06A,38.0918131258721,-20.8524043927229,-11.7351623219427,4
TCGA-EE-A29V-06A,29.9239335959957,-11.7815520166111,-8.46167400097005,4
TCGA-EE-A29X-06A,32.5367565583304,-14.5439200406175,-11.8969530443499,4
TCGA-EE-A2A2-06A,37.7473482547043,-15.9637540319474,-13.2152302099606,4
TCGA-EE-A2GI-06A,30.3830244855258,-8.31956650460061,-4.69769540119452,4
TCGA-EE-A2GN-06A,23.899001613251,-18.6825833217863,-13.0111821652529,4
TCGA-EE-A2GT-06A,23.9543268670555,-18.6310657593991,-13.2103976569257,4
TCGA-EE-A2M6-06A,28.5591068044611,-19.4152158944008,-10.0502599935468,4
TCGA-EE-A2MN-06A,34.7573683405989,-17.0041151960642,-11.1949519283332,4
TCGA-EE-A2MQ-06A,36.9361824467632,-18.9507550226562,-13.3942680684515,4
TCGA-EE-A3AF-06A,37.106579694733,-9.18485808056342,-12.1907950224506,4
TCGA-EE-A3J5-06A,30.6691242639086,-12.2156140257263,-6.43396898693976,4
TCGA-EE-A3J7-06A,36.7700141383592,-18.9304912004885,-13.4373070514439,4
TCGA-ER-A19C-06A,34.6320375149146,-17.6062165359268,-12.9633166712516,4
TCGA-ER-A19G-06A,19.089749615099,-17.9119341862167,-4.26321553625505,4
TCGA-ER-A19O-06A,28.1704931803085,-13.2999084580529,-9.15743635059751,4
TCGA-ER-A19T-06A,37.2913833561163,-9.44055893102504,-12.3026106041438,4
TCGA-ER-A2ND-06A,28.6036336721617,-16.0342931519946,-7.1962405358933,4
TCGA-ER-A2NG-06A,38.310936844471,-19.9981397936587,-11.7525080917766,4
TCGA-ER-A3ET-06A,28.4369993643142,-9.89542525610948,-1.80987529795919,4
TCGA-FR-A3YO-06A,33.3835401721564,-15.7679038373227,-10.6304991863954,4
TCGA-FR-A7U8-06A,22.540881721095,-18.1553804340517,-8.58425128765127,4
TCGA-FR-A8YC-06A,37.6184937471677,-8.75386750378416,-11.9774619145511,4
TCGA-FR-A8YD-06A,22.4664327481729,-17.8129930800274,-10.3585205102218,4
TCGA-FS-A1ZE-06A,38.9885793005393,-16.4715313607304,-11.8307026499712,4
TCGA-FS-A1ZF-06A,19.8544670127374,-15.9806345949695,-11.4474480921993,4
TCGA-FS-A1ZG-06A,35.4534139438145,-16.4593175425272,-12.4139371985795,4
TCGA-FS-A1ZQ-06A,28.1861319729028,-10.4870796879404,-3.49168245927108,4
TCGA-FS-A1ZT-06A,33.8159016467981,-18.3314063828046,-13.522086772855,4
TCGA-FS-A1ZU-06A,24.9104031035328,-18.0214646254387,-9.47857814547846,4
TCGA-FS-A1ZY-06A,22.1796197345276,-19.0658447860416,-11.5687845554208,4
TCGA-FS-A4F4-06A,33.9640605065943,-16.1302913628576,-11.290471535004,4
TCGA-FS-A4F5-06A,33.2538761573911,-15.1783892621461,-11.0720685825998,4
TCGA-FS-A4F9-06A,34.1493291968211,-18.2558165569726,-13.5546832025587,4
TCGA-FS-A4FD-06A,23.1930379398426,-17.8783097924315,-10.1761093150402,4
TCGA-FW-A3I3-06A,21.1921574998129,-21.4484066992331,-9.04138203251499,4
TCGA-FW-A3R5-06A,38.0868239783866,-14.5773749074618,-13.7481975536041,4
TCGA-FW-A3TU-06A,22.1422131988091,-17.224909850497,-10.2034526209978,4
TCGA-GN-A262-06A,25.4288298544686,-18.4631178893926,-7.41084307082782,4
TCGA-GN-A264-06A,35.4490826483597,-15.9192736017738,-13.0706807811916,4
TCGA-GN-A267-06A,24.7811842562537,-18.504789994184,-8.44008852220864,4
TCGA-GN-A4U7-06A,32.6943765817753,-12.9732696868855,-11.6230830995323,4
TCGA-GN-A4U9-06A,21.4175230319047,-22.2591092723789,-8.34907787256735,4
TCGA-GN-A8LK-06A,30.783492748328,-12.5755456314187,-7.07193848961429,4
TCGA-GN-A8LL-06A,32.5899453831326,-12.9235424728488,-11.6480912404475,4
TCGA-QB-A6FS-06A,29.7459779549083,-12.2432376335919,-7.69235860461326,4
TCGA-QB-AA9O-06A,33.0238114140656,-15.7433321288088,-8.27476285510046,4
TCGA-RP-A690-06A,37.5783880029858,-8.3375144140105,-11.8594570287645,4
TCGA-RP-A694-06A,33.5911291085725,-14.0312001453065,-6.8458522021628,4
TCGA-RP-A695-06A,33.476017832707,-13.6467829193771,-6.42535794032424,4
TCGA-W3-A824-06A,39.1348048886339,-18.8035013245963,-11.2309068915111,4
TCGA-W3-AA1Q-06A,38.2941051961412,-11.1519761857771,-13.2352062932211,4
TCGA-W3-AA21-06A,29.8220412078053,-10.0046811291064,-2.95434811132633,4
TCGA-WE-A8K5-06A,22.4487192898696,-18.855228232592,-9.61993197247532,4
TCGA-WE-A8ZN-06A,29.5557905659826,-12.6451045011608,-9.00130489568055,4
TCGA-WE-A8ZX-06A,21.4215991004618,-21.8525552655609,-7.94242775919398,4
TCGA-WE-AA9Y-06A,30.4202540543316,-10.4347298105143,-2.98504419745456,4
TCGA-WE-AAA3-06A,20.6315303004294,-15.9470691450079,-10.5814726474892,4
TCGA-WE-AAA4-06A,27.5281902739278,-10.4915865904977,-5.86655771462776,4
TCGA-XV-AB01-06A,29.6595982395026,-14.0933209526154,-10.3184018651092,4
TCGA-YD-A9TA-06A,21.6052376888615,-23.0407055110484,-8.36918546851123,4
TCGA-YG-AA3O-06A,35.0105936375729,-18.9137878844416,-9.54950223247675,4
TCGA-Z2-A8RT-06A,33.430220843761,-16.3335719798675,-8.77272016912114,4
TCGA-Z2-AA3V-06A,27.6821967772972,-10.7699177259915,-5.84178076444287,4
