Sample,X,Y,Z,Cluster
TCGA-D3-A1Q1-06A,48.2713982776707,208.777418032009,-55.0195443110122,1
TCGA-D3-A1Q4-06A,43.3491027279931,215.524887754588,-56.8209336735369,1
TCGA-D3-A1Q5-06A,46.1138873441569,204.981883133709,-47.0956330248415,1
TCGA-D3-A1Q8-06A,49.7755108591538,207.111480581937,-57.0753389574083,1
TCGA-D3-A1QB-06A,37.4624696337047,211.09465508097,-61.5773650353298,1
TCGA-D3-A2JA-06A,46.7338400284236,210.539430471121,-51.2763127262421,1
TCGA-D3-A2JB-06A,39.6164102748162,206.360128317393,-45.0311409785052,1
TCGA-D3-A2JD-06A,45.4171779703683,211.193186919028,-60.4509061547323,1
TCGA-D3-A2JE-06A,47.1017118253912,203.590436532127,-36.0492825358779,1
TCGA-D3-A2JF-06A,46.1359080376799,205.252961749257,-45.9640994657212,1
TCGA-D3-A2JK-06A,43.0263613135282,211.145269804995,-61.1968949490756,1
TCGA-D3-A3C6-06A,46.657376072245,211.162587981953,-59.8421529226281,1
TCGA-D3-A3MR-06A,41.1040340110871,209.435821687692,-50.3942671958959,1
TCGA-D3-A3MU-06A,39.4368734592141,210.807188511047,-62.2074243197872,1
TCGA-D3-A51E-06A,43.4913399824417,210.84992356764,-56.6700948371388,1
TCGA-D3-A51K-06A,43.1046254311605,210.264436222428,-58.7312869585322,1
TCGA-D3-A51R-06A,43.2870696627315,209.064699891424,-50.3085770093838,1
TCGA-D3-A5GN-06A,42.8389898137371,209.314351068222,-50.2745941045258,1
TCGA-D3-A5GO-06A,47.5287976261529,204.739061804476,-40.0212404560288,1
TCGA-D3-A5GS-06A,36.5478976458479,210.931815099726,-61.5805453032743,1
TCGA-D3-A5GU-06A,42.3317723030295,203.429463655894,-38.5258351295966,1
TCGA-D3-A8GI-06A,45.6699162684452,211.119798806943,-47.828198569155,1
TCGA-D3-A8GJ-06A,41.0178744893896,206.397327464864,-45.8957452856802,1
TCGA-D3-A8GK-06A,43.9395619142719,207.692925542472,-58.6896406842908,1
TCGA-D3-A8GQ-06A,42.0783711910326,209.725987899049,-50.5012896856119,1
TCGA-D3-A8GS-06A,37.9642000840886,212.815973659797,-57.6750222292592,1
TCGA-D3-A8GV-06A,47.6325296892847,209.418159746413,-52.1661458824155,1
TCGA-D9-A149-06A,49.0849394302583,209.729109087156,-57.2349874336817,1
TCGA-D9-A1JW-06A,48.2549127855719,206.267241700646,-42.8234731440566,1
TCGA-D9-A1JX-06A,40.1607866751965,205.481666216472,-46.3810588901356,1
TCGA-D9-A3Z3-06A,36.2977905874988,210.436829436611,-60.9676279356963,1
TCGA-D9-A6E9-06A,42.7676919353363,210.523361906134,-62.6768360491078,1
TCGA-DA-A1HV-06A,47.152044639504,210.86657366838,-49.4705387561992,1
TCGA-DA-A1I0-06A,45.1185035229816,211.790477685491,-60.4198409495316,1
TCGA-DA-A1IA-06A,42.1976014340479,210.93747723756,-61.8559614543498,1
TCGA-DA-A1IC-06A,44.9309525457133,203.125159515357,-36.2090598467112,1
TCGA-DA-A3F2-06A,45.2817632025601,210.498266080773,-60.0066581051513,1
TCGA-DA-A95V-06A,39.055886597339,211.651426009487,-61.0377907791118,1
TCGA-DA-A95X-06A,47.0203417559131,206.139237296478,-43.9944001531776,1
TCGA-EB-A44R-06A,40.2405827322627,206.340789725266,-45.5000435288922,1
TCGA-EB-A5KH-06A,45.3928578959789,209.466992201423,-60.0899747980271,1
TCGA-EB-A5SG-06A,45.0745027210011,210.704596251887,-47.5898290917348,1
TCGA-EB-A5SH-06A,48.2979038522955,208.621513365688,-54.4744049846795,1
TCGA-EB-A6L9-06A,47.4391404680543,210.319957465938,-52.7531633626333,1
TCGA-EE-A17X-06A,43.2920224381053,212.400724886813,-59.0802723471602,1
TCGA-EE-A17Y-06A,42.4493606736645,209.449769826497,-53.0500362523103,1
TCGA-EE-A17Z-06A,42.913784925219,210.247679189021,-59.5712142384791,1
TCGA-EE-A182-06A,44.9633472230616,209.744617217032,-60.482776501155,1
TCGA-EE-A183-06A,42.6169326260017,211.480312500344,-61.3469203806753,1
TCGA-EE-A20F-06A,37.4065496194024,212.096294387988,-61.0032037425869,1
TCGA-EE-A20H-06A,42.6460349896034,211.095946553812,-51.3864140996697,1
TCGA-EE-A29A-06A,49.7264414627537,207.204292648233,-56.9651644973981,1
TCGA-EE-A29B-06A,43.9633257268404,209.742917156286,-59.7351425320394,1
TCGA-EE-A29C-06A,48.1333482475751,209.227138665675,-57.9946041010761,1
TCGA-EE-A29E-06A,43.0561907410306,214.770232081019,-55.9451484098408,1
TCGA-EE-A29G-06A,47.590841606726,206.041541644198,-42.7585985160179,1
TCGA-EE-A29P-06A,41.0276395077079,210.324479478864,-62.9452053443643,1
TCGA-EE-A29R-06A,47.5262925409942,204.576944992714,-39.4459998326234,1
TCGA-EE-A29W-06A,43.2159366621607,211.947760043567,-58.6208369030182,1
TCGA-EE-A29X-06A,49.2919066684041,210.325020312312,-55.199126866942,1
TCGA-EE-A2A1-06A,48.1373351212544,206.168600407703,-42.7835925683105,1
TCGA-EE-A2A5-06A,47.4703929235177,204.314970194354,-38.8860703190923,1
TCGA-EE-A2GE-06A,45.9902632753095,203.337705329465,-36.2823944297915,1
TCGA-EE-A2GH-06A,42.4129295291813,209.477601271363,-50.4076148562397,1
TCGA-EE-A2GI-06A,42.5395966354961,210.789049615201,-51.1493554837225,1
TCGA-EE-A2GL-06A,42.0967065989836,213.756015644956,-55.7044427926659,1
TCGA-EE-A2GN-06A,47.9673529167312,209.325385517079,-57.9610920413231,1
TCGA-EE-A2GO-06A,46.2065480293698,203.622161716692,-37.2053691902664,1
TCGA-EE-A2GR-06A,48.7342411725425,208.815840217959,-55.739826891324,1
TCGA-EE-A2GT-06A,47.2379565648632,210.710659485611,-49.7093289388155,1
TCGA-EE-A2M6-06A,46.9809864052272,211.124402137263,-48.7508939480009,1
TCGA-EE-A2M7-06A,47.6695987277407,205.027095357496,-40.941118028669,1
TCGA-EE-A2MM-06A,48.6238721714729,208.915941732813,-54.7747638855334,1
TCGA-EE-A2MP-06A,45.5678434376018,209.691097126127,-60.0089535123704,1
TCGA-EE-A2MU-06A,47.0827399008508,211.110442351642,-48.7915221834207,1
TCGA-EE-A3AB-06A,42.0660199963149,209.70361948158,-59.2929883508279,1
TCGA-EE-A3AF-06A,42.758100980662,212.242908192636,-60.6815083001296,1
TCGA-EE-A3J3-06A,45.6010527843795,208.980284920848,-60.8306936833622,1
TCGA-EE-A3J7-06A,47.5580960924136,210.141212040286,-52.7127911104145,1
TCGA-EE-A3JH-06A,43.341600055479,211.206462964454,-57.0864634850551,1
TCGA-ER-A199-06A,42.7171343230717,214.28780634299,-55.623667278714,1
TCGA-ER-A19D-06A,45.1833690227139,208.772294694477,-58.7015700904919,1
TCGA-ER-A19N-06A,49.3933242616816,210.467987785664,-55.3510749571163,1
TCGA-ER-A19O-06A,47.9344078502693,209.283517006385,-58.1153718957469,1
TCGA-ER-A19P-06A,46.4054082734237,205.546155443769,-45.2919808464184,1
TCGA-ER-A19T-06A,38.5652559320854,210.587266685059,-62.0659554350892,1
TCGA-ER-A2NC-06A,40.6852353733688,210.986690572768,-61.7506696241181,1
TCGA-ER-A2ND-06A,37.095898472855,212.131762283682,-59.554647444285,1
TCGA-ER-A2NF-06A,46.8697399838392,203.337096523902,-35.9275616583755,1
TCGA-ER-A2NH-06A,37.2336233716223,211.443031042389,-61.2057360580712,1
TCGA-ER-A3EV-06A,44.4720516382925,205.946719227614,-48.3500397690862,1
TCGA-ER-A3PL-06A,47.8606299580239,205.135745681789,-41.5704432211385,1
TCGA-ER-A42K-06A,48.4046684666719,206.561293946649,-42.8658555422938,1
TCGA-FR-A3YO-06A,39.4044434882175,211.669478828436,-61.1949261408105,1
TCGA-FR-A69P-06A,44.7955875275178,207.532592056255,-46.4881939005528,1
TCGA-FR-A7U8-06A,47.906047605592,204.368151451926,-37.2333909923969,1
TCGA-FR-A8YD-06A,45.5577517901146,209.272704250659,-59.6350908856198,1
TCGA-FS-A1YY-06A,43.2781605273527,215.70507398315,-57.0309491836074,1
TCGA-FS-A1Z0-06A,47.4697071827964,204.405043199205,-38.9703259383311,1
TCGA-FS-A1Z3-06A,44.293038455363,209.791261213364,-56.6601665189807,1
TCGA-FS-A1ZA-06A,46.5068652849227,204.629175506507,-47.038167519308,1
TCGA-FS-A1ZC-06A,48.3376173849805,208.919931459107,-54.4345371263881,1
TCGA-FS-A1ZD-06A,42.7410976527342,211.889949189938,-57.9936869243891,1
TCGA-FS-A1ZE-06A,48.9440947713147,205.566884949897,-42.7272903613447,1
TCGA-FS-A1ZG-06A,43.1831399658902,216.129344636593,-57.433730454523,1
TCGA-FS-A1ZH-06A,45.66413100787,205.547302739186,-48.4901768342847,1
TCGA-FS-A1ZP-06A,46.4374556763094,203.814686799875,-37.4280411533589,1
TCGA-FS-A1ZY-06A,40.2142163128657,205.282481628966,-46.611387268385,1
TCGA-FS-A1ZZ-06A,40.3007606918207,205.335900155031,-46.5771091237105,1
TCGA-FS-A4F4-06A,40.5995343433283,210.421923483996,-62.6987736361182,1
TCGA-FS-A4FD-06A,42.6868684007331,203.255306596132,-37.5354374591512,1
TCGA-FW-A3I3-06A,43.8839740571263,209.459249474551,-47.1046529170389,1
TCGA-FW-A3TU-06A,44.8333351480766,209.592286167719,-60.4958496209151,1
TCGA-GF-A6C8-06A,45.9639980844866,211.306679358515,-47.8327155060445,1
TCGA-GF-A6C9-06A,47.1220747453946,210.521703786558,-50.7902943509546,1
TCGA-GN-A262-06A,37.7687527526255,211.965927174907,-59.852830229443,1
TCGA-GN-A264-06A,47.101783801104,203.684503728692,-38.2863964557065,1
TCGA-GN-A266-06A,43.7989533449127,203.112705756003,-36.6623879320952,1
TCGA-GN-A4U8-06A,41.3650716109998,213.527609046059,-56.0972131178452,1
TCGA-GN-A4U9-06A,41.5909117529099,206.835129872187,-46.1282966248142,1
TCGA-GN-A8LL-06A,36.5829484543618,211.000821278584,-60.3031253604272,1
TCGA-GN-A9SD-06A,44.5221480303099,205.787854575386,-47.8243653290484,1
TCGA-HR-A2OH-06A,43.4816901086412,215.390167709596,-56.6385165548539,1
TCGA-LH-A9QB-06A,44.5343756168765,205.784296603541,-47.8359716786694,1
TCGA-QB-A6FS-06A,44.8700770172661,212.080438677642,-60.3986620705279,1
TCGA-RP-A695-06A,37.0906633284504,211.814615015158,-59.8008508779906,1
TCGA-W3-A824-06A,36.2987125227084,212.291041199708,-58.6492408162051,1
TCGA-W3-A825-06A,47.7509899379495,208.175075644298,-54.4203137748641,1
TCGA-W3-AA21-06A,41.7404386539989,209.89099015491,-52.4267418970724,1
TCGA-WE-A8K5-06A,37.1130832569892,211.633109399466,-61.1378448965721,1
TCGA-WE-A8K6-06A,45.894069299584,203.560138855698,-37.087531430559,1
TCGA-WE-A8ZM-06A,44.6579907250145,207.430811709841,-46.626156237465,1
TCGA-WE-A8ZN-06A,42.9960138029534,210.267587476557,-59.2909578484633,1
TCGA-WE-A8ZQ-06A,45.0396286787049,205.557713989866,-47.7614539818207,1
TCGA-WE-AA9Y-06A,42.2028061476684,210.52215462108,-60.223400560707,1
TCGA-WE-AAA4-06A,42.3413774352771,210.699947960619,-62.2346468494286,1
TCGA-XV-AB01-06A,43.8064123885273,210.027365612022,-60.7163207902924,1
TCGA-YD-A89C-06A,42.7650185813493,203.231635513469,-37.4379661619895,1
TCGA-YG-AA3P-06A,47.5310786331695,204.149179070108,-36.7788022672072,1
TCGA-Z2-AA3S-06A,37.4030132459691,212.586753525271,-58.2690812924666,1
TCGA-Z2-AA3V-06A,41.8374323908447,210.970839809839,-61.8770446974919,1
TCGA-BF-AAP0-06A,-52.0962894741734,-132.903144298434,37.848565812356,2
TCGA-D3-A1Q9-06A,-35.3629632561672,-128.249684705209,35.2627982884602,2
TCGA-D3-A2J6-06A,-44.4428749467065,-130.149046778114,37.4121445414389,2
TCGA-D3-A2J7-06A,-42.264271941771,-129.482542372197,37.1821142787591,2
TCGA-D3-A2JH-06A,-49.5501001116374,-132.691561830453,32.8727465702914,2
TCGA-D3-A2JL-06A,-50.3036634501046,-132.597284417222,35.9174043407911,2
TCGA-D3-A2JO-06A,-34.7788077512392,-130.775622169102,37.199932315449,2
TCGA-D3-A3BZ-06A,-47.6423256591583,-134.099118770606,38.1436482654506,2
TCGA-D3-A3C1-06A,-47.7916412764849,-134.482579157286,38.1823744594841,2
TCGA-D3-A3CB-06A,-29.4696047567143,-131.814638430371,37.1244495517343,2
TCGA-D3-A3CC-06A,-44.2475225092893,-131.161337388857,37.8081621656041,2
TCGA-D3-A3CF-06A,-38.2085648023542,-128.389285579472,35.0039622576007,2
TCGA-D3-A3ML-06A,-36.3080441047625,-127.742167325258,32.1575807799425,2
TCGA-D3-A3MV-06A,-50.4696493853643,-132.570396762809,35.989556094722,2
TCGA-D3-A51F-06A,-38.3006681853559,-127.648139451918,31.9514037828581,2
TCGA-D3-A51H-06A,-38.4976078868031,-127.640575872057,31.7468473215205,2
TCGA-D3-A51J-06A,-30.8858876369911,-130.605971737323,35.2162249090083,2
TCGA-D3-A5GL-06A,-43.4692649531429,-129.958065186445,37.6651536859257,2
TCGA-D3-A8GB-06A,-43.781038798445,-130.145675558589,39.013853222138,2
TCGA-D3-A8GE-06A,-34.575682114043,-128.525827398422,34.9989489696569,2
TCGA-D3-A8GM-06A,-38.5091191667914,-127.978753965564,34.4331184775306,2
TCGA-D3-A8GN-06A,-33.3253991123636,-127.837806538613,32.9681015456906,2
TCGA-D3-A8GO-06A,-47.7344509166718,-135.954081882354,36.5880194851177,2
TCGA-D3-A8GP-06A,-39.2101220547491,-128.332133923035,31.0702587830774,2
TCGA-D3-A8GR-06A,-48.0018284692489,-133.482738671745,36.1676637739292,2
TCGA-D9-A148-06A,-45.1151462525405,-129.993723336933,37.5188220084115,2
TCGA-D9-A1X3-06A,-43.3737943260272,-130.306153063937,37.8230769674002,2
TCGA-D9-A3Z1-06A,-35.6798789794702,-128.66187401351,33.4047673094427,2
TCGA-D9-A6EG-06A,-47.6452751740628,-133.179073178783,36.0006346290835,2
TCGA-DA-A1I4-06A,-41.9339057121554,-128.524517512471,34.855437727802,2
TCGA-DA-A1I8-06A,-49.1741713591391,-132.748301342894,32.85568507411,2
TCGA-DA-A3F8-06A,-29.2757399924751,-131.211682522679,37.2231174826998,2
TCGA-DA-A95W-06A,-47.781237878678,-133.512859972638,36.2146881525753,2
TCGA-DA-A95Y-06A,-44.5462978984142,-131.528481640091,38.1492804271108,2
TCGA-DA-A95Z-06A,-34.4109894728119,-130.385086662772,38.7100285713612,2
TCGA-EB-A44Q-06A,-34.645613360859,-128.214058086755,33.1889828202096,2
TCGA-EB-A5UN-06A,-40.2433442878955,-127.891855921652,34.4955670207546,2
TCGA-EE-A185-06A,-49.0075841584156,-132.816469463412,33.0599920839327,2
TCGA-EE-A20C-06A,-48.5811676511979,-132.948945309305,33.5045825188293,2
TCGA-EE-A20I-06A,-36.0388967754876,-131.383199027375,39.0325623940027,2
TCGA-EE-A29D-06A,-36.3180720268916,-127.758508245229,33.3876627807712,2
TCGA-EE-A29H-06A,-35.7009702396077,-128.301945772056,33.2452082368779,2
TCGA-EE-A29N-06A,-40.9144509045788,-127.720481887526,34.9201029067383,2
TCGA-EE-A29S-06A,-34.972796041644,-130.681846636582,38.0525949199877,2
TCGA-EE-A2A0-06A,-40.8240031410372,-128.071076500685,35.0932715358244,2
TCGA-EE-A2A6-06A,-38.8036538418239,-129.508406590702,34.5544800899627,2
TCGA-EE-A2GM-06B,-41.897743509922,-129.616727607558,37.6707126142852,2
TCGA-EE-A2M5-06A,-31.7753071613184,-130.28954461921,36.0173502171495,2
TCGA-EE-A2MC-06A,-34.4380427250115,-129.572082106483,37.4205205533007,2
TCGA-EE-A2MF-06A,-33.3984593846085,-130.51275435497,37.0427009365388,2
TCGA-EE-A2MS-06A,-44.2272167554466,-131.437294102509,38.4307363432914,2
TCGA-EE-A2MT-06A,-34.3054726623215,-127.861353807514,32.9671683458951,2
TCGA-EE-A3J4-06A,-47.9199003194588,-135.444612253893,37.9086248102107,2
TCGA-EE-A3JA-06A,-38.6045867467941,-128.898941462011,34.1174678135674,2
TCGA-EE-A3JE-06A,-47.9471868697917,-136.198652286843,37.4204000690821,2
TCGA-EE-A3JI-06A,-41.5365619417902,-129.507903429967,37.2992310915701,2
TCGA-ER-A193-06A,-43.2328573810639,-130.248155787518,37.7714012714645,2
TCGA-ER-A197-06A,-33.5668353436035,-130.275450679883,37.2028527823797,2
TCGA-ER-A198-06A,-42.4864208234738,-128.635194160278,34.4543974207301,2
TCGA-ER-A19C-06A,-30.3188180536866,-131.051963434544,36.3176969530855,2
TCGA-ER-A19F-06A,-42.9055846006787,-130.085517014904,38.4290796085477,2
TCGA-ER-A19G-06A,-36.5016309883764,-127.741412965702,35.9300917552011,2
TCGA-ER-A19H-06A,-29.8987111947576,-131.159861854948,36.8016992889403,2
TCGA-ER-A19J-06A,-29.9790729999175,-131.169702327352,36.8807114565153,2
TCGA-ER-A19M-06A,-52.4778021330995,-132.824470512914,37.9085311399095,2
TCGA-ER-A19W-06A,-35.8506120276514,-127.317676843643,35.6480022299705,2
TCGA-ER-A2NE-06A,-39.6299427687017,-131.001377091078,35.8699549769201,2
TCGA-ER-A2NG-06A,-31.339841880301,-130.453353240613,35.8649703912502,2
TCGA-FR-A3YN-06A,-35.6862858609708,-128.722111096522,34.492200953266,2
TCGA-FR-A7UA-06A,-37.4258162015793,-127.567554286958,31.1254655343281,2
TCGA-FS-A1Z7-06A,-35.7636100762394,-131.225578295505,38.8465764940706,2
TCGA-FS-A1ZB-06A,-47.783384874799,-134.421159784293,38.2205323952182,2
TCGA-FS-A1ZF-06A,-50.7177015123264,-132.655124921082,36.3932919714146,2
TCGA-FS-A1ZK-06A,-36.0422766701668,-127.922258617489,32.3757622374267,2
TCGA-FS-A1ZM-06A,-38.6981618985246,-129.592349227048,35.2589947502892,2
TCGA-FS-A1ZQ-06A,-47.816138868975,-134.523671397682,38.1598352671604,2
TCGA-FS-A1ZR-06A,-30.3357135290362,-130.798488193996,34.6548056844304,2
TCGA-FS-A4F0-06A,-47.4237791810294,-134.719643096158,35.7087947910457,2
TCGA-FS-A4F5-06A,-34.6712240601073,-128.884378763665,34.9509273112993,2
TCGA-FS-A4FC-06A,-36.4692299127162,-130.032898030791,35.5052915691668,2
TCGA-GN-A265-06A,-35.7635742154894,-128.527748680314,37.5493079471134,2
TCGA-GN-A267-06A,-43.3893326430091,-129.521034865294,38.2871656816878,2
TCGA-GN-A268-06A,-41.9547764441995,-128.921557287236,37.2894711623645,2
TCGA-GN-A26D-06A,-33.6196629865618,-130.607908571359,37.2629141503359,2
TCGA-GN-A8LK-06A,-45.7092441885856,-130.499795072878,37.7581360608636,2
TCGA-QB-AA9O-06A,-52.3155646126875,-132.854644653045,37.8757309640384,2
TCGA-RP-A693-06A,-39.1760707942449,-129.863215085304,33.4232573915637,2
TCGA-RP-A694-06A,-47.8146808448166,-133.991833097184,37.0740788844696,2
TCGA-RP-A6K9-06A,-48.175960596862,-132.989955068893,33.948274545118,2
TCGA-W3-AA1Q-06A,-38.9385189091658,-130.777624134545,35.7245381798601,2
TCGA-WE-A8JZ-06A,-35.223764241042,-127.752360473714,32.5158150276526,2
TCGA-WE-A8K1-06A,-39.1680607774474,-127.787635206253,33.9342379874613,2
TCGA-WE-A8ZR-06A,-42.4429872885262,-129.624758295755,37.6850940049503,2
TCGA-WE-A8ZT-06A,-30.042354412762,-130.880915682488,33.8729355631484,2
TCGA-WE-A8ZY-06A,-42.6957612356118,-129.723207577507,37.750724511663,2
TCGA-YG-AA3O-06A,-40.6467467878168,-128.024967609684,34.9093520596325,2
TCGA-3N-A9WB-06A,-25.0552702096022,-131.366743899557,24.699543979801,3
TCGA-3N-A9WC-06A,-19.6999842423256,-131.677527174232,31.8558440974999,3
TCGA-3N-A9WD-06A,-11.0044945802878,-128.947452298821,32.2507460335072,3
TCGA-D3-A1Q3-06A,-10.8859745875795,-130.90355580561,33.4477454240911,3
TCGA-D3-A1Q6-06A,-15.1411563842692,-128.250580824207,39.4468339472655,3
TCGA-D3-A1Q7-06A,-8.75332127866066,-128.597548087781,40.0237984128149,3
TCGA-D3-A1QA-06A,-22.7911170512824,-132.092336351309,26.6023810308954,3
TCGA-D3-A2J8-06A,-18.458918688645,-126.106342894332,29.4846220427954,3
TCGA-D3-A2J9-06A,-23.6235949043569,-131.503624271879,20.055936600659,3
TCGA-D3-A2JC-06A,-13.1460485629798,-128.444791354627,38.7294774822768,3
TCGA-D3-A2JG-06A,-22.0116492975617,-132.874182101085,27.9112973565842,3
TCGA-D3-A2JN-06A,-19.9968707518934,-128.105883392614,25.3443525924213,3
TCGA-D3-A2JP-06A,-15.0965207205595,-133.60014200517,31.6156225439511,3
TCGA-D3-A3C3-06A,-10.6206337545458,-126.947981691083,31.7455529371434,3
TCGA-D3-A3C7-06A,-14.0924512708462,-126.41062961684,36.2731290547754,3
TCGA-D3-A3C8-06A,-16.9923285395828,-131.067448738119,30.2919539910264,3
TCGA-D3-A3CE-06A,-21.5134739055581,-131.07575842302,19.4478424982184,3
TCGA-D3-A3MO-06A,-19.6262332534327,-126.903240763588,28.6640508641784,3
TCGA-D3-A51G-06A,-18.3515052398372,-131.884192161379,31.7303912793007,3
TCGA-D3-A51N-06A,-22.0571350923437,-132.227395630725,28.2482340333381,3
TCGA-D3-A51T-06A,-22.1514877001481,-132.894164583184,28.2299952296297,3
TCGA-D3-A5GR-06A,-10.9791641781405,-128.447498271364,35.729541981641,3
TCGA-D3-A8GC-06A,-16.0426532645189,-131.326805740739,32.2274371789042,3
TCGA-D3-A8GD-06A,-20.689599221266,-125.58135397953,29.0344383626895,3
TCGA-D3-A8GL-06A,-25.6355582677612,-131.495759326759,24.6753543724552,3
TCGA-D9-A4Z6-06A,-25.8311868085608,-131.543615785163,17.4567692403487,3
TCGA-D9-A6EA-06A,-22.3513395231887,-132.584760932886,27.3667829224097,3
TCGA-D9-A6EC-06A,-22.0394392451091,-131.335340243338,33.6393255152106,3
TCGA-DA-A1HW-06A,-14.4819745704729,-131.489731754519,31.0599520755287,3
TCGA-DA-A1HY-06A,-28.107566823608,-132.170484415119,25.9336883582108,3
TCGA-DA-A1I1-06A,-13.4413828644829,-128.441240223347,37.7861922375801,3
TCGA-DA-A1I2-06A,-9.0088560704944,-128.649669945052,39.6485313900219,3
TCGA-DA-A1I5-06A,-17.2453819475854,-131.527725888659,31.5242545119712,3
TCGA-DA-A1I7-06A,-12.142820275446,-128.483001460522,39.4052659056002,3
TCGA-DA-A1IB-06A,-26.9164117968368,-131.827106166333,25.0232821374594,3
TCGA-DA-A3F3-06A,-19.7773552448093,-130.712489860568,32.3291310635552,3
TCGA-DA-A3F5-06A,-21.6595322438681,-131.335059586018,33.7726359157173,3
TCGA-EB-A5UL-06A,-18.7890549339452,-130.12789490353,29.0910768200392,3
TCGA-EB-A5VV-06A,-23.6947319520507,-131.512250372928,20.0559713522295,3
TCGA-EE-A180-06A,-25.7069522195772,-131.526432005031,17.4428680725967,3
TCGA-EE-A181-06A,-11.078905822632,-128.471211363609,32.0525574011862,3
TCGA-EE-A184-06A,-26.0770432835255,-132.763997300358,25.4132373970553,3
TCGA-EE-A20B-06A,-27.646155773269,-131.874565580848,18.4985596758503,3
TCGA-EE-A29L-06A,-20.840171122533,-130.841624349055,20.2113852411723,3
TCGA-EE-A29M-06A,-14.6075855937107,-131.354078328793,29.650873616615,3
TCGA-EE-A29Q-06A,-9.095931881405,-128.791728481804,36.4882314740698,3
TCGA-EE-A29T-06A,-13.5210651171098,-128.282086885761,38.4345000001112,3
TCGA-EE-A29V-06A,-20.0301619900499,-128.249613478106,25.6374048983561,3
TCGA-EE-A2A2-06A,-22.0811299685096,-132.517517286416,27.3795873984233,3
TCGA-EE-A2GB-06A,-28.656755799191,-132.553474194387,26.263680977032,3
TCGA-EE-A2GC-06A,-21.1515691713225,-131.613521172782,31.6046962197372,3
TCGA-EE-A2GD-06A,-13.9567245171109,-128.71308090184,38.4035361695721,3
TCGA-EE-A2GJ-06A,-20.463140434116,-131.830940221245,31.5444990857939,3
TCGA-EE-A2GK-06A,-24.5539277581852,-131.422824475359,17.9566892836888,3
TCGA-EE-A2GP-06A,-12.8232117666272,-130.549986180879,32.7631173328212,3
TCGA-EE-A2GS-06A,-11.2086717914542,-128.094545121946,36.0228063295677,3
TCGA-EE-A2GU-06A,-18.2514742895455,-131.700488073239,31.142216410147,3
TCGA-EE-A2M8-06A,-9.00720917376384,-129.411001774565,37.569261945524,3
TCGA-EE-A2MD-06A,-22.9672654729074,-133.57619249061,28.6280569195912,3
TCGA-EE-A2ME-06A,-25.4495513504225,-133.40293362152,26.0149071205168,3
TCGA-EE-A2MG-06A,-13.6328946242359,-131.165568816514,31.6976987334787,3
TCGA-EE-A2MH-06A,-13.928879073822,-128.728227855222,40.0425039806444,3
TCGA-EE-A2MI-06A,-9.40641243797206,-128.689624501144,39.2110663083675,3
TCGA-EE-A2MJ-06A,-24.5022007696186,-131.252039069358,24.7730040966963,3
TCGA-EE-A2MK-06A,-9.30376029520796,-128.778135472181,36.1555593048728,3
TCGA-EE-A2ML-06A,-13.7223150406088,-128.473794611443,38.2551371404919,3
TCGA-EE-A2MN-06A,-13.2726334378088,-126.43363410927,35.6211916981949,3
TCGA-EE-A2MQ-06A,-21.6715460594508,-131.031516081811,26.2817579251588,3
TCGA-EE-A2MR-06A,-11.3673660354422,-129.399734135346,33.4102832866894,3
TCGA-EE-A3AA-06A,-13.6128478077261,-130.87641750386,32.3158178857774,3
TCGA-EE-A3AC-06A,-22.4841757025041,-135.097192195787,26.7715827834337,3
TCGA-EE-A3AD-06A,-10.424121806803,-128.869868137151,35.38063427766,3
TCGA-EE-A3AG-06A,-20.0078700739904,-128.340171915417,25.6721227956631,3
TCGA-EE-A3AH-06A,-22.1176807552837,-131.149676010083,18.7019520893949,3
TCGA-EE-A3J5-06A,-14.4917818938731,-131.668143709321,30.7385800588412,3
TCGA-EE-A3J8-06A,-11.7688036251494,-127.463687358525,34.4575386186878,3
TCGA-EE-A3JB-06A,-10.9299581472062,-127.328347334892,31.3281319310854,3
TCGA-EE-A3JD-06A,-16.9055959949188,-131.695539573099,31.7720923748321,3
TCGA-ER-A195-06A,-19.6410696218363,-132.801577403178,31.3887725179342,3
TCGA-ER-A19A-06A,-11.759814613983,-128.497182911718,36.9355799266785,3
TCGA-ER-A19B-06A,-28.349739133813,-132.619880543065,26.3417665286753,3
TCGA-ER-A19E-06A,-16.899621121541,-131.759722908571,31.9063564996656,3
TCGA-ER-A19L-06A,-14.1932281018263,-128.522040285857,39.9732673984339,3
TCGA-ER-A19Q-06A,-8.45736729669361,-128.574410988597,40.3094555203804,3
TCGA-ER-A19S-06A,-10.6228059521297,-129.27732181995,35.3726894065362,3
TCGA-ER-A1A1-06A,-25.2857532663892,-131.485470078133,17.592093709222,3
TCGA-ER-A3ES-06A,-13.9064053282597,-126.558870494916,36.1697064695413,3
TCGA-ER-A3ET-06A,-13.0603594284536,-128.398567700438,37.1429977197564,3
TCGA-ER-A42L-06A,-14.9392066001044,-133.657050552983,31.472977255199,3
TCGA-FR-A44A-06A,-22.2953817445172,-133.407088361817,28.5575089481438,3
TCGA-FR-A729-06A,-22.6569484341327,-131.907653262845,25.8682668112847,3
TCGA-FR-A7U9-06A,-10.8749651232667,-127.292284102656,31.464619508418,3
TCGA-FR-A8YC-06A,-20.6259945819413,-125.673895431574,29.1492734281132,3
TCGA-FR-A8YE-06A,-22.4534030754125,-135.132010827874,26.8321330540286,3
TCGA-FS-A1YW-06A,-20.289373449347,-133.103711123295,30.9233035318277,3
TCGA-FS-A1YX-06A,-24.5119484881561,-133.744446083816,28.2152969316065,3
TCGA-FS-A1Z4-06A,-21.4283118051283,-131.19278230077,26.0675895028097,3
TCGA-FS-A1ZJ-06A,-19.8768181026796,-126.724348864044,30.4276093418395,3
TCGA-FS-A1ZS-06A,-12.0408020556633,-128.423390491236,37.5228587773841,3
TCGA-FS-A1ZT-06A,-17.9330412965037,-131.625712460948,32.753935113201,3
TCGA-FS-A1ZU-06A,-19.6554776854328,-126.775221347359,28.7967862084998,3
TCGA-FS-A1ZW-06A,-13.9260945988829,-131.194515309586,30.3655015351142,3
TCGA-FS-A4F2-06A,-17.3897016596325,-131.39767534069,30.1331377592271,3
TCGA-FS-A4F8-06A,-22.3236970311717,-131.17851018159,18.6240810427417,3
TCGA-FS-A4F9-06A,-22.7627092167833,-130.975123637855,26.0335914487865,3
TCGA-FS-A4FB-06A,-14.5863022260525,-133.517462136704,31.0880009788378,3
TCGA-FW-A3R5-06A,-21.5055538571997,-131.054091411505,19.6116063733292,3
TCGA-FW-A3TV-06A,-27.7321364501097,-131.890220023232,18.5646669242638,3
TCGA-FW-A5DY-06A,-26.7418404526939,-131.98460022831,25.0564521995643,3
TCGA-GF-A3OT-06A,-11.709587756238,-128.424401445735,38.7869414309128,3
TCGA-GF-A4EO-06A,-24.958592559956,-133.684206266428,28.4165694661336,3
TCGA-GN-A26A-06A,-16.0357656600139,-127.90208078778,39.4916680719471,3
TCGA-GN-A4U3-06A,-18.7513978495433,-132.226832676091,31.7145867669658,3
TCGA-GN-A4U4-06A,-27.4884367086729,-132.920290044707,26.6170856189897,3
TCGA-GN-A4U7-06A,-20.0868383823567,-127.804379100732,25.435620503213,3
TCGA-HR-A2OG-06A,-11.2380899554565,-129.524326394116,33.4691324150981,3
TCGA-OD-A75X-06A,-11.0568378102972,-127.803412127982,31.5463287355583,3
TCGA-RP-A690-06A,-13.7423577459671,-128.4453798869,39.426598358291,3
TCGA-W3-A828-06A,-21.8894122540619,-130.782139604236,29.2437839020011,3
TCGA-W3-AA1O-06A,-23.8559616367597,-131.572261295535,20.8905254383946,3
TCGA-W3-AA1R-06A,-20.197698041774,-128.539290223952,27.840248887299,3
TCGA-W3-AA1V-06B,-17.865826321345,-130.910194166079,29.9276047268696,3
TCGA-W3-AA1W-06A,-12.1112005047237,-131.952005937516,33.1161144912388,3
TCGA-WE-A8ZO-06A,-15.3168319008378,-128.154961332436,39.4034536507162,3
TCGA-WE-A8ZX-06A,-21.6868974904697,-130.960366527478,26.0911118126474,3
TCGA-WE-AAA0-06A,-21.8081570082291,-131.917223355919,28.7802333398013,3
TCGA-WE-AAA3-06A,-14.0213022975784,-127.724238558498,36.0397987826991,3
TCGA-YD-A9TA-06A,-19.9612141521638,-128.304474942066,27.8340364835136,3
TCGA-YD-A9TB-06A,-11.2533906165442,-128.321641273766,35.9466227925305,3
TCGA-Z2-A8RT-06A,-11.5418185765167,-127.699432217434,33.7405440179629,3
