Sample,X,Y,Z,Cluster
TCGA-3N-A9WB-06A,340.851924132871,92.5391731997984,86.7860203961699,1
TCGA-D3-A1Q1-06A,346.051785461896,94.8124390909219,85.3244059777081,1
TCGA-D3-A1Q3-06A,341.201669646635,87.5115365690316,89.2714775020527,1
TCGA-D3-A1Q7-06A,339.312196195718,95.7183390441017,87.6751887299705,1
TCGA-D3-A1Q9-06A,342.083883223174,89.584855055512,89.4049249429377,1
TCGA-D3-A1QA-06A,344.092448424626,92.0215553405303,82.8177922228494,1
TCGA-D3-A1QB-06A,344.249620960583,88.448581540783,83.6695341249631,1
TCGA-D3-A2J6-06A,340.354647264626,93.429620434121,83.3426423835181,1
TCGA-D3-A2J9-06A,343.423257357888,90.6300933607085,87.9998654767743,1
TCGA-D3-A2JG-06A,343.041560291432,86.9708596503475,85.3958546448201,1
TCGA-D3-A2JL-06A,339.805785636087,88.8710855609082,84.128314950589,1
TCGA-D3-A3BZ-06A,335.953402468177,97.2021340635765,87.6939930864158,1
TCGA-D3-A3C6-06A,344.736089069155,92.5920762186276,93.0752170521136,1
TCGA-D3-A3CC-06A,336.847091753963,95.9516315921545,87.1503230648518,1
TCGA-D3-A3CE-06A,342.278160232188,90.2397608049542,94.4326523234873,1
TCGA-D3-A3CF-06A,342.801412972369,96.1972181962608,84.1483869124491,1
TCGA-D3-A3ML-06A,344.559139039397,87.4980601484193,84.3681022747788,1
TCGA-D3-A3MV-06A,345.78056216133,94.2813841810791,82.930945070285,1
TCGA-D3-A5GL-06A,338.755019024057,93.4947614549898,89.9921432466152,1
TCGA-D3-A5GS-06A,345.208415757532,93.3827114926548,78.8596160810299,1
TCGA-D3-A8GC-06A,345.174389918219,91.7148823131837,78.7257968207012,1
TCGA-D3-A8GK-06A,347.419212211979,91.9628652583692,84.0916221245009,1
TCGA-D3-A8GL-06A,346.089892501892,92.9657453059727,82.4794671965211,1
TCGA-D3-A8GM-06A,343.43919771425,88.2434517446124,85.3650707125663,1
TCGA-D3-A8GR-06A,338.784423060892,90.4946956908337,92.6661169079118,1
TCGA-D9-A148-06A,344.091053440534,93.927682573056,83.3538407070967,1
TCGA-D9-A149-06A,338.106674952693,94.5917875144445,89.2912483107138,1
TCGA-D9-A1JW-06A,339.768044692562,90.9433015215931,86.4122192908095,1
TCGA-D9-A1X3-06A,341.746179933508,90.9501004106535,87.2576519956844,1
TCGA-D9-A3Z1-06A,341.278726999829,93.3256486991036,82.855654876845,1
TCGA-D9-A6EG-06A,337.94299007501,94.7295001893577,85.0020141041541,1
TCGA-DA-A1I4-06A,335.859676172871,97.5595039424066,86.9690509370696,1
TCGA-DA-A1IA-06A,342.135260406333,91.5204985719584,90.9121411494013,1
TCGA-DA-A95W-06A,342.350266475147,90.6287683708602,93.3493887595022,1
TCGA-DA-A95Y-06A,341.528222048743,90.0984342239872,89.9269719168803,1
TCGA-DA-A95Z-06A,342.254071696266,90.2302734472752,94.352979705131,1
TCGA-EB-A44Q-06A,340.712931210967,87.0446389055234,89.4729156446197,1
TCGA-EB-A5SG-06A,345.934381278369,92.7591060601335,76.9187808609586,1
TCGA-EB-A5UL-06A,340.718301397193,89.0120483335438,89.6992245150832,1
TCGA-EE-A17X-06A,345.006360205961,91.2968490456453,83.1096337943092,1
TCGA-EE-A180-06A,342.931898703806,93.5562837237584,81.7610932739378,1
TCGA-EE-A183-06A,339.951211931534,92.0785061339905,90.0852304173266,1
TCGA-EE-A184-06A,344.11843832105,92.5404625978137,84.0482070162023,1
TCGA-EE-A185-06A,344.6928511505,92.4021659487509,83.2569695334044,1
TCGA-EE-A20F-06A,343.689899079955,92.9019056010256,84.6946925077622,1
TCGA-EE-A20I-06A,337.817319153519,94.9567065360265,85.5735764074521,1
TCGA-EE-A29B-06A,341.533856763779,90.5769708417786,90.4236636804122,1
TCGA-EE-A29D-06A,347.198631315762,93.2770777825276,82.6680774805028,1
TCGA-EE-A29E-06A,339.345222859669,88.0520596844179,86.9862410430836,1
TCGA-EE-A29L-06A,344.156980749102,88.8572024992261,83.7575164720807,1
TCGA-EE-A29M-06A,344.017334902464,92.6629156131301,81.4126082578658,1
TCGA-EE-A29N-06A,345.159889671717,93.7124725556289,78.939982412845,1
TCGA-EE-A29V-06A,336.920240979146,95.3094262106196,87.2558273488845,1
TCGA-EE-A2A2-06A,344.22431472742,93.0654721027135,81.8845607136008,1
TCGA-EE-A2A5-06A,344.135960267422,96.5198606715754,89.1874229795527,1
TCGA-EE-A2GB-06A,343.955121760498,93.4466207636569,81.8641678974857,1
TCGA-EE-A2GC-06A,341.626898996839,93.4081602027799,81.0110174386666,1
TCGA-EE-A2GD-06A,337.304233197434,95.4906487807401,89.6928904894909,1
TCGA-EE-A2GI-06A,344.145223119374,91.956814731931,85.4262557592156,1
TCGA-EE-A2GM-06B,343.80140667318,91.8950133471756,83.4533906212434,1
TCGA-EE-A2GN-06A,341.863369092589,94.7492473254735,86.9373180005754,1
TCGA-EE-A2GR-06A,343.392533327891,92.8602341180567,82.1281755615695,1
TCGA-EE-A2GS-06A,344.277648176764,89.8846617628401,90.7523911089284,1
TCGA-EE-A2GT-06A,340.873533409109,86.7407553112131,89.2532972092934,1
TCGA-EE-A2MD-06A,341.497046047585,93.4298947607617,82.5491175258997,1
TCGA-EE-A2MF-06A,341.626456840012,86.6694070141347,88.9848188338327,1
TCGA-EE-A2MJ-06A,341.860402060348,85.8967828492539,88.2701244093498,1
TCGA-EE-A2MN-06A,341.726132425824,85.9588170050863,89.1979311787179,1
TCGA-EE-A2MQ-06A,337.918045923277,94.951901215307,89.9099570440119,1
TCGA-EE-A2MS-06A,346.282635929937,95.039897935602,82.4886932417099,1
TCGA-EE-A3AD-06A,345.442076485027,92.7260997954692,78.2237380457225,1
TCGA-EE-A3AF-06A,338.892941568542,94.417461679109,84.1301341628043,1
TCGA-EE-A3J4-06A,339.870655264637,92.6448072799784,84.7076165683168,1
TCGA-EE-A3J5-06A,342.834311336232,93.4427458739878,80.8719498002359,1
TCGA-EE-A3J8-06A,344.533117324393,92.3179299308696,86.6157630001595,1
TCGA-ER-A198-06A,345.274571662904,92.7787683730177,78.8811138079216,1
TCGA-ER-A199-06A,343.771974039132,90.9269062245059,83.7697557869519,1
TCGA-ER-A19C-06A,337.383734431371,95.7095122042956,88.0895657515776,1
TCGA-ER-A19E-06A,344.104024705408,96.4653725648635,89.1018470453989,1
TCGA-ER-A19F-06A,342.737992534615,92.5915216219643,82.9571511849185,1
TCGA-ER-A19Q-06A,343.483562895667,92.2649407712147,91.0877027012981,1
TCGA-ER-A19W-06A,344.563895599139,91.5417716868026,92.1511846224672,1
TCGA-ER-A2NE-06A,345.091327077602,93.1848330027491,83.1365134042799,1
TCGA-ER-A2NF-06A,347.303162132434,93.8954877419484,85.6619249485787,1
TCGA-ER-A2NG-06A,340.352582303431,92.216055555716,85.178814274207,1
TCGA-ER-A2NH-06A,344.561289822344,91.4524848193524,92.1762658154376,1
TCGA-ER-A3ES-06A,347.968646163022,92.9296389699574,84.4183653165024,1
TCGA-ER-A3EV-06A,343.469341212881,89.2600320713914,90.4464113833794,1
TCGA-FR-A3YN-06A,344.238171159145,88.0526720488754,84.2765055200983,1
TCGA-FR-A3YO-06A,347.448314427212,93.6350616495622,86.0607605478348,1
TCGA-FR-A7U8-06A,342.823126067905,91.9348846667375,91.0365277687637,1
TCGA-FS-A1YW-06A,344.547071646142,93.5296334455175,81.3492528016645,1
TCGA-FS-A1YY-06A,336.10075667162,96.9193944141973,87.971694636866,1
TCGA-FS-A1Z0-06A,345.398814843129,95.6260035584293,85.7895632305593,1
TCGA-FS-A1Z3-06A,342.442570452312,94.9576680624367,81.5703161305601,1
TCGA-FS-A1ZG-06A,342.435132965277,87.3763653313413,87.0463748981153,1
TCGA-FS-A1ZK-06A,342.220169011671,91.4686945379388,86.3500728117765,1
TCGA-FS-A1ZP-06A,341.097265731429,95.4926855865023,87.3453557601857,1
TCGA-FS-A1ZU-06A,347.397395071203,92.9063556322539,84.3545196139162,1
TCGA-FS-A4F2-06A,338.278315335253,89.9218328431793,93.0729305996739,1
TCGA-FS-A4F5-06A,339.35021115371,91.4053278688383,85.9001301967267,1
TCGA-FS-A4FC-06A,336.343765226859,96.4372544371169,87.7341878259578,1
TCGA-FW-A3R5-06A,336.986349195964,95.566026371438,87.2710154036834,1
TCGA-FW-A3TV-06A,342.321629922469,90.6263710292702,88.5619610211085,1
TCGA-GN-A268-06A,342.251257572912,91.1941393576648,89.6390850291395,1
TCGA-GN-A26D-06A,344.822173554083,92.960561896939,80.1856081485213,1
TCGA-GN-A4U7-06A,342.263410722622,90.9978368559271,89.1070791580067,1
TCGA-GN-A4U8-06A,348.07146226754,92.4104646014386,80.5923022036561,1
TCGA-GN-A8LK-06A,339.855883481931,86.3469750985276,89.883646338921,1
TCGA-HR-A2OH-06A,346.091381435125,91.2573919396123,86.1290115593217,1
TCGA-OD-A75X-06A,345.234104424104,95.634984809671,85.8864870454025,1
TCGA-QB-AA9O-06A,338.648180848992,90.3586644176388,92.7793621591569,1
TCGA-RP-A693-06A,343.085928665955,89.2623508622176,90.2701396776188,1
TCGA-RP-A694-06A,343.800558708125,88.4303031965901,84.8389690519637,1
TCGA-RP-A695-06A,345.066045815203,92.8060848142361,79.2458424189065,1
TCGA-W3-A824-06A,342.014036193797,85.7341009749271,90.4279805093127,1
TCGA-W3-AA1O-06A,340.934936040416,93.1543955952715,83.5830708512964,1
TCGA-W3-AA1R-06A,344.554167660203,91.2259629980128,82.4862308666522,1
TCGA-W3-AA1W-06A,344.158711032965,90.0517651754632,83.2966748082705,1
TCGA-WE-A8K1-06A,338.71295523758,93.8806689090822,84.792161338494,1
TCGA-WE-A8K5-06A,336.540184878552,96.2546388382466,87.6125062607676,1
TCGA-WE-A8ZT-06A,342.258301266704,89.2881199063907,87.6814256923939,1
TCGA-WE-A8ZY-06A,345.705863957969,92.751174501883,77.5206430613877,1
TCGA-WE-AAA0-06A,344.497686862443,92.4139099747548,81.8545689663701,1
TCGA-WE-AAA4-06A,336.765744632851,95.8565814317651,90.7757006473241,1
TCGA-YG-AA3O-06A,339.447111474983,93.1336019647945,84.6178348105328,1
TCGA-Z2-AA3S-06A,342.195536998557,88.6023536082275,87.6964737440558,1
TCGA-3N-A9WC-06A,-186.825039214634,-24.9593501228408,-5.04552442824669,2
TCGA-3N-A9WD-06A,-207.057739496411,-15.9032290562538,2.33451028578676,2
TCGA-BF-AAP0-06A,-218.707582863823,-20.0647140131116,4.66184967031023,2
TCGA-D3-A1Q4-06A,-218.761079498099,-17.8629616612906,6.09306950756142,2
TCGA-D3-A1Q5-06A,-187.629780860156,-14.8524194769963,-3.51227133746119,2
TCGA-D3-A1Q6-06A,-185.853596983683,-14.9158159605616,-2.78973934348305,2
TCGA-D3-A1Q8-06A,-204.833479485786,-18.4700304229693,0.0256599691709872,2
TCGA-D3-A2J7-06A,-221.464628214209,-21.1065396316834,5.69437512119798,2
TCGA-D3-A2JA-06A,-217.576785999949,-16.8391692392043,5.9283905705575,2
TCGA-D3-A2JC-06A,-183.967634663662,-24.1932773220376,-4.88078143468451,2
TCGA-D3-A2JD-06A,-221.867591740916,-17.8134893438631,10.0226603486472,2
TCGA-D3-A2JF-06A,-185.363383281221,-17.2418823834459,-3.58625295413128,2
TCGA-D3-A2JH-06A,-185.693738936667,-24.3645222407811,-6.07305590249224,2
TCGA-D3-A2JK-06A,-221.692836887986,-19.6258836315608,5.70684855287525,2
TCGA-D3-A2JN-06A,-207.72932784186,-15.9949179038217,3.12162179487179,2
TCGA-D3-A2JP-06A,-185.312742006601,-17.9354081909467,-3.55616896490103,2
TCGA-D3-A3C1-06A,-185.793838651302,-17.6123498199375,-2.73646692390387,2
TCGA-D3-A3C3-06A,-181.777190985707,-13.3504063706954,-5.19013547806301,2
TCGA-D3-A3C7-06A,-185.64367164556,-18.1526342137237,-4.35341294164956,2
TCGA-D3-A3C8-06A,-221.178364027006,-16.7829847330912,8.29064697690521,2
TCGA-D3-A3CB-06A,-185.107835867735,-18.2097844491184,-4.01590032873944,2
TCGA-D3-A3MO-06A,-215.119281176314,-15.9241376770205,5.34906405726541,2
TCGA-D3-A3MR-06A,-187.719495563124,-15.396706505051,-4.1172586963539,2
TCGA-D3-A3MU-06A,-187.135662981415,-25.1910717003577,-2.14485770860266,2
TCGA-D3-A51E-06A,-184.718117819683,-24.9446650483159,-5.07596306685152,2
TCGA-D3-A51G-06A,-216.326643799182,-16.9355913628158,5.37666011578678,2
TCGA-D3-A51N-06A,-187.152261798973,-16.2831508286527,-4.44955110984746,2
TCGA-D3-A5GN-06A,-214.787975388085,-17.0925587543635,4.80969438859718,2
TCGA-D3-A5GO-06A,-206.257201058286,-17.5939438429381,-0.172533673939655,2
TCGA-D3-A5GR-06A,-185.89395173265,-16.7406292038423,-2.34722843720935,2
TCGA-D3-A5GU-06A,-207.106872214556,-15.229182996096,2.43058562539482,2
TCGA-D3-A8GB-06A,-218.409752256294,-19.0892257383629,5.7859616232909,2
TCGA-D3-A8GE-06A,-206.733880313426,-16.1781473036152,2.13878780284726,2
TCGA-D3-A8GI-06A,-219.528672134055,-17.0433581951676,7.24705428058005,2
TCGA-D3-A8GO-06A,-185.911309151382,-16.8126774093813,-3.32369936793044,2
TCGA-D3-A8GS-06A,-185.29271062031,-18.8003657775742,-4.47497525825378,2
TCGA-D9-A1JX-06A,-185.918167573038,-26.3281109782585,-5.08092113220567,2
TCGA-D9-A6EA-06A,-183.302434726412,-13.6269162466554,-5.59484650684672,2
TCGA-DA-A1HV-06A,-187.293023649337,-15.5842747217249,-5.68155732100124,2
TCGA-DA-A1HW-06A,-184.599919137294,-21.1802451219498,-5.16296663968274,2
TCGA-DA-A1HY-06A,-187.848835598698,-15.8541262048841,-2.69627369415101,2
TCGA-DA-A1I1-06A,-183.6493442903,-19.8356367039326,-1.51483733175961,2
TCGA-DA-A1I2-06A,-185.182362022339,-27.1349170753878,-4.66947476750294,2
TCGA-DA-A1I5-06A,-216.20452876927,-20.2794118978842,5.09664297217421,2
TCGA-DA-A1I7-06A,-213.07603416669,-16.7596577679865,4.3316402811207,2
TCGA-DA-A1I8-06A,-187.505223901764,-16.0739652049394,-4.70408225880124,2
TCGA-DA-A1IC-06A,-181.960009698396,-17.4470754531338,-3.86453992797028,2
TCGA-DA-A3F2-06A,-218.533795361457,-18.038516376932,5.99336152928181,2
TCGA-DA-A3F3-06A,-184.899310618169,-25.905950523902,-4.92001581998131,2
TCGA-DA-A3F5-06A,-185.744678713933,-15.5918283426331,-3.17587616827918,2
TCGA-DA-A95X-06A,-184.083816856429,-20.9940299207997,-4.16305691252184,2
TCGA-EB-A44R-06A,-220.43488292249,-19.7601715860928,3.72503234474681,2
TCGA-EB-A5UN-06A,-184.736927011726,-25.7118426319266,-5.55965565219497,2
TCGA-EE-A17Y-06A,-220.693875736768,-18.4901474772091,5.94696155481571,2
TCGA-EE-A181-06A,-187.181270550038,-27.6903606377033,-4.23121827856603,2
TCGA-EE-A182-06A,-220.549257187592,-16.9079222646652,7.10346119951942,2
TCGA-EE-A20B-06A,-208.766277589696,-16.6162282926024,2.39693966586534,2
TCGA-EE-A20C-06A,-184.122856792735,-18.6728890300817,-6.07051172742969,2
TCGA-EE-A29A-06A,-210.299930300614,-16.3840749595213,3.63839541575159,2
TCGA-EE-A29C-06A,-220.976806530596,-16.8834521424394,10.1241401708975,2
TCGA-EE-A29G-06A,-208.218925041221,-16.0378086747434,1.79768826800715,2
TCGA-EE-A29H-06A,-187.834797977747,-26.679420629827,-4.00486939285546,2
TCGA-EE-A29P-06A,-183.251803141076,-19.0433580321626,-0.554884833413938,2
TCGA-EE-A29Q-06A,-183.28546139483,-23.2456139993172,-4.51000150425902,2
TCGA-EE-A29R-06A,-209.312090629898,-17.0018348540701,2.43931121898963,2
TCGA-EE-A29S-06A,-186.590649630188,-24.7906693065921,-1.97209751061317,2
TCGA-EE-A29T-06A,-185.171591851605,-18.641692090536,-3.58008750298199,2
TCGA-EE-A29W-06A,-214.047823612878,-16.7582159239732,4.65360671337181,2
TCGA-EE-A29X-06A,-183.554693365593,-23.6017721607031,-4.09890765870149,2
TCGA-EE-A2A0-06A,-218.032555665849,-20.2935699392431,5.91993027814918,2
TCGA-EE-A2A1-06A,-221.956400778863,-17.534225892511,10.3696270982245,2
TCGA-EE-A2GE-06A,-218.271101016914,-19.7502659331827,5.68113854915837,2
TCGA-EE-A2GH-06A,-217.296483163889,-16.8670957247992,5.83069814607707,2
TCGA-EE-A2GJ-06A,-185.618881393864,-25.0712222442679,-5.07361228253242,2
TCGA-EE-A2GO-06A,-185.749648921571,-18.2575626885973,-3.63463538182373,2
TCGA-EE-A2GP-06A,-184.110230058877,-18.764036483817,-0.415722126968333,2
TCGA-EE-A2M6-06A,-183.792428931681,-14.0061227469325,-6.16089394451735,2
TCGA-EE-A2M7-06A,-205.700417157029,-17.3651794925151,0.754528148174598,2
TCGA-EE-A2MG-06A,-205.759850253537,-17.8702263750591,-0.518480338859922,2
TCGA-EE-A2MH-06A,-184.773514466565,-19.7680401477199,-4.48649591299227,2
TCGA-EE-A2MK-06A,-182.899674190156,-23.8978582767528,-4.36486477127494,2
TCGA-EE-A2ML-06A,-183.540781786141,-23.5308499768415,-4.66679556311137,2
TCGA-EE-A2MP-06A,-183.938015006291,-21.6002261641536,-4.06587233269636,2
TCGA-EE-A2MU-06A,-221.728365336682,-16.7820256838434,10.6839464887705,2
TCGA-EE-A3AB-06A,-186.63089703395,-14.9477771711578,-6.50198910401899,2
TCGA-EE-A3AG-06A,-184.754594532952,-15.1457135969834,-5.50574936952197,2
TCGA-EE-A3J3-06A,-210.293660547407,-16.6597878796188,3.35437883202157,2
TCGA-EE-A3JA-06A,-184.281440597416,-20.1985282770741,-3.42483301887066,2
TCGA-EE-A3JB-06A,-208.539860671865,-16.4396526047308,2.41048623182221,2
TCGA-EE-A3JE-06A,-220.614523880835,-18.4152659149306,9.58537071818448,2
TCGA-EE-A3JH-06A,-184.133855864971,-18.4937544040839,-0.0283351595320537,2
TCGA-EE-A3JI-06A,-183.766937246114,-24.3078557210037,-4.31022021880949,2
TCGA-ER-A193-06A,-184.097466008971,-18.7929011726968,-0.493221700657054,2
TCGA-ER-A195-06A,-219.840857048899,-17.5612048295799,5.1858186599215,2
TCGA-ER-A197-06A,-185.133295098242,-14.26614262109,-2.23603198058756,2
TCGA-ER-A19A-06A,-218.350177352582,-16.6749045422414,6.49675065092048,2
TCGA-ER-A19B-06A,-185.499256704115,-16.4560426435517,-4.47528038810016,2
TCGA-ER-A19D-06A,-221.242363320796,-18.2774335862126,7.54363541336763,2
TCGA-ER-A19H-06A,-185.804972911944,-15.491795707722,-5.49062040120057,2
TCGA-ER-A19J-06A,-220.937388581791,-17.7398585216155,9.27886907035527,2
TCGA-ER-A19L-06A,-188.020306418635,-15.9201453058164,-1.74016140640886,2
TCGA-ER-A19M-06A,-186.012339730384,-24.4805631293166,-2.00252482727947,2
TCGA-ER-A19N-06A,-180.749223900713,-20.4517573596388,-4.8022712132493,2
TCGA-ER-A19O-06A,-220.491685900032,-19.8890105438323,3.34309588055407,2
TCGA-ER-A19P-06A,-214.114523640872,-20.7141329150664,4.30596749267284,2
TCGA-ER-A19S-06A,-184.432295505831,-24.834499661758,-4.69791007076689,2
TCGA-ER-A2ND-06A,-222.224846821582,-20.9484898731978,5.64296614604926,2
TCGA-ER-A3ET-06A,-186.796935427435,-13.9955278737518,-2.28258958100303,2
TCGA-ER-A42K-06A,-186.029191859904,-16.8632265793917,-4.25603401866145,2
TCGA-FR-A44A-06A,-186.450116455082,-16.9328536662524,-5.4610312522872,2
TCGA-FR-A69P-06A,-215.646220665364,-20.9784429308937,4.95814056877818,2
TCGA-FR-A729-06A,-184.237390086339,-14.4047420002937,-6.22447876937351,2
TCGA-FR-A7U9-06A,-219.996037314752,-18.95568438443,4.25412536154125,2
TCGA-FR-A8YE-06A,-204.890678333229,-18.1208455259009,0.0885706403841511,2
TCGA-FS-A1YX-06A,-222.429414251542,-21.200984393252,5.68734707853638,2
TCGA-FS-A1Z7-06A,-218.763007215382,-18.0991570593699,6.6989094013176,2
TCGA-FS-A1ZB-06A,-220.844326323075,-16.6146265224342,8.03624258656557,2
TCGA-FS-A1ZC-06A,-187.541670670048,-15.1514828506361,-6.10651441352135,2
TCGA-FS-A1ZE-06A,-187.802283134228,-25.9138812078988,-4.73156385232438,2
TCGA-FS-A1ZF-06A,-220.402929342681,-17.1555354913887,8.74778896820381,2
TCGA-FS-A1ZH-06A,-208.989795858625,-16.0619046382706,3.50544077307549,2
TCGA-FS-A1ZM-06A,-211.10298943733,-16.6647057141921,3.63670017589373,2
TCGA-FS-A1ZT-06A,-184.001211810039,-24.2278229551096,-3.70910490397667,2
TCGA-FS-A4F4-06A,-221.488472454538,-16.7613125176474,10.132265814294,2
TCGA-FS-A4F8-06A,-203.909675705528,-18.0266361885235,0.364231027099087,2
TCGA-FS-A4FD-06A,-213.524501581149,-16.8176408857464,4.09630988879987,2
TCGA-FW-A5DY-06A,-206.347408180596,-14.873210220644,2.32706385955423,2
TCGA-GF-A4EO-06A,-185.877044746265,-17.6506427109181,-3.91534590775472,2
TCGA-GN-A264-06A,-221.043435545594,-17.7515959647369,10.0048037227971,2
TCGA-GN-A265-06A,-216.036836092142,-18.8985799456541,5.0500665262816,2
TCGA-GN-A266-06A,-210.147319740074,-17.1042586226619,2.73620539273015,2
TCGA-GN-A267-06A,-220.365722451109,-17.4648868065867,8.27185076439936,2
TCGA-GN-A26A-06A,-206.889658804526,-17.3066583041824,0.362230782995855,2
TCGA-GN-A4U4-06A,-187.986372376116,-26.9346148495182,-3.96902044921325,2
TCGA-GN-A9SD-06A,-182.88975577021,-17.2376750456499,-4.08447115076483,2
TCGA-HR-A2OG-06A,-210.333466454479,-16.8721579811929,3.06239520775451,2
TCGA-LH-A9QB-06A,-184.053481990555,-20.0160334149764,-4.62794417476157,2
TCGA-RP-A690-06A,-187.770837975446,-26.7997534363009,-4.01332917550953,2
TCGA-W3-A825-06A,-216.861511475014,-16.566679724533,5.67283869867422,2
TCGA-W3-A828-06A,-220.778523898331,-18.5189703667276,6.38334160622314,2
TCGA-W3-AA1Q-06A,-182.49782813403,-19.4841935535478,-0.712327382032997,2
TCGA-W3-AA21-06A,-184.784744555733,-15.0482981642335,-5.53651067290867,2
TCGA-WE-A8JZ-06A,-186.891800061239,-25.7869107467772,-4.12279226343286,2
TCGA-WE-A8K6-06A,-184.327874511184,-20.3709321179855,-3.84479791941988,2
TCGA-WE-A8ZM-06A,-185.351244604791,-17.6184233475545,-1.92232139898089,2
TCGA-WE-A8ZN-06A,-218.930316257617,-18.68769114067,5.76274344928913,2
TCGA-WE-A8ZO-06A,-183.812417408553,-23.02045453999,-4.64943338378511,2
TCGA-WE-A8ZX-06A,-183.931185879565,-13.9981479880583,-6.83039933931256,2
TCGA-WE-AA9Y-06A,-218.938976937351,-17.5437429983546,6.6857747019347,2
TCGA-WE-AAA3-06A,-219.194640277666,-20.6379196084166,6.57336022322399,2
TCGA-YD-A89C-06A,-188.671375553336,-26.8923660907105,-7.55135966169525,2
TCGA-YD-A9TB-06A,-180.901911877939,-20.3927901866129,-4.76309921692124,2
TCGA-D3-A2J8-06A,-204.742409437964,-80.5250302193211,-155.547899501467,3
TCGA-D3-A2JB-06A,-207.485289009652,-81.2853254639314,-156.734551710861,3
TCGA-D3-A2JE-06A,-202.883570030869,-83.7042232672651,-167.299418990907,3
TCGA-D3-A51F-06A,-202.012962468644,-80.9593248685426,-161.914723834705,3
TCGA-D3-A51H-06A,-207.356119495886,-80.4830071487767,-161.905169491872,3
TCGA-D3-A51J-06A,-206.10446954498,-86.1908163915268,-162.732346433718,3
TCGA-D3-A51K-06A,-208.057463825029,-83.0824148283214,-161.59833819157,3
TCGA-D3-A51R-06A,-207.695538795775,-82.9588767339385,-160.380877730971,3
TCGA-D3-A8GJ-06A,-201.90777188638,-82.0237805013217,-166.366875690725,3
TCGA-D3-A8GP-06A,-203.180581832316,-83.5559426387442,-165.987588377644,3
TCGA-D3-A8GQ-06A,-206.484827626168,-80.5524708856624,-156.33945082584,3
TCGA-D9-A3Z3-06A,-202.426336160063,-81.2069719489505,-167.949053866071,3
TCGA-D9-A4Z6-06A,-201.743697852254,-84.4020703406979,-169.372767893418,3
TCGA-D9-A6E9-06A,-202.010601886823,-81.035786342869,-162.296566850418,3
TCGA-DA-A1I0-06A,-202.822738804535,-83.5709060108108,-167.658758847676,3
TCGA-DA-A1IB-06A,-203.911949115592,-81.9010976660968,-164.291599560059,3
TCGA-DA-A3F8-06A,-202.340555135408,-81.9539205000354,-165.192916790886,3
TCGA-DA-A95V-06A,-208.738786293729,-84.121105511749,-163.481465320513,3
TCGA-EB-A5KH-06A,-205.261638418028,-82.8558325785675,-166.465821236659,3
TCGA-EB-A5SH-06A,-207.601950061151,-84.4131261357141,-164.153196844989,3
TCGA-EB-A5VV-06A,-206.762539462382,-80.7190857181537,-162.105448468902,3
TCGA-EB-A6L9-06A,-207.507233886642,-81.3982370968157,-157.59717146253,3
TCGA-EE-A17Z-06A,-204.658850151475,-82.3074286415525,-167.179290346118,3
TCGA-EE-A20H-06A,-207.299255724933,-85.315371463521,-162.005917151923,3
TCGA-EE-A2GK-06A,-206.776594652427,-80.6257162596209,-162.08080508496,3
TCGA-EE-A2GL-06A,-204.917101444449,-84.707424103826,-164.070165780111,3
TCGA-EE-A2M5-06A,-206.070399499587,-80.829947768589,-155.718801345974,3
TCGA-EE-A2M8-06A,-202.215486080739,-80.06558372342,-156.79724587279,3
TCGA-EE-A2MC-06A,-200.133525867466,-80.1236290188037,-161.72876421596,3
TCGA-EE-A2ME-06A,-205.297037100978,-81.0300089255057,-163.032876457536,3
TCGA-EE-A2MI-06A,-202.593837692932,-79.6401185111297,-155.641900982868,3
TCGA-EE-A2MM-06A,-208.147314196244,-81.015458450275,-155.128727004133,3
TCGA-EE-A2MR-06A,-206.966924528711,-82.052384280097,-161.955711486937,3
TCGA-EE-A3AA-06A,-203.146934831416,-83.8420313785421,-164.139456237521,3
TCGA-EE-A3AC-06A,-207.833289573788,-81.1648388819687,-155.907078362608,3
TCGA-EE-A3AH-06A,-201.947292648804,-79.0833175233438,-155.183555478641,3
TCGA-EE-A3J7-06A,-203.057275272917,-84.3114030500059,-165.940876267728,3
TCGA-EE-A3JD-06A,-207.439895622987,-81.2281795155757,-156.491112462984,3
TCGA-ER-A19T-06A,-201.950387574278,-84.5288217895505,-169.301796884088,3
TCGA-ER-A1A1-06A,-207.048424540841,-80.807945240709,-162.016514015147,3
TCGA-ER-A2NC-06A,-209.377380918976,-83.6549363413399,-161.320606910581,3
TCGA-ER-A42L-06A,-200.549009075843,-79.6506410131274,-159.026281020289,3
TCGA-FR-A7UA-06A,-202.942416669037,-82.2257115331964,-164.943003650464,3
TCGA-FR-A8YC-06A,-208.066324556432,-81.0847554357356,-154.652700742684,3
TCGA-FR-A8YD-06A,-201.602026046696,-84.3046434310496,-169.413165282109,3
TCGA-FS-A1Z4-06A,-206.313861451081,-81.6074114711729,-156.313605046881,3
TCGA-FS-A1ZA-06A,-205.55559631067,-82.8788170130347,-165.629878022358,3
TCGA-FS-A1ZD-06A,-199.801509101989,-79.7633814851092,-160.721820984193,3
TCGA-FS-A1ZJ-06A,-200.94524863051,-84.8097742698348,-170.522484043805,3
TCGA-FS-A1ZQ-06A,-201.369138214608,-84.5745132380568,-169.915932207891,3
TCGA-FS-A1ZR-06A,-198.659958909431,-79.3868891617177,-161.143957311513,3
TCGA-FS-A1ZS-06A,-202.523359816925,-80.2479954522891,-156.385719724534,3
TCGA-FS-A1ZY-06A,-205.741767414876,-85.414899318895,-163.976468483781,3
TCGA-FS-A4F0-06A,-202.579972937795,-83.5288024519131,-166.761492112395,3
TCGA-FS-A4F9-06A,-202.676904678865,-84.6868308519713,-167.669879419179,3
TCGA-FS-A4FB-06A,-199.33933116013,-79.6604037058418,-161.126829792833,3
TCGA-FW-A3I3-06A,-208.319158499895,-81.11212140841,-153.613067703213,3
TCGA-FW-A3TU-06A,-205.203913760369,-82.7416551168604,-166.314445865482,3
TCGA-GF-A3OT-06A,-204.220457563653,-80.3744468805184,-155.615744209938,3
TCGA-GF-A6C8-06A,-206.151705305587,-85.4666103900012,-163.495038115148,3
TCGA-GF-A6C9-06A,-203.878896294168,-80.2852256398797,-155.695449844641,3
TCGA-GN-A262-06A,-207.286283610277,-85.0100981786608,-162.594187747013,3
TCGA-GN-A4U3-06A,-200.423664844633,-79.6422960757134,-159.212252099251,3
TCGA-GN-A4U9-06A,-206.199106281872,-81.595718678762,-155.920959389793,3
TCGA-GN-A8LL-06A,-210.087860494807,-83.5592987291765,-161.155028885134,3
TCGA-QB-A6FS-06A,-204.623006968156,-81.797995163239,-167.711676528648,3
TCGA-RP-A6K9-06A,-206.76443196463,-85.3633412603405,-162.693096273928,3
TCGA-W3-AA1V-06B,-199.811431633771,-79.937123346569,-161.498333690181,3
TCGA-WE-A8ZQ-06A,-202.101586202848,-79.2846038669783,-155.450451840111,3
TCGA-WE-A8ZR-06A,-203.164570659886,-84.3378941344551,-163.815913461915,3
TCGA-XV-AB01-06A,-210.260192293819,-83.6049285282294,-161.0935400766,3
TCGA-YD-A9TA-06A,-205.921739692823,-81.8586358311643,-155.853457530474,3
TCGA-YG-AA3P-06A,-207.614530320417,-84.657341533399,-163.11305300631,3
TCGA-Z2-AA3V-06A,-206.587805854659,-84.5499862096243,-162.858747819302,3
TCGA-D3-A2JO-06A,141.599634804176,-194.894498424033,72.7913464212962,4
TCGA-D3-A51T-06A,140.534573714592,-195.541547796019,73.237058739024,4
TCGA-D3-A8GD-06A,140.385926897191,-195.204577451028,73.0406809706003,4
TCGA-D3-A8GN-06A,139.114546009635,-193.966589874452,72.3177421190017,4
TCGA-D3-A8GV-06A,138.215465527737,-195.675977063915,73.2764350675317,4
TCGA-D9-A6EC-06A,139.232608104361,-196.178782997089,73.8937670601373,4
TCGA-EE-A2A6-06A,139.549051524775,-196.49979775786,73.4863996243298,4
TCGA-EE-A2GU-06A,139.585130625761,-196.284872950321,73.4854143009901,4
TCGA-EE-A2MT-06A,141.93923923496,-195.575666135488,73.4922173446924,4
TCGA-ER-A19G-06A,140.498614839484,-195.573285279383,73.1953675785204,4
TCGA-ER-A3PL-06A,142.84081951781,-195.751484239262,73.8068005430454,4
TCGA-FS-A1ZW-06A,139.019050910419,-195.355436484999,72.926592114224,4
TCGA-FS-A1ZZ-06A,139.504670709908,-195.300998652653,73.0162442888573,4
TCGA-Z2-A8RT-06A,139.727440002508,-194.863787770089,72.5374818848117,4
