Sample,X,Y,Z,Cluster
TCGA-3G-AB0T-01A,1.0292526939422,0.215261754001034,9.83287926788305,1
TCGA-3S-A8YW-01A,-4.14174611805481,0.151251162499834,2.98352793352349,1
TCGA-4V-A9QR-01A,1.25010155317462,0.00688362500445443,9.96605850156382,1
TCGA-4V-A9QW-01A,-2.05850216451475,1.60759994970246,8.76270650264603,1
TCGA-4X-A9F9-01A,-3.3381274158337,2.05499598391033,6.84172850314401,1
TCGA-5G-A9ZZ-01A,-2.99335313984052,-2.44276771721633,3.1720234832412,1
TCGA-5K-AAAP-01A,-1.37992867442458,1.92630048597344,10.2610551654503,1
TCGA-5U-AB0D-01A,-3.8372397958162,-0.18838029240168,3.8653041016471,1
TCGA-5U-AB0E-01A,-0.209985572430646,0.759367475211176,9.20790849553159,1
TCGA-5U-AB0F-01A,-2.6945786895386,1.10799545389453,8.94483888646608,1
TCGA-5V-A9RR-01A,0.939981865009908,0.16288583112409,10.0363671912343,1
TCGA-X7-A8DD-01A,-3.3255027681465,1.99083474459143,6.8797248977403,1
TCGA-X7-A8M5-01A,-1.1777602427954,0.455282810552487,11.0446849942012,1
TCGA-X7-A8M6-01A,-2.81876674534738,0.900296239038098,9.09270177052211,1
TCGA-X7-A8M7-01A,-3.42317705887813,1.89803693356457,6.61844593914426,1
TCGA-XM-A8RG-01A,-2.60319866790801,-4.17048047821917,1.04160705221183,1
TCGA-XM-AAZ1-01A,-3.40954469853721,2.07838693805362,6.84546419843197,1
TCGA-XU-A92O-01A,-3.40873988761274,-1.65225643623815,3.65903773642976,1
TCGA-XU-A92Q-01A,-3.16586114761997,-2.17956058105913,3.31293457621897,1
TCGA-XU-A92T-01A,-2.85539097445546,-3.49975174073016,2.00820096292452,1
TCGA-XU-A92V-01A,-0.881970346950079,-4.62455368969751,3.76563438497879,1
TCGA-XU-A92X-01A,0.663075133705346,0.388903622832552,9.43859780469266,1
TCGA-XU-A936-01A,-4.26063633734639,0.671647191092596,2.69494885505386,1
TCGA-XU-AAXY-01A,-1.33549754988221,1.3401968150378,8.72738968051873,1
TCGA-XU-AAXZ-01A,-1.2511227245645,0.421055927078022,11.00692246751,1
TCGA-XU-AAY0-01A,-2.19721958258769,1.77306467053712,8.26673327335654,1
TCGA-ZB-A964-01A,-2.60500654926521,-4.15313145401243,1.07942603945325,1
TCGA-ZB-A969-01A,-1.12005853376059,-4.27856671563833,3.44019684419679,1
TCGA-ZB-A96A-01A,-3.73892766298514,1.66216859368179,5.7290004889635,1
TCGA-ZB-A96L-01A,-2.59229251513358,-3.19679562499598,2.79680967490113,1
TCGA-ZC-AAA7-01A,-4.21441516611836,0.578184387732257,2.81958808449377,1
TCGA-ZC-AAAH-01A,-3.86885079930534,-0.144168418940865,3.78041848440374,1
TCGA-ZT-A8OM-01A,-2.18241875611933,1.38577366530968,8.8173397184703,1
TCGA-3G-AB0O-01A,-4.45143103542364,7.1560484934297,-5.51728541645439,2
TCGA-3Q-A9WF-01A,-3.37807103002627,4.74393573811443,-4.69091138470641,2
TCGA-3S-AAYX-01A,-2.88800213955321,4.01128651322633,-3.88545247241365,2
TCGA-3T-AA9L-01A,-7.14638969236243,8.44505874854768,-7.81554808492472,2
TCGA-4V-A9QI-01A,-6.72627062005374,8.17100531969955,-7.87289402947631,2
TCGA-4V-A9QT-01A,-3.88989131771202,5.45979497542578,-4.91602607145725,2
TCGA-4V-A9QU-01A,-6.83995706685851,8.12198122874723,-8.15027233919766,2
TCGA-4V-A9QX-01A,-6.66211858950922,7.66531738369793,-7.67176859230033,2
TCGA-X7-A8D7-01A,-4.37561355106453,6.47309367706176,-5.05040171221042,2
TCGA-X7-A8DB-01A,-5.37769600627031,6.41149151537373,-2.96302763975299,2
TCGA-X7-A8DF-01A,-6.93245103720638,6.91428215309524,-1.59894618130211,2
TCGA-X7-A8DG-01A,-6.43419429414646,6.79502603481499,-7.18358791116209,2
TCGA-X7-A8M4-01A,-4.26356884149389,5.94154873075639,-4.67407486483394,2
TCGA-X7-A8M8-01A,-4.14111300874518,8.34403579708799,-5.52464202700161,2
TCGA-XM-A8RD-01A,-2.7684594247777,3.83198707343024,-3.72273515486731,2
TCGA-XM-A8RE-01A,-4.32506522304934,6.00796650960722,-4.36612972881996,2
TCGA-XM-A8RH-01A,-3.37789825752126,4.79940333101238,-5.71587643020706,2
TCGA-XM-A8RL-01A,-4.44031876821684,7.00422229945721,-5.71336179413738,2
TCGA-XU-A92W-01A,-4.35229460936739,8.15280590093269,-5.59455424569565,2
TCGA-XU-A932-01A,-3.09589294637534,2.54943645537971,-0.855248102089939,2
TCGA-XU-AAXX-01A,-6.12929418022291,8.53249403612769,-7.25219651543717,2
TCGA-XU-AAY1-01A,-5.68906355081783,5.88762846414626,-0.962733413279209,2
TCGA-YT-A95E-01A,-6.52423546666255,7.05914461754543,-6.8887626926949,2
TCGA-YT-A95H-01A,-4.99452170723567,5.41067893463607,-7.11856540016866,2
TCGA-ZB-A96B-01A,-5.06419391995647,5.22218141792528,-7.37649272614051,2
TCGA-ZB-A96G-01A,-6.21947680339389,6.48094666583245,-1.56424062297398,2
TCGA-ZB-A96O-01A,-5.76008106422503,6.11802828258685,-1.40959804440519,2
TCGA-ZB-A96R-01A,-5.02291144414282,4.71111380442089,-7.61939564925891,2
TCGA-ZB-A96V-01A,-3.0034069964837,2.6528256111835,-1.15230234841333,2
TCGA-ZC-AAAF-01A,-6.10294238846379,6.64218332826199,-2.19537734378236,2
TCGA-3G-AB0Q-01A,4.34789361819737,-6.30351696613674,3.4632830324007,3
TCGA-3G-AB14-01A,6.85473010846985,-3.60951228922264,4.81532880574681,3
TCGA-3G-AB19-01A,4.09571401241065,-3.0738509611822,1.60387793563226,3
TCGA-4V-A9QJ-01A,6.99786159587816,-6.46774194351194,3.25975798210181,3
TCGA-4V-A9QL-01A,5.41852884144914,-6.61214308832741,6.02002295107516,3
TCGA-4V-A9QM-01A,7.17288352170386,-4.32375217937711,-1.34292606037567,3
TCGA-4V-A9QN-01A,6.87529522525564,-3.94965139014852,4.86866478673106,3
TCGA-4V-A9QS-01A,6.65100856376713,-1.67765093026006,-1.10723424891293,3
TCGA-4X-A9FA-01A,6.84525529110765,-3.11014195413731,4.43927275920106,3
TCGA-4X-A9FB-01A,6.91052603803448,-2.12976815483741,-0.860399786264725,3
TCGA-4X-A9FD-01A,6.55740420757952,-6.05897474553708,4.67163150489317,3
TCGA-X7-A8D8-01A,7.32513271863638,-5.64091640808352,1.53360988692314,3
TCGA-X7-A8M0-01A,5.96591426660888,-6.61884801950286,4.44267013909616,3
TCGA-X7-A8M1-01A,7.21530361371544,-3.70552685886061,-0.0589828593442672,3
TCGA-X7-A8M3-01A,6.4349885181812,-2.67332347984182,5.65701800287056,3
TCGA-XM-A8R8-01A,6.61377096341559,-4.23371198492335,-2.82974578965388,3
TCGA-XM-A8R9-01A,5.80486048162782,-6.60052071743034,5.01527207594203,3
TCGA-XM-A8RB-01A,6.59362690398508,-1.49282661922228,-1.243795928904,3
TCGA-XM-A8RC-01A,7.10348830409801,-6.11505020161337,3.14711130845571,3
TCGA-XM-A8RF-01A,2.91616180921297,-5.23244287368176,-3.9849789755541,3
TCGA-XM-A8RI-01A,1.87578099760568,-5.49618686288581,0.248980978795673,3
TCGA-XM-AAZ2-01A,7.26441926279055,-5.62941831462677,1.85243561467063,3
TCGA-XM-AAZ3-01A,1.97295225925867,-5.21697833527752,2.17672794666146,3
TCGA-XU-A92Y-01A,6.89393077822675,-6.48534994386627,3.44829680544437,3
TCGA-XU-A92Z-01A,3.43098013760079,-5.45987367974315,-2.68213509740897,3
TCGA-XU-A930-01A,6.82758897397184,-2.57618133840093,3.52474400861103,3
TCGA-XU-A931-01A,2.10042197135644,-5.92286389746316,-1.79351808612112,3
TCGA-XU-A933-01A,3.77882638508835,-2.45590464691725,1.16999374023893,3
TCGA-XU-AAXV-01A,7.0622051923677,-4.22566113617852,-1.24867266817322,3
TCGA-YT-A95D-01A,2.08738710589048,-5.96536732504539,-1.96104795929836,3
TCGA-YT-A95G-01A,6.54881029847496,-4.36974461921111,-2.041748709362,3
TCGA-ZB-A961-01A,1.94297877113976,-5.57407254085303,-0.117543957181514,3
TCGA-ZB-A963-01A,7.25350769931692,-4.54879732235383,-0.499185330392188,3
TCGA-ZB-A965-01A,1.60433087898865,-5.03101491523094,1.89636636964107,3
TCGA-ZB-A966-01A,4.01933957270611,-2.7994185193589,1.44178743253829,3
TCGA-ZB-A96C-01A,2.2489044131016,-5.8800319260535,-2.1574899703315,3
TCGA-ZB-A96E-01A,5.70771781843724,-6.70958306369549,4.7183929028197,3
TCGA-ZB-A96F-01A,6.71284227193549,-2.66733309590348,3.20015594041876,3
TCGA-ZB-A96H-01A,1.56488394686467,-4.83662474665584,1.95041223235098,3
TCGA-ZB-A96I-01A,6.3467799093984,-2.82147127908365,2.4282307245709,3
TCGA-ZC-AAAA-01A,7.20702510670358,-3.32336733356163,-0.2088530556469,3
TCGA-ZL-A9V6-01A,2.96132969396734,-5.41882367834479,-3.29248798297977,3
TCGA-4X-A9FC-01A,-0.988230351574747,2.38062767646533,-7.93498021718195,4
TCGA-X7-A8D6-01A,-0.923952038694711,2.06189900457583,-7.85297831571799,4
TCGA-X7-A8D9-01A,0.908959904219466,-0.455447803898943,-8.29651921818885,4
TCGA-X7-A8DE-01A,-0.283090573118704,2.02581936389437,-9.28966681744478,4
TCGA-X7-A8DJ-01A,0.0514532452389745,2.59241992906233,-8.22108147178712,4
TCGA-XH-A853-01A,0.436727853484377,2.86496156084821,-8.46736761890559,4
TCGA-XU-A92U-01A,0.399789879125899,2.77449788447859,-8.53367238869694,4
TCGA-XU-AAXW-01A,-0.458592717906541,1.312367220597,-8.0519636867883,4
TCGA-YT-A95F-01A,0.858234875061577,-0.936603278726775,-7.83366561153901,4
TCGA-ZB-A96D-01A,0.119377288059295,0.573725597700841,-7.90837816697575,4
TCGA-ZB-A96K-01A,0.862244107374576,-1.59201311222913,-7.38876824570431,4
TCGA-ZB-A96M-01A,0.862415156037768,-1.62841651038333,-7.35696391292869,4
TCGA-ZB-A96P-01A,-0.622179024502059,1.94582965619445,-8.44209247674913,4
TCGA-ZB-A96Q-01A,0.247784369947232,0.401358945132293,-7.7029982749015,4
