Sample,X,Y,Z,Cluster
TCGA-18-3409-01A,-7.50575613665778,-9.96012021538842,16.008120632632,1
TCGA-18-3417-01A,-21.9387335376941,2.95544110780833,18.2600268555681,1
TCGA-18-4083-01A,-22.3088123158358,-8.98211350595663,22.1224780562975,1
TCGA-18-4721-01A,-23.9560858477578,-3.47134891197711,18.320106483032,1
TCGA-21-5786-01A,-17.5877850928521,-7.57753390714277,21.6741772802046,1
TCGA-22-1011-01A,-10.2755892441747,-13.0313301270521,25.2747106513826,1
TCGA-22-1016-01A,-17.7436582873413,-1.55006728239628,20.1010407650327,1
TCGA-22-4591-01A,-21.3194512367352,-4.27324714983005,16.6809206159037,1
TCGA-22-4604-01A,-21.9892121140221,2.08681888405026,18.3181645443094,1
TCGA-22-4609-01A,-15.6756916367508,-1.4110960643187,20.707568222748,1
TCGA-22-5477-01A,-22.8496628862904,-8.64887711369565,20.7612840368238,1
TCGA-22-5478-01A,-20.9426290755107,0.0720880215742534,18.9101650383729,1
TCGA-22-5479-01A,-23.6799275924606,-8.79202498697194,18.0261217333004,1
TCGA-22-5480-01A,-11.0104741195729,-8.27979959384646,20.4813858519098,1
TCGA-22-5489-01A,-15.0767415550005,-8.05824260983551,22.0618008285014,1
TCGA-22-5492-01A,-6.37020298007813,-10.695503251106,17.2455154219653,1
TCGA-33-4533-01A,-23.9387766951535,-10.8052806069962,17.8500144245781,1
TCGA-33-4547-01A,-6.92921935582584,-9.98746301741775,17.7077591021198,1
TCGA-33-AASL-01A,-19.2871056761002,-1.87184235861102,18.6105429979658,1
TCGA-34-5231-01A,-16.299066857857,-7.46463206710693,22.0964014384227,1
TCGA-34-5241-01A,-21.9293590920745,3.38252339078673,18.1791141513195,1
TCGA-34-5929-01A,-22.5393753606789,0.837858657722563,16.0033361968208,1
TCGA-34-7107-01A,-23.1430611103928,-10.6970420312859,16.9022700153411,1
TCGA-34-8456-01A,-20.8383631885428,-7.55894393908633,22.485245717998,1
TCGA-37-4129-01A,-24.5836648069148,-4.44734799102475,17.8112205243101,1
TCGA-37-4135-01A,-1.72453775692293,-11.2905662086969,13.6351758352697,1
TCGA-39-5019-01A,-21.8375087741034,0.656841310916775,18.2270824894102,1
TCGA-39-5027-01A,-21.6814069443937,-8.17651570453628,22.3079783123762,1
TCGA-39-5036-01A,-1.7654159417265,-11.3225271483241,13.4504671867705,1
TCGA-43-6770-01A,-21.4321279639522,-6.08852454648493,22.6848142493166,1
TCGA-43-A474-01A,-18.03747145088,-6.41737846684544,22.1266309817365,1
TCGA-43-A56V-01A,-7.6900025428201,-9.46634508526971,18.7642530059064,1
TCGA-46-6026-01A,-21.736714603911,0.0913573376597823,18.3047944004685,1
TCGA-51-4081-01A,-21.9679368548322,-2.5212836243118,15.7670189620847,1
TCGA-56-1622-01A,-18.1804683117188,-6.95197787483151,22.1583883660431,1
TCGA-56-6545-01A,-10.2902856481249,-13.0330413367608,25.2747686394784,1
TCGA-56-6546-01A,-21.5569456378893,-7.15622416647714,22.5349555258112,1
TCGA-56-7222-01A,-13.3617749898149,-10.958314025482,23.1476048494274,1
TCGA-56-7580-01A,-21.9086819283663,-5.77202847346785,21.8352117366891,1
TCGA-56-7730-01A,-22.6967206837613,-8.43569859993993,22.0372479271999,1
TCGA-56-7823-01B,-22.848257577745,-8.75130870298899,20.8803976800019,1
TCGA-56-8309-01A,-10.1586888759584,-8.28826907188381,20.0575781362206,1
TCGA-56-8503-01A,-16.0276103969582,-1.60340166298187,20.6533862206913,1
TCGA-56-8628-01A,-16.2098334241795,-1.7767808821056,20.645532493229,1
TCGA-56-A4BW-01A,-10.2995935058762,-13.0192789047874,25.2688438275519,1
TCGA-56-A4BX-01A,-7.39815425789094,-9.65181592311486,18.4373664021864,1
TCGA-58-8388-01A,-1.57385553718214,-11.0549097787497,15.0200122925143,1
TCGA-58-8392-01A,-22.3448998123859,-1.54138644700273,17.7956541516668,1
TCGA-58-A46N-01A,-23.6538850412446,-10.0163799413237,13.4888382932044,1
TCGA-60-2713-01A,-21.7673330095224,0.446728008701869,18.47817697363,1
TCGA-60-2723-01A,-22.3924719090213,1.19091641626296,18.6713479629825,1
TCGA-63-5128-01A,-20.1733881422966,-0.471987114097811,19.2717280205749,1
TCGA-63-7023-01A,-21.58091157207,-7.72048750135886,22.0255893219781,1
TCGA-63-A5MP-01A,-22.42930190931,-10.947675202333,17.7623794308802,1
TCGA-63-A5MW-01A,-10.2695570285341,-10.4058436653524,21.4143839004379,1
TCGA-66-2782-01A,-3.4418208077374,-10.9594543742637,16.7334253055823,1
TCGA-66-2789-01A,-24.0680817736428,-3.96941583439729,18.3732595249999,1
TCGA-66-2792-01A,-21.3722409819508,-7.67978992463349,21.9795697368603,1
TCGA-66-2793-01A,-22.0090834538609,-7.52252940277307,21.9767691169847,1
TCGA-68-8250-01A,-20.730884126918,-3.56752849792977,20.1376037886156,1
TCGA-77-7139-01A,-22.9965912058321,-9.25706696323976,19.2303197114239,1
TCGA-77-7140-01A,-23.8355074698763,-3.13960396287078,18.4336565288875,1
TCGA-77-7142-01A,-10.487861627726,-9.46594791920697,20.9210130795415,1
TCGA-77-7335-01A,-10.3899140630487,-7.46244744220834,20.5319398880083,1
TCGA-77-7463-01A,-17.2801370892077,-7.18780349315949,22.4610762714756,1
TCGA-77-8009-01A,-1.12965080848206,-10.8873296646293,15.7699683719474,1
TCGA-77-8128-01A,-22.3859633892331,-7.0454135893842,21.4224300450615,1
TCGA-77-8144-01A,-17.4608683691037,-4.71248344807828,21.6216326288982,1
TCGA-77-8148-01A,-22.050023429125,-2.75302939067868,16.7648559763042,1
TCGA-77-8156-01A,-22.1497936718557,-1.10202600346606,18.2134523661331,1
TCGA-77-A5G3-01A,-23.2103048746955,-8.67360283659539,22.8061988474465,1
TCGA-77-A5G6-01A,-10.4399904195698,-9.66216052815481,21.0062125402596,1
TCGA-85-6561-01A,-16.9187370098163,-1.61671919364316,20.4115398575117,1
TCGA-85-7698-01A,-23.1836901857569,-10.8810310424683,16.0360454883634,1
TCGA-85-7950-01A,-11.4585315114115,-8.00451702593838,20.5865459252346,1
TCGA-85-8071-01A,-16.0303757892881,-7.18222329922234,21.9554478361254,1
TCGA-85-8287-01A,-13.3032543647591,-11.0241733546793,23.1735811611008,1
TCGA-85-8350-01A,-6.32540614350838,-11.326559056084,17.1858788991522,1
TCGA-85-A4QR-01A,-24.031805728656,-10.7588686054476,17.8855782990288,1
TCGA-85-A50Z-01A,-19.1933330261801,-1.4518865866067,19.5361963648053,1
TCGA-85-A511-01A,-8.73806956445343,-9.02666091203022,19.7708812356177,1
TCGA-85-A512-01A,-19.2103635423835,-6.54609397584948,22.2126319606291,1
TCGA-85-A5B5-01A,-4.19411030586718,-10.5892407252742,17.0361003100652,1
TCGA-90-7767-01A,-15.9899010236991,-7.54249345713524,22.0924709596512,1
TCGA-92-8063-01A,-3.09788812029901,-11.0547549729242,16.6338684367931,1
TCGA-94-A5I4-01A,-19.7133356430228,-7.01116759065632,22.2218347284806,1
TCGA-96-7544-01A,-10.4404183461932,-7.89241695952485,20.4362704964705,1
TCGA-96-A4JK-01A,-4.46115315626126,-10.3824035982863,17.1284189190949,1
TCGA-NC-A5HG-01A,-17.3517491772822,-5.42521156460823,21.8302030075017,1
TCGA-NC-A5HH-01A,-6.78081340937322,-10.2208603930489,17.1288545837419,1
TCGA-NC-A5HM-01A,-23.2031775029324,-11.0393325953952,15.59170621448,1
TCGA-NC-A5HN-01A,-22.0423369772779,-0.877604071145141,17.2927478184007,1
TCGA-NC-A5HQ-01A,-22.2607588111406,-11.0605267348065,17.681313865665,1
TCGA-NC-A5HR-01A,-1.45099599561775,-10.9429631931076,15.6599273543923,1
TCGA-NC-A5HT-01A,-22.573384638053,1.16782857665378,15.834264059877,1
TCGA-NK-A5CR-01A,-23.4089524154937,-9.52257091383284,18.3470085081249,1
TCGA-O2-A52W-01A,-23.6571150179299,-10.0248674792221,13.453685707946,1
TCGA-18-3408-01A,-12.7928180753373,-5.58262634912517,0.864564705372433,2
TCGA-18-3411-01A,-13.2588423285128,-9.06068774905459,-2.4605025683106,2
TCGA-18-3421-01A,-14.8324047987541,-6.66210897027731,-0.274125331268175,2
TCGA-18-4086-01A,-14.4296784345176,0.267782228943603,-5.14897013938699,2
TCGA-18-5592-01A,-3.20309965243422,-10.1021608319119,-6.85765128252205,2
TCGA-18-5595-01A,-22.8096865831888,-9.77738629293843,-5.53339225323697,2
TCGA-21-1070-01A,-22.6444462324107,-10.1683382545564,5.12073996506372,2
TCGA-21-1071-01A,-18.3027866437531,-11.848838974347,-19.0354176179944,2
TCGA-21-1072-01A,-17.2963590225433,-4.54167987823876,-5.17785784362545,2
TCGA-21-1075-01A,-14.3264785039743,-6.9709751483278,-0.224185937096082,2
TCGA-21-1077-01A,-14.7462392207821,-0.62770053107556,-6.03756076313201,2
TCGA-21-1081-01A,-16.7450230769447,-2.54668320421924,-20.0420782650719,2
TCGA-21-1083-01A,-7.44354190259921,-10.480649991154,-5.88461322386613,2
TCGA-21-5787-01A,-18.0096518262798,-16.4329696257181,-19.8254583038862,2
TCGA-22-0940-01A,-20.475050433485,-10.293178250364,-0.667504094114972,2
TCGA-22-1005-01A,-21.3287957140825,-15.8056269309588,-14.4243995704402,2
TCGA-22-4594-01A,-9.75972682432754,-9.01290708639829,-5.23985969456272,2
TCGA-22-4599-01A,-12.6600364664737,-11.4972594976503,-0.194642876962711,2
TCGA-22-4613-01A,-10.6962245072904,-6.74151694582074,-1.00846754557357,2
TCGA-22-5473-01A,-9.16098471614813,-7.12355089370487,-4.33973391097586,2
TCGA-22-5474-01A,-15.3047802716319,-16.0490683667744,-19.1276235694918,2
TCGA-22-5481-01A,-21.6834218862078,-9.83759053554099,-4.73125392745828,2
TCGA-22-5483-01A,-17.8790353066541,-16.5004354596379,-19.860260353738,2
TCGA-22-5485-01A,-14.8599160144166,-0.76856136604634,-6.16941156770446,2
TCGA-22-5491-01A,-10.4735269131014,-7.63426606409918,-0.153095225243252,2
TCGA-22-A5C4-01A,-15.5955063755115,-0.606671778380718,-22.0367419633254,2
TCGA-33-4532-01A,-8.74051544682193,-6.71800748553079,-2.90042693782059,2
TCGA-33-4538-01A,-21.359694081483,-8.888786359303,-1.25315553242401,2
TCGA-33-4566-01A,-18.6435567675511,-7.476017393938,-12.4980582386729,2
TCGA-33-4582-01A,-8.69130708954502,-7.73224323054706,-4.27373390850943,2
TCGA-33-4583-01A,-16.8914874443804,-4.6381659950318,-4.85612414467282,2
TCGA-33-4586-01A,-12.7129181282997,-0.986456076116539,-3.67961519351508,2
TCGA-33-4587-01A,-19.6832813211101,-15.4016965892542,-10.5207566930614,2
TCGA-33-4589-01A,-22.2135896081359,-9.46677571891658,-1.0408108831037,2
TCGA-33-6737-01A,-20.4505496453002,-14.7148064078642,-19.6408977246483,2
TCGA-33-6738-01A,-19.6169652083278,-15.3927263856932,-19.3349709420934,2
TCGA-33-A4WN-01A,-17.0768034835156,-1.12659609447109,-3.66700420470843,2
TCGA-33-AAS8-01A,-14.6817079990231,0.877280281205046,-5.12110497920578,2
TCGA-33-AASB-01A,-20.973955681688,-14.4969676056176,-19.7818085598406,2
TCGA-33-AASJ-01A,-22.0845643757915,-9.63737358475556,-4.17978812890304,2
TCGA-34-2596-01A,-13.3454539421961,-8.98645395418185,-2.71269141262702,2
TCGA-34-5240-01A,-22.3032711243243,-8.87021503670163,-2.04568740608228,2
TCGA-34-5927-01A,-12.3704224494573,-10.8209944820852,1.38837031119333,2
TCGA-37-4130-01A,-19.4714563798345,-16.2073396806769,-10.8632004493559,2
TCGA-37-4132-01A,-13.2448632392163,-9.25935237003468,-2.42166243129817,2
TCGA-37-4133-01A,-22.5575117729741,-8.68910090052361,-1.6996991720904,2
TCGA-37-4141-01A,-6.97094795477334,-14.4504875842356,-6.6684263253269,2
TCGA-37-5819-01A,-11.4782734611852,-12.3542173724032,-9.69564112036333,2
TCGA-37-A5EL-01A,-12.3819373825581,-12.8736757441743,-11.9493632621174,2
TCGA-37-A5EM-01A,-17.0406789149995,-3.79835783856023,-20.2060099990937,2
TCGA-37-A5EN-01A,-11.7417507645034,-11.6748173085993,-8.76347490386287,2
TCGA-39-5011-01A,-17.0229129445122,-11.1546819777292,-2.63493480681804,2
TCGA-39-5016-01A,-12.9928859096125,-10.8454008122211,-1.80400732986647,2
TCGA-39-5021-01A,-17.5364557021806,-9.32158232571902,-7.25730180431126,2
TCGA-39-5022-01A,-21.3884553566745,-15.2056934507387,-16.9959257885353,2
TCGA-39-5035-01A,-19.764955128448,-10.6787177826259,-0.845649235613223,2
TCGA-39-5037-01A,-4.95390379078918,-10.1111710741821,-6.15176672644468,2
TCGA-39-5040-01A,-17.368434814341,-6.43568440896255,-15.4795605408019,2
TCGA-43-2576-01A,-17.1250835201813,-5.83275813584872,-16.7909535570327,2
TCGA-43-2578-01A,-13.9742023388992,-10.1173197808412,-3.68229400536426,2
TCGA-43-2581-01A,-6.61504774157174,-6.90986553120517,-3.57158147030374,2
TCGA-43-3394-01A,-13.0207933681212,-6.13945255155619,1.03675726859311,2
TCGA-43-3920-01A,-12.8500132405067,-1.22652657757264,-2.49342159711015,2
TCGA-43-5668-01A,-12.5880006111219,-12.6342606297038,-11.8436048095249,2
TCGA-43-5670-01A,-16.7755985466129,-2.19237518877633,-19.1585441896695,2
TCGA-43-6143-01A,-17.0784882917297,-3.91095214587239,-20.3943729803175,2
TCGA-43-6773-01A,-22.9943474699704,-8.51012425735861,-1.91277756338786,2
TCGA-43-7658-01A,-19.7733215392603,-15.8619334055119,-10.8711565670093,2
TCGA-43-8115-01A,-19.9728910561719,-14.2723607872326,-9.6341052738555,2
TCGA-43-8118-01A,-11.4549957935237,-11.4447150707833,-8.43177481438331,2
TCGA-43-A475-01A,-19.4822573473431,-15.526196760702,-19.240184359874,2
TCGA-46-3765-01A,-14.1953908633794,-0.122862679362399,-4.79075131061743,2
TCGA-46-3768-01A,-15.1303895896784,-9.37027907198208,-6.17157653942229,2
TCGA-46-3769-01A,-7.50271901258864,-6.97852587074339,-4.66569929447938,2
TCGA-51-4080-01A,-11.6542630583584,-7.33618510457682,0.174249308265141,2
TCGA-51-6867-01A,-13.4240889350409,-7.71093852590384,-3.49176585435294,2
TCGA-52-7622-01A,-22.7489959944331,-10.0794228042873,3.58415450177177,2
TCGA-52-7809-01A,-17.6861302761024,-6.98438155814223,-13.9361122092424,2
TCGA-56-7223-01A,-17.8051156600856,-16.3084102849794,-19.7204259392214,2
TCGA-56-8201-01A,-13.682267953178,-10.2246125090861,-6.41896852342868,2
TCGA-56-A49D-01A,-13.1680069720007,-12.3659394051457,-12.9011444487872,2
TCGA-56-A4BY-01A,-23.1072118535526,-9.13997496397626,-3.41332686152481,2
TCGA-56-A5DR-01A,-7.01866155543871,-14.5021794854945,-6.64679915852451,2
TCGA-58-8387-01A,-8.29746506217661,-9.83988413982143,-5.19796172083008,2
TCGA-58-A46J-01A,-18.6593236835401,-8.87170281112754,-5.36344153542004,2
TCGA-58-A46K-01A,-20.9736186818699,-12.2816825394338,-19.6112815581261,2
TCGA-58-A46M-01A,-12.5222898949516,-12.3572145244632,-10.3971915322176,2
TCGA-60-2695-01A,-19.7272506141254,-14.4774884246374,-9.82598504194521,2
TCGA-60-2696-01A,-16.7530657488985,-4.5745992708015,-4.86113968795873,2
TCGA-60-2706-01A,-14.9798601067826,-9.5570366249341,-6.1166790112901,2
TCGA-60-2709-01A,-20.9059007918457,-7.35568450441016,-10.8328299151632,2
TCGA-60-2711-01A,-11.1076911100552,-7.43693451161802,0.0987900957056997,2
TCGA-60-2714-01A,-4.75357892546248,-10.2773210125741,-6.31488174403032,2
TCGA-60-2719-01A,-9.77578203175538,-6.20367939706964,-2.44968942848121,2
TCGA-63-5131-01A,-13.1833971909879,-5.03634525989763,1.28002946737118,2
TCGA-63-7022-01A,-10.3746443249923,-9.4629340475367,-5.36812794088792,2
TCGA-63-A5MB-01A,-18.8311542455432,-8.22098713101122,-11.6017450468729,2
TCGA-63-A5MI-01A,-5.36005206116011,-11.9807991031823,-7.12583393476177,2
TCGA-63-A5MJ-01A,-4.82876513206031,-11.0449960967343,-6.69740647436857,2
TCGA-63-A5ML-01A,-22.6984581884579,-9.36579009929279,-4.37864702310506,2
TCGA-63-A5MY-01A,-12.6194763935122,-12.0820915047652,-9.64645522460456,2
TCGA-66-2727-01A,-16.4231487555218,-1.45563976511329,-3.17289735281073,2
TCGA-66-2737-01A,-7.24076968970817,-6.96597721403592,-4.88036518754863,2
TCGA-66-2754-01A,-9.57752423430728,-6.36965491630154,-2.6242166574674,2
TCGA-66-2755-01A,-12.9717886263991,-1.1295292382634,-2.10892630293594,2
TCGA-66-2756-01A,-9.27182032376157,-6.5249788729634,-2.68461221605986,2
TCGA-66-2757-01A,-18.3056883945397,-14.264310451435,-9.84216962101601,2
TCGA-66-2758-01A,-9.32494758215798,-6.86279713314256,-4.10651799289148,2
TCGA-66-2763-01A,-22.991702747238,-9.23376737873935,-4.33712732008646,2
TCGA-66-2766-01A,-16.7111363653623,-1.96852608705145,-2.6193279898647,2
TCGA-66-2770-01A,-12.7178030270773,-1.26785726666248,-2.87424201716052,2
TCGA-66-2771-01A,-8.88189829801713,-7.76404930817259,-4.59005904923628,2
TCGA-66-2778-01A,-13.8567722828733,-0.302524584513773,-4.57697622522967,2
TCGA-66-2781-01A,-12.6261535453645,-0.865426909042946,-4.09022343727702,2
TCGA-66-2783-01A,-22.713775216386,-8.99835626971092,-1.83215414672548,2
TCGA-66-2785-01A,-20.120475906118,-16.2320145597337,-11.3501094155609,2
TCGA-66-2787-01A,-16.0234860269487,-9.3088102411096,-6.06555147750836,2
TCGA-66-2791-01A,-13.7147392400474,-9.44367770914176,-3.01415938962129,2
TCGA-66-2794-01A,-10.8353989003661,-7.61892346117108,1.1033897113524,2
TCGA-66-2795-01A,-12.982894366517,-6.23837779911809,-4.18671725316456,2
TCGA-66-2800-01A,-14.7328758158265,0.949834555928148,-5.08938971080296,2
TCGA-68-8251-01A,-3.47474220385398,-10.0946058098829,-6.80079806817967,2
TCGA-77-6843-01A,-12.6072344173293,-11.4373555328538,0.315425965697176,2
TCGA-77-7141-01A,-11.5717490514671,-0.0608343617979261,-1.8972608229036,2
TCGA-77-8150-01A,-13.4028463127908,-7.39024931038432,-0.338173962369612,2
TCGA-77-A5G7-01B,-5.33847857233255,-11.9642002862123,-7.02370990590809,2
TCGA-77-A5GA-01A,-20.8936791110643,-12.1253617517676,-19.6089718816612,2
TCGA-77-A5GF-01A,-22.0638272367101,-9.91709805102727,-0.2337292397791,2
TCGA-79-5596-01A,-12.2349140302715,-4.80573532702319,0.160418267441204,2
TCGA-85-6560-01A,-13.2656337358259,-12.1529180084083,-9.76447293764904,2
TCGA-85-8052-01A,-22.3997137540008,-9.50857492655786,-1.19057356804879,2
TCGA-85-8070-01A,-18.4919271821974,-9.2294413329065,-5.55887195175071,2
TCGA-85-8288-01A,-16.0635091621362,-4.6288341438207,-4.67017486563969,2
TCGA-85-8354-01A,-8.38073305523823,-6.55434381802316,-4.03501141324153,2
TCGA-85-8584-01A,-20.8432913509362,-14.40185769947,-19.6639262572999,2
TCGA-85-8666-01A,-21.848950260465,-14.8795240599939,-18.269314833453,2
TCGA-85-A4CL-01A,-16.9571207754143,-4.05154138212287,-18.8747310573358,2
TCGA-85-A4CN-01A,-21.0446280835776,-7.30607249806251,-10.7517906499519,2
TCGA-85-A4PA-01A,-21.2352455368939,-15.6310806711971,-14.9515635010487,2
TCGA-85-A510-01A,-17.6605693476712,-13.8055970979055,-9.61702600919223,2
TCGA-85-A513-01A,-6.19258890671496,-7.12747922387208,-3.80996919497902,2
TCGA-85-A53L-01A,-16.8849955815619,-2.45217385114056,-18.3328122518132,2
TCGA-94-7557-01A,-15.7292697551302,-16.0633245970046,-19.2458320297743,2
TCGA-94-7943-01A,-18.0553058967696,-7.16213865317881,-13.0329224117271,2
TCGA-94-8491-01A,-14.7184914696083,-16.0373272544478,-18.9272539084388,2
TCGA-94-A5I6-01A,-21.5089322446328,-15.1076153146362,-17.3069032348021,2
TCGA-96-7545-01A,-21.9132746813168,-16.2088490081771,-13.9902090146226,2
TCGA-98-A53A-01A,-12.7366334398773,-11.9404450906761,1.20787853586824,2
TCGA-98-A53B-01A,-5.09194838315838,-12.1692062267085,-8.53331588231896,2
TCGA-98-A53I-01A,-17.3906156315422,-11.2048785422134,-3.80988020821318,2
TCGA-J1-A4AH-01A,-16.8201327037473,-9.16356349869083,-6.28834066170526,2
TCGA-L3-A4E7-01A,-22.7250928895853,-10.1041832567254,3.81791413351627,2
TCGA-L3-A524-01A,-16.1929827670115,-1.25385214060346,-3.43040269375177,2
TCGA-LA-A446-01A,-17.9953810814535,-7.12090685376955,-13.1966752904573,2
TCGA-LA-A7SW-01A,-16.8411974191284,-2.33556642833779,-18.7093331846137,2
TCGA-NC-A5HD-01A,-11.8418436919436,-11.8383504421937,-8.94973663372918,2
TCGA-NC-A5HE-01A,-19.0383324611943,-7.96257810834015,-11.6380976567495,2
TCGA-NC-A5HJ-01A,-20.1819502626996,-15.1260603639991,-10.4182773725732,2
TCGA-NC-A5HK-01A,-18.7270768723039,-11.9314752179563,-19.303968819869,2
TCGA-NC-A5HL-01A,-17.5512719983203,-6.7991399299756,-14.4754633720052,2
TCGA-NK-A7XE-01A,-16.9786312712498,-5.27657957575527,-17.5836685214529,2
TCGA-O2-A52N-01A,-15.6187951494665,-0.657264586739289,-21.9812536932514,2
TCGA-O2-A52V-01A,-22.2159873348122,-10.0762517946978,0.739450553653939,2
TCGA-O2-A5IB-01A,-19.7322963104015,-15.4165839208845,-10.5172386461624,2
TCGA-18-3410-01A,57.7800938208415,0.0924918619838123,28.2571981695569,3
TCGA-18-3412-01A,57.832600113432,-4.72306806644102,25.1109360157186,3
TCGA-18-3416-01A,57.6368411857685,-5.87313320836978,24.9731269792874,3
TCGA-18-3419-01A,57.0555406822621,-6.142453618651,25.2400521363486,3
TCGA-21-1080-01A,62.9176543151019,-8.11746048945617,20.3933136467481,3
TCGA-22-1002-01A,57.9727187504857,1.24815542433718,33.5119372907668,3
TCGA-22-1017-01A,57.4946421728997,-8.02589069596523,21.7420192098355,3
TCGA-22-4593-01A,60.2051195012369,-4.79665698420403,26.8694545314305,3
TCGA-22-5471-01A,57.4540151502459,-10.0360654126178,23.4760775106199,3
TCGA-22-5472-01A,59.3062422295184,-1.21610175509172,35.6698918710076,3
TCGA-33-A5GW-01A,58.5267568588501,0.626642922777705,38.5223680719938,3
TCGA-33-AASI-01A,58.7087956901341,0.737342039830665,29.6067837759675,3
TCGA-34-2600-01A,56.7224106932487,-0.0430954100086136,25.9943220490505,3
TCGA-34-5232-01A,60.8257821488128,-7.1134979877456,27.7782877943387,3
TCGA-34-5239-01A,57.4321608710105,-0.579868127992657,27.8818339658889,3
TCGA-34-8454-01A,55.765575368014,2.97327369026778,19.64787085621,3
TCGA-34-8455-01A,58.2075179022771,-2.16509970512865,33.688015587829,3
TCGA-39-5029-01A,59.6177184101627,-0.698812761539895,35.0308526898212,3
TCGA-39-5030-01A,56.4972649519956,-0.424119227493534,28.4687153473869,3
TCGA-39-5031-01A,51.2993663461093,-2.55040372236766,29.8510142735636,3
TCGA-39-5034-01A,56.3141473190512,-7.84253664710034,24.3730621774053,3
TCGA-43-7656-01A,60.8667059146355,-4.59696157824095,26.0225678095818,3
TCGA-43-8116-01A,57.5467594674412,-9.1655416163972,24.4716702504084,3
TCGA-46-6025-01A,57.1496455822051,-1.55261056333805,33.3769808928215,3
TCGA-52-7812-01A,57.6962976522396,-1.27900450006135,26.8919415392306,3
TCGA-56-8082-01A,59.0863548876994,-1.82193959467305,25.2138748379489,3
TCGA-56-8083-01A,57.5674921072001,-0.409384007409247,27.6790657940594,3
TCGA-56-8307-01A,56.9267344495674,-9.32969296070088,21.4860428446942,3
TCGA-56-8308-01A,57.8861878293731,1.6798767166746,33.7602570653556,3
TCGA-56-8504-01A,59.6739719030199,-4.67154366624207,26.8508720933993,3
TCGA-56-A5DS-01A,55.7684320281416,2.97944518162403,19.6368419222586,3
TCGA-58-8390-01A,56.6366603130979,-7.28867306982389,24.5847232450557,3
TCGA-58-8393-01A,58.524484723759,0.635814858751844,38.5090083384222,3
TCGA-58-A46L-01A,60.3334191610772,-1.57092535933641,25.3778355086947,3
TCGA-60-2698-01A,56.4257464100225,2.14632681555054,30.0757079375632,3
TCGA-60-2703-01A,56.8827691698433,-4.15971367098767,28.6438527087749,3
TCGA-60-2716-01A,59.9781323614121,-7.61704235435811,25.5482552974698,3
TCGA-60-2721-01A,60.1777743324613,-7.54983951147348,26.1628501961536,3
TCGA-60-2725-01A,57.0210730618455,1.32833611550403,28.652571858561,3
TCGA-60-2726-01A,57.2297214105744,-3.7518293301838,28.0586710101594,3
TCGA-63-6202-01A,58.1026797664622,-7.38106081801539,21.696124788583,3
TCGA-63-7020-01A,55.5687954731194,-0.632116889108556,28.937295497251,3
TCGA-63-A5M9-01A,58.9161630303204,-4.17021351524224,26.7355861375195,3
TCGA-63-A5MS-01A,59.2643090019495,-1.15529306527021,35.3184125143102,3
TCGA-63-A5MU-01A,60.8478348204259,-5.1831210286646,30.7426368688828,3
TCGA-66-2744-01A,56.3536975619206,-3.02603258275053,23.596142413751,3
TCGA-66-2753-01A,56.7916171418744,-9.74271898374681,20.72935544157,3
TCGA-66-2759-01A,53.2851805706297,2.76925294091725,27.9559806948367,3
TCGA-66-2767-01A,57.5498099801116,-9.43670423458709,24.3323321676354,3
TCGA-66-2768-01A,57.3832525193583,0.385609155125322,32.4676946026887,3
TCGA-66-2773-01A,62.0413165815769,-7.4769235815818,26.2038121844712,3
TCGA-66-2786-01A,60.5097560576834,-7.51332477792038,26.822377896171,3
TCGA-66-2790-01A,57.399608654238,0.108372905100332,27.751467740679,3
TCGA-68-A59J-01A,59.2823938727376,-1.22364778607171,36.4857273413772,3
TCGA-70-6723-01A,56.8039486834088,2.16637285523749,29.2496703240073,3
TCGA-77-6842-01A,56.8485478443355,-9.44837751678817,21.6125653549441,3
TCGA-77-6844-01A,60.5978766180473,-7.65798658060645,26.8921005301122,3
TCGA-77-6845-01A,63.8088532403591,-2.11219225417508,24.5241664020646,3
TCGA-77-7465-01A,57.4961574753071,-7.1391772864715,24.6423669469996,3
TCGA-77-8007-01A,60.7586037465264,-5.04772322290276,30.8224827790399,3
TCGA-77-8133-01A,58.1994770539105,-3.12287380814492,27.2568489440117,3
TCGA-77-8138-01A,59.7573842540888,-4.21442796449929,30.8558621167383,3
TCGA-77-8140-01A,58.1936645306264,1.79452241928789,39.2391967065169,3
TCGA-77-8143-01A,57.0471261787174,-6.14555832552412,24.0195001794021,3
TCGA-77-8146-01A,57.684222570852,-2.26468422789438,33.5294877300618,3
TCGA-77-8154-01A,62.8360989257664,-8.14739283070883,20.3451347093675,3
TCGA-77-A5GH-01A,58.2318096199893,-3.07958956776684,29.6647674030339,3
TCGA-85-6175-01A,51.2948687728944,-2.54690225329897,29.8546147828946,3
TCGA-85-7696-01A,59.5677329657016,1.81903117662867,31.0842990911028,3
TCGA-85-7699-01A,57.7031527916004,-1.12811229818135,27.6169418285205,3
TCGA-85-7843-01A,57.516485046694,-1.00258107372115,30.0944330698942,3
TCGA-85-8048-01A,57.0877251526568,-1.840868091287,27.3772505733741,3
TCGA-85-8072-01A,57.3266593997683,-0.888020252082776,26.9479742418721,3
TCGA-85-8276-01A,56.4591891307022,-7.79831196087632,24.4861670154399,3
TCGA-85-8277-01A,56.6653637550208,-4.04515267662293,27.1195112955429,3
TCGA-85-8351-01A,58.2862833113002,1.46760196489743,39.0492690874228,3
TCGA-85-8352-01A,53.4580996067481,2.78699174526533,28.1901987629528,3
TCGA-85-8664-01A,57.344473133031,-0.622431068971104,26.983121834536,3
TCGA-85-A4QQ-01A,57.8490926190274,0.503839081727567,31.6889746179963,3
TCGA-85-A50M-01A,59.4905390606446,-0.549634069245186,34.7236311730755,3
TCGA-90-7766-01A,58.3033067082634,0.663204512364272,29.758626326367,3
TCGA-90-A4ED-01A,56.1249537165549,-6.89351692752112,29.4134618215702,3
TCGA-90-A4EE-01A,56.1395740417254,-6.88084756039103,29.4061698387814,3
TCGA-92-8064-01A,58.0790056634841,-2.34353010116398,28.8970654867458,3
TCGA-94-7033-01A,59.1366744500912,0.329277036951635,33.4854184521787,3
TCGA-94-A4VJ-01A,58.0680264481493,0.431767140551182,30.6979249718844,3
TCGA-96-8169-01A,57.3710179882262,0.232971704533724,32.6667085025172,3
TCGA-96-8170-01A,59.8308232756985,2.05443014292614,31.1668923329929,3
TCGA-98-8023-01A,56.492690484369,-8.39701675655188,23.418940691506,3
TCGA-98-A538-01A,58.3071415055262,-2.24541894768907,33.6907861388191,3
TCGA-MF-A522-01A,58.0899210340502,-3.80142668919269,29.171821264879,3
TCGA-NC-A5HI-01A,53.0239390968528,2.74513778297649,27.5050823031397,3
TCGA-NC-A5HO-01A,57.6599370093175,-1.34599335790298,27.7741595557767,3
TCGA-NK-A5D1-01A,57.4290540414617,-6.96186982822927,24.8584787415794,3
TCGA-O2-A52S-01A,56.9247356930448,-9.38810504750346,22.2391905386425,3
TCGA-18-3406-01A,-6.53704718908142,19.3616614195303,-18.0032118074551,4
TCGA-18-3407-01A,-14.0346885601612,9.67033578907277,-24.0743590099739,4
TCGA-18-3414-01A,0.506161546338084,20.1976602491434,-27.9098343543499,4
TCGA-18-3415-01A,-12.7992828789971,14.7872406544361,-11.2969922149833,4
TCGA-21-1076-01A,-14.7627990134511,13.5602813046886,-21.2163315143268,4
TCGA-21-1078-01A,-3.6815884960056,18.5016304678973,-30.5516843348171,4
TCGA-21-1079-01A,-15.1787428258529,15.4501374844711,-19.0842753005391,4
TCGA-21-1082-01A,-16.4966761005641,12.8317678883015,-15.3833259749388,4
TCGA-21-5782-01A,-0.544668606058595,19.4565937669295,-27.4680047345925,4
TCGA-21-5783-01A,-19.6355293489034,14.6005373981188,-14.8447091211047,4
TCGA-21-5784-01A,-8.22962705776559,15.7836887727447,-21.6220972523574,4
TCGA-21-A5DI-01A,-15.2394680884179,19.695417901016,-20.8119514210578,4
TCGA-22-0944-01A,-15.2836639414202,15.4475464364221,-18.897652197899,4
TCGA-22-1000-01A,-7.91928132088317,18.7955883354408,-26.246251297234,4
TCGA-22-1012-01A,-16.8858280862304,14.1540677304681,-13.7675212615765,4
TCGA-22-4595-01A,-14.3183111599884,14.0746162271946,-20.9276649900704,4
TCGA-22-4596-01A,-7.18546596849198,20.3982338545931,-34.1012350230006,4
TCGA-22-4601-01A,-14.0719649398834,14.0281158899253,-14.225929017817,4
TCGA-22-4605-01A,-8.39075591682217,15.5670301324539,-21.509034109581,4
TCGA-22-4607-01A,-12.9444277379258,13.199598012198,-15.3343832310851,4
TCGA-22-5482-01A,-8.51524628102025,16.5092020591508,-21.0847696995877,4
TCGA-33-AASD-01A,-2.31456049665338,19.5313381618277,-31.1491962783646,4
TCGA-34-2608-01A,-9.18571949056923,13.9187987968365,-25.886899650636,4
TCGA-34-5234-01A,-13.285776758862,14.6156699402718,-10.6487611194996,4
TCGA-34-5236-01A,-13.3205498162072,9.01676485391507,-24.441247600131,4
TCGA-34-5928-01A,-12.4122601688665,9.4652427506804,-24.8696507613907,4
TCGA-34-A5IX-01A,-13.8691577642484,7.29625383101146,-23.9862899662071,4
TCGA-37-3783-01A,-12.8344468682739,14.7681108647722,-11.2901456340702,4
TCGA-37-3789-01A,-11.0265744664789,15.4855680883114,-14.3322744313447,4
TCGA-37-3792-01A,-16.6633638405026,14.4965808283799,-13.3113983847349,4
TCGA-39-5024-01A,-2.57001404698113,19.1882707257256,-31.19768802598,4
TCGA-39-5028-01A,-15.5518138209882,19.9481986664585,-20.8251258791679,4
TCGA-39-5039-01A,-8.21198514271509,13.4960797043828,-30.8720431269348,4
TCGA-43-6647-01A,-8.11783750193653,18.3900043387036,-21.1048523407367,4
TCGA-43-6771-01A,-3.43327513603473,18.7431326255171,-28.3276783948893,4
TCGA-43-7657-01A,-16.1595672143294,13.0559344714546,-15.373867550052,4
TCGA-43-A56U-01A,-13.8387162493214,15.3543957028954,-20.8542003450396,4
TCGA-46-3766-01A,-6.66530586167694,20.0071573903731,-33.7790984291241,4
TCGA-46-3767-01A,-10.6652249529452,12.5735982540809,-25.8875839716285,4
TCGA-51-4079-01A,-10.6927877383711,15.7040206944515,-12.8318090072662,4
TCGA-52-7810-01A,-4.42061912457213,19.2711863422659,-27.495864267621,4
TCGA-52-7811-01A,-6.73908989101836,16.3256920721326,-25.5657464054472,4
TCGA-56-5897-01A,-1.90183326992927,21.3880397242836,-28.9799720879145,4
TCGA-56-5898-01A,-8.25340681595958,17.215003307453,-26.5849243124167,4
TCGA-56-7221-01A,-3.9831928352531,16.1648787802482,-32.8134258883827,4
TCGA-56-7579-01A,-13.5789851120413,8.1214926115356,-23.9434751372532,4
TCGA-56-7582-01A,-4.09305533354661,18.5340501800034,-31.1070187641396,4
TCGA-56-7731-01A,-13.0260456555658,18.1566505790882,-20.1146328970077,4
TCGA-56-7822-01A,-7.42016652640447,16.2073956378611,-26.1184810444716,4
TCGA-56-8304-01A,-6.80393496634019,16.2604995437747,-26.3189254423905,4
TCGA-56-8305-01A,0.0475833058187685,19.8876559503523,-26.9159277097946,4
TCGA-56-8622-01A,-9.61033285244831,13.3955904802907,-26.2138454515959,4
TCGA-56-8623-01A,-7.74053076759287,19.0566217759561,-26.1888207711764,4
TCGA-56-8624-01A,-13.2224054869932,10.4072419116945,-25.3507538272397,4
TCGA-56-8625-01A,-17.0677257713185,11.2287843014081,-15.7365829183638,4
TCGA-56-8626-01A,-3.23586827891596,18.1314782854558,-31.2269644989771,4
TCGA-56-8629-01A,-11.1654949376926,15.5808630826393,-11.6631881885682,4
TCGA-56-A4ZJ-01A,-7.81395431795411,18.854643149123,-26.1749147569809,4
TCGA-56-A4ZK-01A,-16.2149048335349,13.7492880108156,-16.568930947801,4
TCGA-56-A62T-01A,-13.1081208855211,10.4934517817985,-25.8082520852418,4
TCGA-58-8386-01A,-8.91612157864515,13.2223851216151,-27.9277013996241,4
TCGA-58-8391-01A,-2.28191087771145,17.8284420150905,-30.8719583285213,4
TCGA-60-2697-01A,-8.7802085977858,21.8736243962968,-18.3850649539271,4
TCGA-60-2704-01A,-6.26318274841351,20.4702681950433,-17.3496316183293,4
TCGA-60-2707-01A,-3.18929139729279,18.8549390927531,-28.2885097857428,4
TCGA-60-2708-01A,-16.4324281920329,12.4542214852179,-20.9964624825997,4
TCGA-60-2710-01A,-13.7890400446831,14.3040246006906,-12.6604322727628,4
TCGA-60-2712-01A,-6.51166116880615,19.1049180349884,-17.4937193200438,4
TCGA-60-2715-01A,-4.77507004635134,18.8900818162132,-32.1845384101123,4
TCGA-60-2720-01A,-10.2817574077038,15.9186338966263,-20.145322713339,4
TCGA-60-2722-01A,-0.200833125245996,19.6889971005122,-27.5218017615031,4
TCGA-60-2724-01A,-11.2911004563973,15.3179786775159,-14.7961631220487,4
TCGA-63-7021-01A,-5.76640121092546,19.619670170189,-17.5151113871342,4
TCGA-63-A5MG-01A,-14.8358504451081,19.9102452296766,-20.5875498767667,4
TCGA-63-A5MH-01A,-16.8285374366502,12.0525774080631,-14.0067858161949,4
TCGA-63-A5MM-01A,-8.09986435881525,18.4153763288105,-21.1956933049623,4
TCGA-63-A5MN-01A,-8.75234078306009,20.7423836616378,-33.298036083747,4
TCGA-63-A5MR-01A,-15.9781083199207,15.5228652952092,-18.848639594708,4
TCGA-63-A5MT-01A,-1.77323768044303,21.9232074377606,-33.9856425198758,4
TCGA-63-A5MV-01A,-5.76931903931453,19.1303434524153,-17.6527955386392,4
TCGA-66-2734-01A,-8.56245135584146,14.4704699784394,-26.1592126487739,4
TCGA-66-2742-01A,0.672996716220046,20.383237033508,-28.7253850133468,4
TCGA-66-2765-01A,-10.1289920397726,18.1809044557626,-19.3415150029758,4
TCGA-66-2769-01A,-10.5020588373505,15.845003574501,-13.3676973712581,4
TCGA-66-2777-01A,-6.65129715120793,18.587217141481,-16.911218072099,4
TCGA-66-2780-01A,-10.5624442405243,15.7571837471991,-12.4921102801905,4
TCGA-66-2788-01A,-6.48316416523028,19.3572678823032,-17.9377905917466,4
TCGA-68-7755-01A,-11.3196940453638,15.4319941245907,-12.0707986285048,4
TCGA-68-7756-01A,-8.17533905206619,13.5217102499141,-30.9311643927878,4
TCGA-68-7757-01B,-11.801852284147,17.8170459556195,-20.7437633704326,4
TCGA-68-A59I-01A,-13.2473954619822,16.8056085845854,-20.7328439586378,4
TCGA-6A-AB49-01A,-6.15757895411892,16.7209442490844,-17.8426259046917,4
TCGA-70-6722-01A,-4.04085813037266,15.5592729775015,-33.6511833004519,4
TCGA-77-7138-01A,-4.72047218960021,19.3099753132984,-26.6367022032271,4
TCGA-77-7337-01A,-4.05618442559257,15.7061636638137,-33.3609124642889,4
TCGA-77-7338-01A,-7.30028662304181,14.0785658204242,-31.8294333806585,4
TCGA-77-8008-01A,-9.59091948112107,13.5040487341219,-26.010019478456,4
TCGA-77-8130-01A,-7.74433981282952,18.1298563571419,-21.7270828023681,4
TCGA-77-8131-01A,-4.30761103224839,19.1868875249596,-27.7263626875989,4
TCGA-77-8136-01A,-16.2246685666046,14.065066385132,-16.9972789569749,4
TCGA-77-8139-01A,-16.1079378963483,14.6873221127283,-17.6425643188543,4
TCGA-77-8145-01A,-11.4521813782679,17.8356283812105,-20.7900293182655,4
TCGA-77-8153-01A,-16.5621217226643,13.5743589092472,-14.5512450321782,4
TCGA-77-A5FZ-01A,-9.29094578373523,22.4227603271665,-18.4658117424053,4
TCGA-77-A5G1-01A,-13.8184321129089,10.7327774181232,-24.6599413245676,4
TCGA-77-A5G8-01B,-14.3676015321433,11.4973450326032,-23.583522123781,4
TCGA-77-A5GB-01B,-10.3819509922474,15.269710645082,-20.7853792156682,4
TCGA-85-6798-01A,-18.2198027069379,14.1298426409369,-14.2187220975907,4
TCGA-85-7697-01A,-6.37941757067402,16.3559092441448,-25.9631281459298,4
TCGA-85-7710-01A,-13.9200640389666,13.5234696100141,-14.9597352070576,4
TCGA-85-7844-01A,-16.5809566947337,13.3776048406912,-14.5778600535885,4
TCGA-85-8049-01A,-7.84549797225463,20.4110607981917,-33.363330464318,4
TCGA-85-8353-01A,-10.3072080110178,15.5206902551737,-20.4595018845106,4
TCGA-85-8355-01A,-14.8150856463631,20.3411469715852,-20.2804038365046,4
TCGA-85-8479-01A,-14.0668522033546,14.3444955972605,-20.6705641047331,4
TCGA-85-8481-01A,-3.99151631406801,19.2710443744158,-28.1681552282999,4
TCGA-85-8580-01A,-18.3557413483304,14.1385489930125,-14.3814456678888,4
TCGA-85-8582-01A,-3.32917622614313,18.3026440334339,-31.0341036131704,4
TCGA-85-A4JB-01A,-14.0845284122872,19.6546412051817,-20.5844694666015,4
TCGA-85-A4JC-01A,-5.64263398206293,15.8983362154754,-24.9549737381494,4
TCGA-90-6837-01A,-1.91042877639824,19.2342678459576,-27.5226869636255,4
TCGA-90-7769-01A,-15.3047728634949,13.2620533626032,-21.0497325893987,4
TCGA-90-7964-01A,-7.22686388538582,20.5449664041146,-34.4458832004064,4
TCGA-90-A59Q-01A,-9.59671514231003,23.1116674653446,-18.5638204308428,4
TCGA-92-7340-01A,1.55011417042927,20.9339344892139,-29.1933780516331,4
TCGA-92-7341-01A,-13.5986538237189,6.77259213711099,-21.77170607533,4
TCGA-92-8065-01A,-14.0653668527043,10.3319759247455,-24.5054320304332,4
TCGA-94-8035-01A,-13.11169422786,13.3444387576093,-15.2231458377204,4
TCGA-94-8490-01A,-0.0771262465345041,19.8115665494801,-27.0472361195536,4
TCGA-96-A4JL-01A,-1.62791843800312,22.1844476661285,-34.2996905626938,4
TCGA-98-7454-01A,-9.88467368820968,23.4671320353905,-18.7221202184071,4
TCGA-98-8020-01A,-4.32404316602091,18.5456587834751,-27.2439413789451,4
TCGA-98-8021-01A,-10.2461350626647,19.2519458648359,-22.0178381064158,4
TCGA-98-8022-01A,-3.34015647515561,18.6445189524265,-30.2604936960927,4
TCGA-98-A539-01A,-4.7777449919777,16.0160341764604,-25.4720790237248,4
TCGA-98-A53C-01A,-9.19608245473529,22.2955318266042,-18.4457856203394,4
TCGA-98-A53D-01A,-8.17151676664288,18.2674702459885,-21.0755486785265,4
TCGA-98-A53H-01A,-8.60383306387604,21.6714492894893,-18.385480454304,4
TCGA-98-A53J-01A,-7.54473285291354,13.932387272234,-31.5781399005928,4
TCGA-NC-A5HF-01A,-1.48908359979981,19.3474067093529,-27.2256856526382,4
TCGA-NC-A5HP-01A,-6.58901562050938,16.6133842923596,-25.7493303598044,4
TCGA-NK-A5CT-01A,-6.25042362956701,16.4110587321496,-17.99466762245,4
TCGA-NK-A5CX-01A,-10.2260095851245,19.0595172918483,-21.7158353168041,4
TCGA-O2-A52Q-01A,-4.33698873160606,15.9592479665597,-25.4540836859408,4
TCGA-XC-AA0X-01A,-9.01893153681698,13.27081223337,-27.6794852768358,4
