Sample,X,Y,Z,Cluster
TCGA-18-3407-01A,30.5537974391457,-17.2907159304474,152.963107879062,1
TCGA-18-3412-01A,24.925860237295,-14.7304748188231,157.194897460905,1
TCGA-18-3415-01A,32.5027325380555,-14.4781882182499,138.935302445198,1
TCGA-18-3417-01A,39.1015081183184,-17.6454860019159,140.342563466712,1
TCGA-18-3419-01A,30.8187592873872,-19.7656831475783,151.914400737912,1
TCGA-18-3421-01A,36.270895479004,-15.1993947700506,131.964187963899,1
TCGA-18-4086-01A,36.8655820996517,-15.1558681287936,132.620024989896,1
TCGA-21-1070-01A,25.6805892120098,-19.0420490261066,157.325732493125,1
TCGA-21-1071-01A,37.2595511849078,-15.3939286252784,134.171650597606,1
TCGA-21-1076-01A,48.8835594951298,-19.0110992281886,159.257038203004,1
TCGA-21-1078-01A,53.9018348181188,-26.5659154682364,167.407458416427,1
TCGA-21-1079-01A,27.5542221566881,-15.4632420531505,157.704358356474,1
TCGA-21-1082-01A,48.6147465679248,-18.8899183825773,159.127469237965,1
TCGA-21-1083-01A,34.2766368311728,-15.6549851753623,131.152231080426,1
TCGA-21-A5DI-01A,32.1074625091122,-20.4688997975779,153.561850882018,1
TCGA-22-1000-01A,39.6715570544836,-20.7543400602041,154.487611098085,1
TCGA-22-1005-01A,42.5138001954152,-23.2671638926364,153.753641209338,1
TCGA-22-1011-01A,49.3838644796531,-19.2283790832462,159.578606916734,1
TCGA-22-1012-01A,56.9589794302428,-23.6558587709737,171.715393693652,1
TCGA-22-1016-01A,37.462723782796,-20.2975207038067,153.674039687222,1
TCGA-22-4591-01A,51.7249864034173,-26.52394438155,162.974464085528,1
TCGA-22-4594-01A,52.6563029219919,-26.3785307924662,161.184267398096,1
TCGA-22-4595-01A,33.4254933356624,-16.9073144401325,153.451453542405,1
TCGA-22-4599-01A,35.4639527708605,-16.2218748926622,137.253778690426,1
TCGA-22-5471-01A,44.4384079846615,-18.2361794709917,157.042955996072,1
TCGA-22-5472-01A,47.5557637079725,-26.276463093404,160.502264881685,1
TCGA-22-5478-01A,43.2735627706813,-24.9297841311142,155.389252879645,1
TCGA-22-5479-01A,45.805914191405,-16.6963065066616,159.625453562175,1
TCGA-22-5489-01A,32.5066902192403,-22.6636234489197,152.735282551789,1
TCGA-22-5492-01A,41.1747870291777,-23.037981341002,153.527824700707,1
TCGA-22-A5C4-01A,32.0076580784331,-21.3982539857076,152.953923560299,1
TCGA-33-4538-01A,36.1488305709669,-14.0741614083345,151.404475361024,1
TCGA-33-4547-01A,51.980002741276,-26.4185671062495,162.373146700688,1
TCGA-33-4586-01A,33.785637341582,-17.5006407031908,136.207043627495,1
TCGA-33-4587-01A,53.7790256315377,-27.0098686375119,165.190695401706,1
TCGA-33-4589-01A,32.5252145908576,-14.5409769994542,138.869631946594,1
TCGA-33-6737-01A,24.1992534654717,-16.8361638966848,158.498941508295,1
TCGA-33-6738-01A,53.8546217812912,-26.294735290568,166.323127711761,1
TCGA-33-A4WN-01A,57.650545294588,-24.7828154723087,166.621268129969,1
TCGA-33-A5GW-01A,54.5236840062063,-26.3764667624228,168.582446168492,1
TCGA-33-AASB-01A,33.1416395215143,-16.0080979710328,154.41122471419,1
TCGA-33-AASI-01A,42.3967132458854,-14.8596079310294,161.099972114276,1
TCGA-33-AASL-01A,38.672042800185,-15.2434446665563,151.659435778518,1
TCGA-34-2600-01A,55.8548309334303,-25.2620667311243,168.575077269533,1
TCGA-34-2608-01A,45.2532083270613,-23.2941868319875,152.312902820609,1
TCGA-34-5234-01A,38.2260153809065,-17.7704919916564,139.803915296652,1
TCGA-34-5236-01A,31.7724082718996,-16.4043541616367,129.812221059614,1
TCGA-34-5239-01A,41.2375538437337,-15.9523834994658,161.908785326011,1
TCGA-34-5240-01A,38.4688073748771,-17.3653515135958,139.500631863731,1
TCGA-34-5241-01A,30.9382950988413,-19.7478135516537,152.097631035926,1
TCGA-34-5927-01A,58.2633452315991,-23.5181047624312,172.119785007806,1
TCGA-34-5928-01A,38.2499197418865,-26.6539485498279,149.112583029704,1
TCGA-34-5929-01A,56.2744073687915,-24.7607605889757,169.837094852964,1
TCGA-34-A5IX-01A,22.5244938494554,-16.6974713718182,158.372512473779,1
TCGA-37-3783-01A,24.9076502799163,-14.7728913524696,157.202554468342,1
TCGA-37-3792-01A,35.7608515700752,-14.2059789427392,151.583538293393,1
TCGA-37-4129-01A,45.7076064627327,-23.3390742522663,152.034470553686,1
TCGA-37-4133-01A,35.9830220680788,-15.2707772118303,131.863097226975,1
TCGA-37-4135-01A,38.5493664132924,-17.2608024183382,138.824227474445,1
TCGA-37-5819-01A,45.6560041017478,-19.9804447696062,156.347924929025,1
TCGA-37-A5EM-01A,25.0595945291032,-15.8059949829979,159.507709032249,1
TCGA-37-A5EN-01A,60.0579770177115,-20.7025378936862,175.44356915862,1
TCGA-39-5011-01A,42.8288518099717,-27.4225028805407,155.29129822727,1
TCGA-39-5022-01A,41.2512162516467,-19.2371568861172,157.33147185326,1
TCGA-39-5024-01A,41.7571195078824,-22.1721565555813,153.310750119994,1
TCGA-39-5027-01A,45.3926636255771,-19.1994531294824,156.878499018845,1
TCGA-39-5034-01A,53.4897349752225,-26.8630650283867,165.111128374294,1
TCGA-39-5037-01A,52.0588433896458,-23.9117182410626,160.259030859015,1
TCGA-39-5039-01A,43.3928007801054,-22.5348875370732,149.268260995581,1
TCGA-39-5040-01A,59.4680512819232,-20.4504222093275,174.20061780266,1
TCGA-43-2576-01A,42.7761147423382,-25.2660387890041,155.077191310496,1
TCGA-43-2578-01A,39.2262435710922,-28.8456962585235,154.327474673608,1
TCGA-43-3920-01A,38.3671847098577,-17.0757349904923,139.152493000003,1
TCGA-43-5668-01A,50.4605810724075,-25.4578889459609,159.109374492699,1
TCGA-43-6647-01A,39.456269676355,-25.9939193972961,150.601108631656,1
TCGA-43-6770-01A,32.3229974822375,-16.0736435605989,130.312249198677,1
TCGA-43-6771-01A,31.2879798514362,-17.2594891991567,154.020934026062,1
TCGA-43-8115-01A,50.1161042242911,-25.4008046695955,159.140983912252,1
TCGA-43-A56V-01A,43.6701038448433,-16.8843556836147,158.450779188179,1
TCGA-46-3766-01A,44.8127719185401,-23.2198484181646,152.511069874408,1
TCGA-46-3767-01A,41.1046081013658,-22.6217013819507,151.882891672513,1
TCGA-46-3768-01A,39.4963276786305,-17.8272132470403,140.925313450587,1
TCGA-46-3769-01A,38.019371105256,-18.0715897596595,139.943826680939,1
TCGA-46-6025-01A,29.9510991429033,-16.5839024992547,131.96156016752,1
TCGA-46-6026-01A,58.0538989280982,-23.5589475327337,171.989201273973,1
TCGA-51-4081-01A,45.0871201393343,-18.887883263094,157.004849788449,1
TCGA-52-7622-01A,42.1286419688345,-14.9633089555214,161.282890352896,1
TCGA-52-7811-01A,25.199748302587,-18.9207951534723,157.660458663991,1
TCGA-56-6545-01A,39.2135888667311,-28.6500140353632,154.795644024376,1
TCGA-56-6546-01A,48.9823235320131,-26.0168896785398,159.203474225101,1
TCGA-56-7221-01A,58.1928935972268,-23.5618261845595,172.010479260403,1
TCGA-56-7730-01A,33.1264360125662,-14.0802993835993,139.997359047406,1
TCGA-56-7731-01A,41.6852354318724,-24.4879081121217,154.566321676265,1
TCGA-56-7822-01A,26.5940360177168,-17.9716006440223,156.185566985914,1
TCGA-56-7823-01B,61.1715127152462,-22.2751479251289,175.428127945915,1
TCGA-56-8082-01A,59.9829093859474,-20.5653149888433,175.369737657294,1
TCGA-56-8305-01A,34.4253995250717,-16.9382963061306,152.814007771682,1
TCGA-56-8309-01A,42.6392370998627,-23.0329181321373,153.391310872145,1
TCGA-56-8503-01A,37.9640916785235,-28.2591120265324,153.326112993996,1
TCGA-56-8623-01A,41.3964543899187,-28.5005084331203,155.527122004765,1
TCGA-56-8625-01A,46.9631618596021,-25.463357525485,158.025616365357,1
TCGA-56-8628-01A,46.3217159805839,-25.3963789014299,157.780574780284,1
TCGA-56-8629-01A,51.1946512632579,-25.653040626079,158.591084870663,1
TCGA-56-A49D-01A,59.8549326539398,-22.6637375885312,173.903643745818,1
TCGA-56-A4BW-01A,40.2514782572408,-20.294110410234,152.691667025738,1
TCGA-56-A4BX-01A,57.9045888611543,-24.4355706193332,170.555022920506,1
TCGA-56-A4BY-01A,60.3951705709583,-20.9464748487776,175.538971226748,1
TCGA-56-A4ZJ-01A,40.8233569986514,-22.6226750635909,153.265617932568,1
TCGA-56-A5DS-01A,49.7927542233819,-23.8339671974739,159.208659027414,1
TCGA-58-8387-01A,36.495850115383,-15.4380421672395,133.368752494567,1
TCGA-58-8393-01A,24.64341837627,-16.2971507389993,158.776573066759,1
TCGA-58-A46K-01A,29.4982321318476,-16.4468419128338,130.888319598798,1
TCGA-60-2695-01A,39.0088287926592,-27.9579220131641,149.943661955351,1
TCGA-60-2704-01A,23.204230550475,-17.1848531690284,159.102930916917,1
TCGA-60-2707-01A,31.0601574165322,-16.9624214287146,154.04701613002,1
TCGA-60-2709-01A,43.3030280114785,-28.1400991592273,154.871260080614,1
TCGA-60-2710-01A,53.5460833786097,-26.5327616938663,158.958372079811,1
TCGA-60-2711-01A,56.1663804823637,-24.8854116693702,169.597318878128,1
TCGA-60-2713-01A,55.2684628978698,-25.4634716316879,168.754046104956,1
TCGA-60-2714-01A,31.9755398158141,-16.2699640270623,130.110868730234,1
TCGA-60-2719-01A,53.2294771569884,-26.5088335818419,161.363769757049,1
TCGA-60-2721-01A,54.1543203430064,-25.7421784405822,166.630999571911,1
TCGA-60-2725-01A,37.7581700990675,-15.9035048971629,151.615423077123,1
TCGA-60-2726-01A,48.2381829257661,-25.5909477883956,155.574639645497,1
TCGA-63-5131-01A,52.0227318523149,-26.2438637506056,161.901983185143,1
TCGA-63-7020-01A,44.9670842922363,-16.632770473173,159.390012909139,1
TCGA-63-7021-01A,32.0336362398406,-16.1134097697406,153.254843998205,1
TCGA-63-7022-01A,39.1380206245798,-26.6501600311522,154.046536585197,1
TCGA-63-A5ML-01A,44.5112925576776,-32.1614501453791,153.987804443453,1
TCGA-63-A5MN-01A,41.9029572130541,-22.0750283291748,152.653387583751,1
TCGA-63-A5MS-01A,39.8162423419764,-20.3061106360654,152.831595607765,1
TCGA-63-A5MT-01A,25.2160384872655,-15.9405457380405,157.880839621793,1
TCGA-63-A5MU-01A,61.8372364280011,-22.6482869425833,175.828705119263,1
TCGA-63-A5MV-01A,40.2348595991814,-18.1990112169825,142.055524415838,1
TCGA-66-2727-01A,32.0879071672924,-16.9415161757651,133.839055011843,1
TCGA-66-2734-01A,26.4624602556728,-17.1931442367149,156.291454464664,1
TCGA-66-2737-01A,33.7731826466507,-17.1307875015792,137.027577233876,1
TCGA-66-2742-01A,37.3806380067001,-15.1045377953921,133.108805707086,1
TCGA-66-2744-01A,33.0865009556871,-17.3000167171078,138.290481488835,1
TCGA-66-2755-01A,34.239447118256,-19.7299817924902,136.466586606652,1
TCGA-66-2756-01A,55.521818728767,-25.2223822592393,169.450617600139,1
TCGA-66-2758-01A,33.5887832147014,-16.6620849418485,135.564845417608,1
TCGA-66-2763-01A,61.2318303363645,-22.5288827212202,175.314064798265,1
TCGA-66-2765-01A,33.4578003725321,-16.2821669895356,136.757884098754,1
TCGA-66-2766-01A,34.8806303391108,-16.1403009130622,136.695872434972,1
TCGA-66-2767-01A,38.5365957099045,-15.7006051485396,151.662823225075,1
TCGA-66-2768-01A,30.2716813476298,-16.6337904249619,133.210660844292,1
TCGA-66-2769-01A,34.2083540704989,-19.3538600630156,136.471368318136,1
TCGA-66-2771-01A,37.5153356477872,-15.9519841505741,151.667995360821,1
TCGA-66-2778-01A,37.1243263859344,-15.6872214609111,135.146883485685,1
TCGA-66-2783-01A,28.1135758545412,-15.132120132291,157.827576332254,1
TCGA-66-2785-01A,51.1408090901703,-24.7611560600353,158.696976204334,1
TCGA-66-2787-01A,55.3420304511872,-25.9457126030491,171.795562997473,1
TCGA-66-2788-01A,31.6478433301512,-18.8575247095861,153.521928470369,1
TCGA-66-2789-01A,49.3105944007135,-26.0165636569379,159.288003246871,1
TCGA-66-2791-01A,33.7884217961268,-16.9593165375812,137.794260985455,1
TCGA-66-2793-01A,55.2318046150597,-25.1590931090883,168.778804313814,1
TCGA-66-2795-01A,35.319112013383,-15.3758686215404,131.365505799859,1
TCGA-68-7756-01A,24.3515975683046,-18.2993823134009,157.985231084884,1
TCGA-68-7757-01B,43.4651844075556,-24.6585087826411,155.486842929588,1
TCGA-68-8250-01A,55.2309005736257,-25.6853834051082,167.902700926759,1
TCGA-68-A59I-01A,31.9727777151354,-18.5579224434611,153.803393478003,1
TCGA-68-A59J-01A,52.3052766543653,-25.9823898678887,158.090704231294,1
TCGA-6A-AB49-01A,41.3103122460185,-25.2605455450582,149.693317148751,1
TCGA-70-6722-01A,41.1601094400951,-15.3355008269326,162.040765526498,1
TCGA-77-6842-01A,42.7633343328087,-22.3048039084637,153.495599840463,1
TCGA-77-6844-01A,62.8339626543689,-22.9871777172765,176.781313437788,1
TCGA-77-7142-01A,54.791036070845,-25.394120064112,167.112886698823,1
TCGA-77-7335-01A,45.5945994087278,-19.0246143676581,157.209514126535,1
TCGA-77-7338-01A,28.6816171001419,-21.4660746642836,153.011931858189,1
TCGA-77-7463-01A,62.4629716829619,-22.8730132676667,176.437185929843,1
TCGA-77-7465-01A,34.3579563035028,-16.8205651427365,137.691594513603,1
TCGA-77-8008-01A,39.1047392186267,-26.67520131576,149.664765817007,1
TCGA-77-8009-01A,31.3371968283713,-16.7721119688952,132.369603506995,1
TCGA-77-8128-01A,61.5386985630175,-22.5537523209656,175.639814476855,1
TCGA-77-8130-01A,39.5388519610344,-26.7063317381924,148.934710660729,1
TCGA-77-8131-01A,28.8432400430253,-18.7526604453329,155.416384623202,1
TCGA-77-8133-01A,48.4777348324829,-25.3275371339859,157.432709874689,1
TCGA-77-8136-01A,43.4604617452376,-20.3152090773221,154.673328427586,1
TCGA-77-8138-01A,41.7831792963216,-14.5794246018884,161.881815580868,1
TCGA-77-8139-01A,32.0073689016151,-21.6333524365302,152.789957813079,1
TCGA-77-8140-01A,55.4059324451846,-25.6965660820586,172.375276604468,1
TCGA-77-8145-01A,31.8752854776952,-22.157144022177,152.268763946325,1
TCGA-77-8146-01A,40.2959880210258,-25.8839952203284,148.909931699082,1
TCGA-77-8156-01A,44.4839750771159,-32.0923452614044,154.004663551284,1
TCGA-77-A5FZ-01A,39.1870087002082,-20.7482843517404,154.806498840401,1
TCGA-77-A5G1-01A,39.025218146727,-26.3920054757787,153.975254055402,1
TCGA-77-A5G6-01A,51.1187543515698,-26.6075795980209,163.464757215072,1
TCGA-77-A5G8-01B,43.9295368085705,-16.674577453779,158.797422862755,1
TCGA-77-A5GH-01A,38.1402090236891,-16.378304488999,151.861828530053,1
TCGA-85-6175-01A,38.595786363566,-28.08973239503,153.380334202755,1
TCGA-85-7699-01A,41.0858651328803,-15.8521863907409,161.813860299703,1
TCGA-85-7710-01A,30.3236689802437,-21.7339540459285,152.313986713461,1
TCGA-85-7843-01A,38.1437740387273,-14.8232819291141,132.96547946155,1
TCGA-85-7844-01A,41.5263879893947,-25.1301670320899,149.905292788822,1
TCGA-85-8052-01A,59.5436733082984,-19.7429499683683,175.742977779572,1
TCGA-85-8071-01A,58.5148749463376,-24.8928168617636,167.072963764334,1
TCGA-85-8072-01A,38.5328104838611,-28.3419202621284,150.872297570124,1
TCGA-85-8352-01A,54.6836124352482,-26.89117701952,170.63775254679,1
TCGA-85-8479-01A,35.8808345846257,-20.1118511372041,155.398118734188,1
TCGA-85-8481-01A,33.7597754167722,-18.3136706043684,153.545000057958,1
TCGA-85-8580-01A,56.5217388235377,-23.7359861733361,169.431229828991,1
TCGA-85-8584-01A,40.4926323618775,-19.4187184207202,157.125703278846,1
TCGA-85-A4CL-01A,46.1547659535344,-23.4717662141638,152.263310700948,1
TCGA-85-A4JC-01A,40.3832290358243,-18.2701488472625,142.297786636911,1
TCGA-85-A4PA-01A,41.8310541862536,-25.5837730283622,155.597102205925,1
TCGA-85-A4QR-01A,55.1949441222278,-26.1144641223976,171.717237984097,1
TCGA-85-A50M-01A,39.0142115159973,-20.4942412369821,153.437502288066,1
TCGA-85-A50Z-01A,31.5458377384422,-19.2901266730521,153.62731876576,1
TCGA-85-A510-01A,53.9710253796492,-26.3255524286258,166.032891497391,1
TCGA-85-A513-01A,43.1504979348692,-27.2157497787353,155.169986730244,1
TCGA-85-A5B5-01A,47.5820663159855,-26.0720846048416,159.828945257825,1
TCGA-90-6837-01A,36.3231645528834,-20.0553624220747,153.829691997862,1
TCGA-90-7766-01A,56.4781802643971,-23.1487615490968,168.372570111895,1
TCGA-90-A59Q-01A,40.2202645923076,-19.5132625111303,156.980892536114,1
TCGA-92-7340-01A,28.8412812034551,-15.0913447778807,158.882959318185,1
TCGA-92-8063-01A,37.8844800782519,-26.9017277948455,150.70499869575,1
TCGA-94-7557-01A,29.4505769763619,-16.4181941470932,130.662809579324,1
TCGA-94-A4VJ-01A,40.1616844118371,-26.7157064157315,147.940328228081,1
TCGA-94-A5I6-01A,57.55768304544,-25.0438730832127,167.237700001113,1
TCGA-96-7544-01A,58.9512394831109,-24.7241463242076,166.538729098037,1
TCGA-96-8170-01A,38.4804448164341,-17.6495311091903,152.494711122339,1
TCGA-96-A4JL-01A,43.518542711392,-26.553742672921,155.972783340746,1
TCGA-98-7454-01A,24.8474201478559,-16.1266928385617,159.080475633752,1
TCGA-98-8021-01A,53.5464091993844,-27.1501280524638,168.277549420857,1
TCGA-98-A53A-01A,55.9649030174779,-25.0572090417629,169.229904009528,1
TCGA-98-A53B-01A,38.8552452790125,-27.1217058798372,150.011959300837,1
TCGA-98-A53C-01A,41.0942956480085,-28.5843788083491,155.445826380698,1
TCGA-98-A53H-01A,41.9481156098192,-24.7594340933877,154.523491863795,1
TCGA-98-A53I-01A,48.3375855964422,-25.2881558108026,156.415453470712,1
TCGA-98-A53J-01A,26.5901895925287,-16.5057967420013,156.220141356583,1
TCGA-L3-A4E7-01A,38.0354620698079,-20.2061658121825,154.042665529105,1
TCGA-LA-A7SW-01A,40.3776767743045,-15.4639257784083,161.872755634187,1
TCGA-NC-A5HE-01A,42.7204427032672,-21.9889073502003,154.039111176372,1
TCGA-NC-A5HF-01A,25.714973591769,-19.6727757143011,156.5408948658,1
TCGA-NC-A5HI-01A,51.2355985251138,-25.1372956074288,158.628921400994,1
TCGA-NC-A5HJ-01A,41.3282876609425,-25.1846286240265,150.981534164643,1
TCGA-NC-A5HK-01A,34.0876187215029,-17.0894082603393,154.293496307195,1
TCGA-NC-A5HM-01A,43.6625359112553,-17.3279890247344,157.944564192563,1
TCGA-NC-A5HO-01A,32.3437910932082,-16.4852141796139,153.416605540147,1
TCGA-NC-A5HP-01A,44.5243456884148,-32.1110286720755,153.999152484562,1
TCGA-NC-A5HT-01A,40.3765214097124,-27.0030111531864,147.057168098888,1
TCGA-NK-A5CT-01A,31.8923849693007,-17.1129111800178,153.894974302543,1
TCGA-NK-A5CX-01A,25.9111545354688,-19.1657672300119,156.905202646865,1
TCGA-NK-A7XE-01A,31.5874203397023,-16.8348345497553,133.357089515918,1
TCGA-O2-A52Q-01A,28.5842192984937,-15.1915962523575,158.819204641356,1
TCGA-O2-A52S-01A,34.3158999372544,-16.1728890340173,134.185562306945,1
TCGA-O2-A52V-01A,35.7300865842577,-14.3077576917764,151.66858107048,1
TCGA-O2-A52W-01A,27.4800303395883,-15.5457857510435,157.700421478104,1
TCGA-XC-AA0X-01A,22.6278215550248,-16.6688291798358,158.364283153967,1
TCGA-18-3406-01A,-2.34566693738691,26.4875707055463,-211.691307321097,2
TCGA-18-3408-01A,42.6743054582931,2.79839631033911,-193.216644062956,2
TCGA-18-3410-01A,42.5717178218639,1.84758800809996,-192.576861632472,2
TCGA-18-3414-01A,17.1928338105984,25.0267714930124,-210.464407176146,2
TCGA-18-3416-01A,23.5250045840014,23.0360741982397,-209.366861789499,2
TCGA-21-1075-01A,41.8508565637455,3.73480252245027,-193.989377010871,2
TCGA-21-5782-01A,40.3698005707168,5.91898631260215,-198.436603151972,2
TCGA-22-0944-01A,0.936626273924744,24.6302367447493,-210.411407183119,2
TCGA-22-4596-01A,29.6709923277081,16.8571319193003,-208.636618626686,2
TCGA-22-4605-01A,42.5098891898297,5.95343179336111,-199.896024714629,2
TCGA-22-4607-01A,39.5103628645461,6.27046864177763,-193.719359853933,2
TCGA-22-4609-01A,22.2677101730821,21.3814150445219,-210.352624798839,2
TCGA-22-5474-01A,32.5250485710098,17.2844453120154,-208.88238798633,2
TCGA-22-5482-01A,-2.56909103526527,26.5802657160398,-211.765622537121,2
TCGA-33-4582-01A,42.3923241562787,3.17648494859451,-193.511400967822,2
TCGA-33-4583-01A,20.0280426561142,23.7521947194291,-208.281333174624,2
TCGA-33-AASD-01A,15.0076563088221,24.2673986836947,-212.79676790355,2
TCGA-34-5232-01A,17.1646460020658,25.0773493227362,-210.468911937243,2
TCGA-34-8454-01A,22.9080617837127,20.0103186547419,-211.288917917668,2
TCGA-37-3789-01A,0.993229590606422,22.8344040894451,-208.154308614319,2
TCGA-39-5031-01A,25.7430780595216,25.477710594136,-208.90892962991,2
TCGA-39-5035-01A,43.0039811672046,5.97906872238725,-199.824907356949,2
TCGA-43-2581-01A,22.5407013274432,20.7402735524381,-210.620885586686,2
TCGA-43-5670-01A,11.455632990808,23.6359909093843,-209.53210455865,2
TCGA-43-7656-01A,41.1712377569841,5.93991763628888,-199.602840528977,2
TCGA-43-7657-01A,40.0225616376742,5.95617912383084,-198.931739868589,2
TCGA-43-A56U-01A,23.3868081673019,19.4428220929023,-211.842592457823,2
TCGA-51-4079-01A,0.994785371191609,23.1131087031975,-208.512000033455,2
TCGA-51-6867-01A,41.2155627216427,4.38882132684922,-194.661315226856,2
TCGA-52-7812-01A,22.4135582842618,23.0238395777894,-208.583211639742,2
TCGA-56-5897-01A,28.032131899954,17.7977797282181,-209.948871117796,2
TCGA-56-7582-01A,1.46035842538069,25.4009762884958,-211.038976567524,2
TCGA-56-8304-01A,0.0298842690110974,23.3444288285101,-210.736320638136,2
TCGA-56-8504-01A,19.7847041197023,23.520824100212,-208.374499495593,2
TCGA-56-8622-01A,29.8731968983864,16.1709683517554,-208.009803855711,2
TCGA-56-8624-01A,38.4042980212255,5.81212671940905,-199.53792573054,2
TCGA-56-8626-01A,30.5244314590738,15.4432049763292,-207.376231304726,2
TCGA-58-8386-01A,23.1646672402438,19.6623112982486,-211.634105962844,2
TCGA-58-8392-01A,26.1209233227823,25.9242018032293,-208.791837453039,2
TCGA-58-A46L-01A,3.25932985296771,26.8475572792801,-211.019984041243,2
TCGA-58-A46N-01A,21.2970731825973,23.4826747851233,-208.523386307302,2
TCGA-60-2697-01A,28.0875704043727,17.8541628799286,-209.325180400769,2
TCGA-60-2698-01A,19.62637567659,19.1346605386238,-210.296270169005,2
TCGA-60-2703-01A,40.9805165819684,4.62676420573023,-195.130363631502,2
TCGA-60-2712-01A,23.6195763746637,18.3192193653574,-213.633841569546,2
TCGA-60-2715-01A,29.6462169118445,16.9711134666154,-211.981989449527,2
TCGA-60-2723-01A,39.2266154573201,6.66010520000824,-194.494236568908,2
TCGA-63-5128-01A,43.7014998328819,6.07871087529058,-199.768608683001,2
TCGA-63-6202-01A,30.9049798969625,17.0265329518019,-209.16074656706,2
TCGA-63-A5MG-01A,24.5027404834961,18.5145714977052,-212.344099934639,2
TCGA-63-A5MM-01A,19.712070153905,19.1445097217356,-210.332213900976,2
TCGA-63-A5MR-01A,1.85866819162514,25.6440377140569,-210.935066856276,2
TCGA-66-2759-01A,-1.04014671218138,25.9610899967032,-211.352593314311,2
TCGA-66-2770-01A,31.4409984310462,17.1508194091269,-209.045371675577,2
TCGA-77-7138-01A,0.959251071140767,23.624712983168,-209.206596090468,2
TCGA-77-7140-01A,15.385431823195,24.618733203227,-211.936566705912,2
TCGA-77-7337-01A,-0.274711229385146,26.2300118118445,-211.499808090853,2
TCGA-77-A5GA-01A,40.4647420209931,5.96864532936042,-197.367248138292,2
TCGA-77-A5GB-01B,2.35016422248865,25.6539054409444,-211.780027019656,2
TCGA-85-6561-01A,22.5284630342082,22.4786696959934,-209.494962004052,2
TCGA-85-6798-01A,29.5986356067479,16.9729204613713,-211.978803913577,2
TCGA-85-7697-01A,11.8254203142409,23.6593719722378,-209.688114648495,2
TCGA-85-7698-01A,20.6872420298038,23.7399590765183,-208.355470111118,2
TCGA-85-8049-01A,27.3999864485695,18.0451295861004,-210.490954804403,2
TCGA-85-8353-01A,0.908564267155335,24.081166021866,-209.760992529666,2
TCGA-85-8355-01A,23.8711507955759,23.1516056205844,-209.397583068584,2
TCGA-85-8582-01A,38.8882842181278,6.39983581060731,-199.514564030304,2
TCGA-85-8666-01A,1.55195213513568,25.8448193780205,-210.66832347031,2
TCGA-85-A4JB-01A,14.080008896241,24.1758837556967,-213.248060418286,2
TCGA-85-A512-01A,39.3668259577911,6.60525209579208,-195.09577204437,2
TCGA-85-A53L-01A,43.1404805557784,2.878908088391,-193.22778331964,2
TCGA-90-7769-01A,0.621403657522277,23.8723350034279,-210.02020696307,2
TCGA-90-7964-01A,39.7060903062634,6.01008985899597,-199.001902359317,2
TCGA-92-8064-01A,18.6057037618243,24.3871336470275,-210.015935309839,2
TCGA-92-8065-01A,15.390923104154,24.3097917320657,-212.511085840096,2
TCGA-94-8490-01A,15.4637550981371,24.6840100241256,-211.802875291465,2
TCGA-98-8022-01A,23.748776582559,18.5395911417745,-213.077105242494,2
TCGA-98-A538-01A,2.3305154588802,25.415320372616,-212.30761164497,2
TCGA-98-A53D-01A,27.478417606636,18.0303724820077,-210.401125538043,2
TCGA-NC-A5HQ-01A,3.11266974618949,26.7227422355945,-211.099199805741,2
TCGA-18-3411-01A,-88.6953370011142,30.6044376054426,-186.323836651424,3
TCGA-18-4083-01A,-97.4313798154749,41.1807469963261,-188.619186089427,3
TCGA-18-4721-01A,-102.297396131979,40.0421679015864,-183.148196029324,3
TCGA-18-5592-01A,-98.9672311070503,43.439233606649,-186.407827928533,3
TCGA-18-5595-01A,-90.9622327529287,39.2460640816683,-194.75649029983,3
TCGA-21-1072-01A,-92.4712515482889,36.8143731237656,-188.199752037922,3
TCGA-21-1077-01A,-92.0688435680533,37.4733485966407,-187.436969262522,3
TCGA-21-1080-01A,-97.6894759001096,37.6025155629801,-187.549445426242,3
TCGA-21-1081-01A,-96.6798305276263,37.6839326688439,-189.422755161804,3
TCGA-21-5784-01A,-85.6237120455455,38.2167997911791,-190.416022546086,3
TCGA-21-5787-01A,-85.8473531657283,36.5386204357744,-185.521454713706,3
TCGA-22-0940-01A,-89.6030992116667,35.2935206150427,-187.128615729718,3
TCGA-22-1002-01A,-84.8519787466222,37.7093002315045,-184.010962831085,3
TCGA-22-1017-01A,-88.4480362892993,37.9288310920639,-194.762877765747,3
TCGA-22-4593-01A,-77.8588876095466,36.2783944552693,-180.30716255878,3
TCGA-22-4601-01A,-95.7801603127814,40.8684363747866,-192.31497372847,3
TCGA-22-4604-01A,-98.1571922005188,38.4116633007131,-185.723508484681,3
TCGA-22-4613-01A,-92.0469576552329,46.4149887015729,-187.367972177803,3
TCGA-22-5473-01A,-89.3067272771219,36.0894549732154,-188.507030312046,3
TCGA-22-5477-01A,-97.7268432909654,41.1627266127734,-186.250623283816,3
TCGA-22-5481-01A,-91.0920627448066,41.8186158367624,-187.107273731958,3
TCGA-22-5483-01A,-89.675311838231,37.6747546754964,-185.814726215047,3
TCGA-22-5485-01A,-90.7469015341458,33.0926927094144,-187.670921213256,3
TCGA-22-5491-01A,-92.4989964057033,38.1012530243368,-186.951903809856,3
TCGA-33-4532-01A,-88.6276507475033,38.6000452909355,-194.712928712331,3
TCGA-33-4566-01A,-99.247073997673,35.0443115811856,-185.193496576028,3
TCGA-33-AAS8-01A,-84.8639383603159,37.8342781157344,-183.812011257572,3
TCGA-33-AASJ-01A,-98.6719357112598,37.352270641298,-185.962372459015,3
TCGA-34-2596-01A,-85.4741329099166,37.9952152830505,-183.445280700308,3
TCGA-34-5231-01A,-93.9107397459645,46.0654790900427,-187.349799111866,3
TCGA-34-7107-01A,-97.2165366269737,38.3165550474357,-181.231318704168,3
TCGA-34-8455-01A,-88.9036744445619,35.1902697101337,-186.350814502672,3
TCGA-34-8456-01A,-93.8004206378762,46.3396744661281,-186.553989552905,3
TCGA-37-4132-01A,-90.329586400806,36.8568013766364,-190.688497857797,3
TCGA-37-A5EL-01A,-99.5322642664244,39.5370220996559,-183.81319009727,3
TCGA-39-5016-01A,-89.7659095926756,32.1961375903019,-188.024500099614,3
TCGA-39-5019-01A,-90.823665668861,37.9054629048461,-186.513948904798,3
TCGA-39-5021-01A,-87.1652412128425,29.7476897079018,-187.718441685642,3
TCGA-39-5028-01A,-96.7875910037871,38.5562483706139,-186.423869169523,3
TCGA-39-5029-01A,-90.0931325429217,39.0722258468372,-194.895392443135,3
TCGA-39-5036-01A,-98.5660686293742,33.6535555921126,-185.271053386187,3
TCGA-43-3394-01A,-91.1528911600602,46.5970118927539,-187.715881972913,3
TCGA-43-6143-01A,-96.2956413205371,41.6648836078584,-191.480687695963,3
TCGA-43-6773-01A,-77.8782668938321,36.282799332667,-180.305283102146,3
TCGA-43-8116-01A,-95.6535649896584,39.7304606530571,-183.6117413789,3
TCGA-43-8118-01A,-99.3854464897169,42.4159980444319,-180.903906650676,3
TCGA-43-A474-01A,-96.7814398933597,38.388254727305,-186.89102870795,3
TCGA-43-A475-01A,-76.0150215401621,35.184869337605,-180.439674961397,3
TCGA-46-3765-01A,-89.2325436009633,30.8069788968898,-187.091085186473,3
TCGA-51-4080-01A,-89.299582729996,30.6443893090483,-187.284395629969,3
TCGA-52-7810-01A,-98.3227748331663,37.0017190009691,-182.274110768967,3
TCGA-56-1622-01A,-98.6393141853482,33.8008278174302,-185.289884716812,3
TCGA-56-5898-01A,-98.2717043004304,40.5879904870645,-187.541185635792,3
TCGA-56-7222-01A,-96.9172065032761,37.5128919749667,-186.208237020032,3
TCGA-56-7223-01A,-93.0428865536384,31.8936296567533,-188.605650633467,3
TCGA-56-7579-01A,-98.4894534222922,37.450203823315,-188.194588505821,3
TCGA-56-7580-01A,-98.2472527371286,40.6025678009347,-187.345465649568,3
TCGA-56-8201-01A,-98.5070147437384,40.9361507836442,-184.325557299561,3
TCGA-56-8307-01A,-95.1829416831065,39.723492106588,-183.160414295029,3
TCGA-56-8308-01A,-99.5259836541045,39.7085247099833,-187.996390945607,3
TCGA-56-A4ZK-01A,-96.4610173649609,40.9127964302472,-191.475392184304,3
TCGA-56-A5DR-01A,-98.1492830594403,40.3721458627103,-180.718089749631,3
TCGA-56-A62T-01A,-100.588978505304,42.398886795023,-183.280122423156,3
TCGA-58-8391-01A,-97.3859721867218,38.1461536074512,-181.362386557555,3
TCGA-58-A46J-01A,-90.1233789451989,37.9990837829276,-185.795769129688,3
TCGA-58-A46M-01A,-90.958306302857,34.2590887994646,-189.111701885252,3
TCGA-60-2696-01A,-92.8036320141186,37.2633482923931,-187.622151438311,3
TCGA-60-2706-01A,-84.7576992576688,30.8667955762674,-186.911865839561,3
TCGA-60-2708-01A,-92.2902829909508,36.2546382563196,-192.442450616477,3
TCGA-60-2716-01A,-87.7795440507549,39.2756823678788,-194.763578812887,3
TCGA-60-2722-01A,-99.3354046544274,35.4694884727504,-185.081252721527,3
TCGA-60-2724-01A,-96.0737178710222,37.6521652207168,-186.327830630302,3
TCGA-63-7023-01A,-95.4134543736798,39.5847363164926,-184.366268304371,3
TCGA-63-A5M9-01A,-89.5011368828078,32.0560387837926,-187.74643192925,3
TCGA-63-A5MB-01A,-95.7628828012434,44.9174942529363,-184.473337170126,3
TCGA-63-A5MI-01A,-97.6886453746893,41.8570089335297,-182.942062673986,3
TCGA-63-A5MJ-01A,-98.1854195666017,36.8276086276166,-184.459070026511,3
TCGA-63-A5MP-01A,-99.1708456701535,40.9740558778682,-185.786313747159,3
TCGA-63-A5MY-01A,-95.3001973383902,42.9880321317603,-192.061392187832,3
TCGA-66-2753-01A,-91.1366727712536,37.6731916833653,-192.253133438438,3
TCGA-66-2754-01A,-87.8630686942415,38.3628790912713,-183.89594732105,3
TCGA-66-2757-01A,-94.943863356283,39.6481258943602,-181.143358144268,3
TCGA-66-2773-01A,-89.6720453716186,35.3636386372327,-187.167369724517,3
TCGA-66-2777-01A,-91.4916882903204,37.4887397171871,-186.970355722457,3
TCGA-66-2780-01A,-91.7575032138072,36.8717658564182,-192.011490763088,3
TCGA-66-2781-01A,-90.9088740410604,36.7244774354546,-189.911337314217,3
TCGA-66-2782-01A,-85.9705250915955,36.4279149169143,-185.618115147741,3
TCGA-66-2786-01A,-88.1517441546172,36.7978234736315,-194.717914482138,3
TCGA-66-2792-01A,-87.4075659609284,30.0784621494785,-187.52824153688,3
TCGA-66-2794-01A,-100.276574851889,44.1144151291444,-186.595813946941,3
TCGA-66-2800-01A,-91.1097366268434,36.5710906870446,-189.403241898997,3
TCGA-68-7755-01A,-99.532966924041,38.3102495153116,-184.33600493812,3
TCGA-68-8251-01A,-97.9030146041191,40.3006230705513,-185.526432023142,3
TCGA-70-6723-01A,-89.7074475655683,31.9794128026597,-186.372972421089,3
TCGA-77-6843-01A,-92.9562170873321,44.9117863342517,-183.827504876418,3
TCGA-77-6845-01A,-94.1154453779051,47.002698995805,-187.761162575442,3
TCGA-77-7139-01A,-98.0886666839835,37.5969471000672,-186.060870723504,3
TCGA-77-7141-01A,-91.2534519326688,38.3047617535901,-192.230178505588,3
TCGA-77-8007-01A,-88.5584520326678,38.0295860724985,-194.719361379786,3
TCGA-77-8143-01A,-97.6037537894661,37.0310912344724,-190.743179317632,3
TCGA-77-8144-01A,-100.639629485322,42.5184553579625,-183.730734312052,3
TCGA-77-8148-01A,-94.3405080410637,47.1590007563272,-187.815135792646,3
TCGA-77-8150-01A,-102.234280917922,40.0677749272315,-183.217494802304,3
TCGA-77-8153-01A,-100.743508106658,42.7607781434972,-184.065853034276,3
TCGA-77-8154-01A,-97.315820554286,37.2282185846497,-190.252153730034,3
TCGA-77-A5G3-01A,-100.576063420024,42.7985184626918,-184.693687747848,3
TCGA-77-A5G7-01B,-93.9826927159071,45.3154195505194,-187.662973151291,3
TCGA-77-A5GF-01A,-91.2287060931962,33.1991067379421,-188.063887453879,3
TCGA-79-5596-01A,-100.483964544668,43.9553694390784,-184.06447523896,3
TCGA-85-7696-01A,-92.3009627560071,32.7807638019222,-188.61239135351,3
TCGA-85-8070-01A,-95.0976519819179,43.2994001150451,-192.006379855599,3
TCGA-85-8276-01A,-96.234504512922,41.8320397843741,-186.48465250675,3
TCGA-85-8277-01A,-85.9501851278092,30.9547921986365,-187.275918667404,3
TCGA-85-8288-01A,-90.6209105030784,38.5417099572389,-193.46798253676,3
TCGA-85-8351-01A,-97.1603143233064,38.9323701978943,-185.978922747551,3
TCGA-85-8354-01A,-93.7172191615281,38.7288558289345,-191.702741694707,3
TCGA-85-A4CN-01A,-87.3162850205392,38.3698319703551,-183.610581267771,3
TCGA-85-A4QQ-01A,-96.7032002856269,41.4328476150808,-190.845504124988,3
TCGA-90-A4EE-01A,-94.7965619582076,41.3398616047741,-183.140965611174,3
TCGA-92-7341-01A,-99.6171307016277,40.1205747230921,-187.523410647476,3
TCGA-94-7033-01A,-95.6280390376064,42.5151072257939,-186.494175191257,3
TCGA-94-7943-01A,-96.9151161372375,38.6624522887435,-180.887893209747,3
TCGA-94-8035-01A,-90.3821256488497,31.8843051420786,-186.171260300778,3
TCGA-94-8491-01A,-90.2961287133876,39.3505357169123,-195.142895953143,3
TCGA-94-A5I4-01A,-96.9719375306277,44.800770253987,-184.847939258846,3
TCGA-96-7545-01A,-99.2336057860915,38.7704215401273,-188.367414692951,3
TCGA-96-8169-01A,-97.6977112454602,41.9847775008706,-182.652231640826,3
TCGA-96-A4JK-01A,-98.6175694837742,43.5441136118957,-187.071303351555,3
TCGA-98-8020-01A,-96.6137660441762,38.775532701553,-180.475686099432,3
TCGA-98-A539-01A,-100.323875280749,42.4159229922923,-182.588532909812,3
TCGA-J1-A4AH-01A,-96.9825517890812,44.8337599595464,-184.864907280841,3
TCGA-L3-A524-01A,-97.6243359111147,36.7421104190653,-184.388941059134,3
TCGA-LA-A446-01A,-84.0711683844977,37.8225419026349,-184.020750044256,3
TCGA-MF-A522-01A,-93.0948548347535,38.6748868665715,-192.492460118584,3
TCGA-NC-A5HD-01A,-96.8470840702806,41.4272626765392,-190.551724562187,3
TCGA-NC-A5HG-01A,-99.4521772368634,35.96653814266,-184.750901394722,3
TCGA-NC-A5HL-01A,-91.4114738805494,36.0164548205989,-189.528431119128,3
TCGA-NC-A5HN-01A,-98.0444255387423,39.2487900848817,-185.650376864559,3
TCGA-NC-A5HR-01A,-86.1179190263469,31.4482744733891,-187.376873278196,3
TCGA-NK-A5CR-01A,-101.867550347232,42.4488652951954,-184.605974013369,3
TCGA-O2-A52N-01A,-98.5183674734478,43.2655617456004,-186.901397826728,3
TCGA-O2-A5IB-01A,-99.1454957112073,42.0428390052078,-180.834187554805,3
TCGA-18-3409-01A,40.3380980788948,-56.278386078854,152.164843685035,4
TCGA-21-5783-01A,39.4512736365877,-58.9345628599694,152.644654074442,4
TCGA-21-5786-01A,40.5821738917003,-60.1498899903207,150.278447895407,4
TCGA-22-5480-01A,40.3830243202037,-59.3814658802982,151.046275653071,4
TCGA-33-4533-01A,39.0840448341698,-55.9092347351139,154.749074606765,4
TCGA-37-4130-01A,40.0395547915029,-54.582135298082,154.840768579637,4
TCGA-37-4141-01A,40.5204411994925,-56.2033447929307,152.877052686785,4
TCGA-39-5030-01A,38.582906286486,-55.8832222572797,154.827313423726,4
TCGA-43-7658-01A,39.0016858372964,-52.8910049570708,152.930138347426,4
TCGA-52-7809-01A,40.1193885230232,-58.058496707515,152.530232579185,4
TCGA-56-8083-01A,39.858850253465,-57.7657987265842,152.902877143454,4
TCGA-58-8388-01A,38.7099762601099,-57.881052161362,153.038828882396,4
TCGA-58-8390-01A,39.8189891178597,-56.1851633166128,152.953778818472,4
TCGA-60-2720-01A,38.0180591407243,-55.5166785412707,154.064915125155,4
TCGA-63-A5MH-01A,39.1000623260038,-58.1668981034542,154.902930522713,4
TCGA-63-A5MW-01A,40.0096110242702,-58.9389369255883,151.822485911799,4
TCGA-66-2790-01A,41.015013009395,-55.8087604000691,152.822690469162,4
TCGA-85-6560-01A,39.8220844356965,-59.8676321571553,152.297688479629,4
TCGA-85-7950-01A,39.4697705763038,-53.4758604746085,152.110014749176,4
TCGA-85-8048-01A,38.6455325116264,-58.017493319574,153.620764412129,4
TCGA-85-8287-01A,37.9738361492172,-55.5402645388126,153.549344138936,4
TCGA-85-8350-01A,39.1725885517668,-53.1221776395006,152.786886550719,4
TCGA-85-8664-01A,39.8718060227674,-56.9658877739656,153.198043157783,4
TCGA-85-A511-01A,39.6805031309302,-58.6331799636607,153.844390738163,4
TCGA-90-7767-01A,39.7304864586159,-57.7234584986106,153.580689792565,4
TCGA-90-A4ED-01A,40.1215656683385,-55.2847190223158,152.055195520091,4
TCGA-98-8023-01A,39.9848995357815,-59.6377080005718,151.914016623101,4
TCGA-NC-A5HH-01A,40.5537060592293,-59.6904363274527,150.520040678423,4
TCGA-NK-A5D1-01A,39.8579968977685,-59.2982279827321,152.175765936752,4
