Sample,X,Y,Z,Cluster
TCGA-18-3408-01A,-95.8831158245867,-83.8269858776296,-92.2556809391845,1
TCGA-18-3410-01A,-111.903233623046,-71.3965936478192,-96.956489538693,1
TCGA-18-3412-01A,-111.840997256894,-71.4867750046394,-90.2758281683725,1
TCGA-18-3414-01A,-104.0158458076,-64.5250553091139,-83.3693972034929,1
TCGA-18-3415-01A,-110.593752472604,-74.2886064883102,-96.0410954691051,1
TCGA-18-3421-01A,-114.076805093269,-63.7613085691266,-78.2735444365208,1
TCGA-18-4721-01A,-112.67798154978,-77.6396362821501,-89.6456434533238,1
TCGA-18-5592-01A,-102.819510912893,-81.9109272355995,-87.1455368874342,1
TCGA-18-5595-01A,-115.431954183508,-70.8245152647664,-85.9253839237262,1
TCGA-21-1071-01A,-103.632932728743,-69.2523899772565,-96.9907391551076,1
TCGA-21-1078-01A,-109.682648030263,-82.098127937965,-89.3774537938118,1
TCGA-21-1079-01A,-100.192703559965,-77.0894854096297,-97.4401719214864,1
TCGA-21-1080-01A,-96.9815869696303,-78.53922387137,-79.8129480000133,1
TCGA-21-1082-01A,-106.797347382047,-73.2459244333228,-95.5369914485303,1
TCGA-21-1083-01A,-112.004365516466,-54.7948239785064,-79.2544533025489,1
TCGA-21-5782-01A,-104.607220887191,-83.6781780951909,-89.8707320844228,1
TCGA-21-5783-01A,-95.506059583299,-72.6928246336442,-87.7649944651114,1
TCGA-21-5786-01A,-106.508249087938,-74.1424836264007,-85.638528339134,1
TCGA-21-5787-01A,-109.846669163131,-77.994600339957,-82.6509106063063,1
TCGA-22-0944-01A,-109.326682716571,-77.6788284118219,-94.9926868958825,1
TCGA-22-4599-01A,-111.755275221978,-66.6692273132641,-92.5704053879639,1
TCGA-22-4601-01A,-111.217050872416,-81.7487419099173,-90.6421597665519,1
TCGA-22-5471-01A,-102.361655440811,-84.73062109417,-90.0873387834161,1
TCGA-22-5472-01A,-96.5867689930811,-84.8131246529147,-87.5319206957489,1
TCGA-22-5474-01A,-98.9416963972017,-80.8615905436088,-87.8520207795922,1
TCGA-22-5478-01A,-96.2578384644047,-67.62576921452,-82.2833882901568,1
TCGA-22-5480-01A,-110.26050405445,-71.6799423346684,-95.1341846503785,1
TCGA-22-5481-01A,-107.395824213516,-61.3201795595568,-80.177733924893,1
TCGA-22-5482-01A,-110.143919431225,-74.4123278531825,-84.6320511209502,1
TCGA-22-5485-01A,-107.701595147317,-72.8936164943796,-85.0120838911355,1
TCGA-33-4532-01A,-116.558165586508,-71.8650722164618,-78.187193200142,1
TCGA-33-4538-01A,-105.107467506529,-72.9245059473785,-93.4646504435901,1
TCGA-33-4547-01A,-98.6614507662446,-68.7574118262788,-95.9288397838731,1
TCGA-33-4566-01A,-109.874973982855,-63.4870411566049,-88.6736691458318,1
TCGA-33-4583-01A,-103.762610131123,-73.0619567614115,-82.7234461458714,1
TCGA-33-4586-01A,-117.510680419617,-70.5860489361303,-85.1338037194854,1
TCGA-33-4587-01A,-110.486993846069,-79.8536397120833,-91.9026239387763,1
TCGA-33-AAS8-01A,-92.2461230640113,-68.8150547294589,-98.4681752857878,1
TCGA-33-AASB-01A,-107.35887951506,-75.5646544345596,-91.5458895029172,1
TCGA-33-AASI-01A,-114.462572559868,-68.4667916999312,-84.5663169790862,1
TCGA-33-AASL-01A,-120.884094353217,-65.9484312022739,-86.6315202200196,1
TCGA-34-2600-01A,-107.668998880671,-64.7849161020128,-99.4682431696729,1
TCGA-34-5232-01A,-102.754247972016,-78.3960590924133,-90.7325214251133,1
TCGA-34-5236-01A,-99.9977163382938,-79.96489247244,-100.970374208553,1
TCGA-34-5928-01A,-103.041097653729,-73.5300833501419,-99.1545642723836,1
TCGA-34-5929-01A,-116.398461459207,-67.4733693450048,-85.3914520638247,1
TCGA-34-7107-01A,-102.714702481111,-67.267668638125,-87.3549350993818,1
TCGA-34-8454-01A,-98.4334851223565,-81.7410033126947,-88.2634502825862,1
TCGA-37-3792-01A,-116.31869138956,-69.4045417654002,-93.2831323435195,1
TCGA-37-4141-01A,-111.089477371771,-68.802916009127,-92.6214887233259,1
TCGA-37-A5EL-01A,-97.8563011013753,-75.4828671242381,-93.9792201097859,1
TCGA-39-5011-01A,-105.091132764725,-69.2578878820467,-96.2565439177131,1
TCGA-39-5016-01A,-95.8967859020104,-69.046004255934,-87.6336000439959,1
TCGA-39-5021-01A,-120.584221093609,-72.55348281657,-76.7675567717357,1
TCGA-39-5027-01A,-102.548453346001,-67.0990214664295,-81.4931598205751,1
TCGA-39-5028-01A,-113.717614502373,-71.5923677303957,-88.1061680338863,1
TCGA-39-5035-01A,-110.566153733183,-75.8587194794118,-79.4565271308865,1
TCGA-43-5668-01A,-102.210793395889,-83.9285286481074,-84.2126711657087,1
TCGA-43-5670-01A,-96.1948131727969,-65.0413568648728,-85.1889616956374,1
TCGA-43-6143-01A,-109.831405617141,-60.0384851450883,-91.5692209985259,1
TCGA-43-6647-01A,-101.526897457673,-72.8417425560927,-90.1553443725883,1
TCGA-43-6770-01A,-102.765834875445,-79.5098704196861,-91.7726553267534,1
TCGA-43-6773-01A,-104.059670673982,-74.2145597121614,-85.4891182611504,1
TCGA-43-7656-01A,-111.893111719833,-70.7682649702805,-98.1355801174501,1
TCGA-43-7657-01A,-118.104086916931,-77.618264575275,-77.6869911841793,1
TCGA-43-7658-01A,-110.018565945936,-77.6988714670247,-88.7738662233907,1
TCGA-43-8116-01A,-111.598653504073,-68.0721371621524,-96.3049909607385,1
TCGA-46-3768-01A,-108.912118723327,-62.7073318534509,-89.7352056427159,1
TCGA-46-6025-01A,-105.627948103813,-70.3239012248884,-87.5568721119837,1
TCGA-46-6026-01A,-118.122375072278,-62.5460351908671,-82.6207517896895,1
TCGA-51-4081-01A,-100.262541783036,-77.4059042851653,-81.6837069438542,1
TCGA-52-7809-01A,-117.633218443332,-58.6633935497139,-91.9916499297127,1
TCGA-52-7812-01A,-101.920900085692,-79.1157189433753,-87.2799399869319,1
TCGA-56-6545-01A,-107.387552141277,-83.3899519267695,-93.4569182831335,1
TCGA-56-6546-01A,-107.367573211194,-80.5089411043928,-94.0102090043124,1
TCGA-56-7221-01A,-107.22963055645,-65.8870851050384,-85.582508689026,1
TCGA-56-7223-01A,-107.979130002638,-65.1430925242964,-86.1087403082891,1
TCGA-56-8082-01A,-109.32487952287,-66.7113724025362,-91.9665833146439,1
TCGA-56-8201-01A,-96.5729948432411,-69.2535118679573,-87.5488977069089,1
TCGA-56-8304-01A,-109.165508104071,-76.1414105451729,-85.6759729497403,1
TCGA-56-8305-01A,-98.7621474890128,-77.778964978146,-89.4879545790192,1
TCGA-56-8503-01A,-106.108323136103,-80.660193283546,-86.5493743921018,1
TCGA-56-8504-01A,-102.696893437425,-75.2076396839401,-88.7510455363605,1
TCGA-56-A5DR-01A,-112.174884789445,-73.4029159926935,-87.1808471456744,1
TCGA-58-8390-01A,-104.768182730696,-75.560938402207,-85.1034713960644,1
TCGA-58-8391-01A,-98.2669070041768,-73.4415298699424,-78.764131793492,1
TCGA-58-8392-01A,-107.904679307018,-60.2909873944785,-81.6999282044313,1
TCGA-58-A46J-01A,-108.391726147248,-63.912546827646,-88.3489199069818,1
TCGA-58-A46K-01A,-109.513809512017,-66.6154812650743,-102.691897787533,1
TCGA-60-2696-01A,-119.200023883167,-69.2498330734729,-83.4483227162656,1
TCGA-60-2714-01A,-97.3906914791232,-86.1549536876295,-94.3647135034667,1
TCGA-60-2716-01A,-110.33730153179,-89.2645995622248,-81.8401089463129,1
TCGA-60-2719-01A,-108.478782874438,-65.3119196520801,-80.9337728883079,1
TCGA-60-2720-01A,-108.529212274704,-63.0111547542632,-85.1686942723463,1
TCGA-63-5131-01A,-111.227486557998,-59.387653500455,-100.578642173439,1
TCGA-63-6202-01A,-97.2040058267335,-79.5128795037865,-96.1948413092368,1
TCGA-63-7022-01A,-99.5377944681502,-76.0784551609128,-88.2020804714389,1
TCGA-63-A5MG-01A,-105.873114364273,-78.0604155840012,-84.9699603724125,1
TCGA-63-A5MH-01A,-109.920195492119,-72.3938240954718,-85.0081890291804,1
TCGA-63-A5MM-01A,-119.962685124155,-69.290850950925,-85.0196984305237,1
TCGA-63-A5MU-01A,-106.613085067067,-66.4025721591559,-91.6001184041876,1
TCGA-66-2727-01A,-106.259151475935,-59.6858316878309,-75.3884912785616,1
TCGA-66-2734-01A,-98.9566174264706,-80.8320915607503,-93.9958380368834,1
TCGA-66-2737-01A,-107.192491122425,-82.3288445741096,-92.7776833565074,1
TCGA-66-2744-01A,-114.402461447143,-70.1347821510994,-84.847602339162,1
TCGA-66-2755-01A,-116.630267428581,-72.2941348962441,-79.1819720251544,1
TCGA-66-2756-01A,-101.745133269613,-69.6471673752226,-91.1728421446121,1
TCGA-66-2757-01A,-108.450688772381,-79.3877127319828,-86.5954079716484,1
TCGA-66-2759-01A,-106.568721705752,-74.3808316300437,-91.663898005553,1
TCGA-66-2763-01A,-111.636803976342,-72.5673870133886,-80.1918261618399,1
TCGA-66-2769-01A,-108.255300558784,-73.2117704137488,-90.9678224297037,1
TCGA-66-2770-01A,-113.356556249,-69.1482172469808,-86.2920285075443,1
TCGA-66-2777-01A,-91.6872054997098,-69.7382803057727,-95.0897898759736,1
TCGA-66-2786-01A,-99.0021674512952,-66.0093887210227,-79.5625278804413,1
TCGA-66-2791-01A,-101.288810926492,-79.9361389399944,-92.0533980486207,1
TCGA-66-2793-01A,-120.390433459256,-64.1385602072435,-87.0034678982494,1
TCGA-66-2794-01A,-98.8956033485501,-63.628976981775,-80.2085984761256,1
TCGA-66-2795-01A,-114.971323280896,-75.0330710158114,-82.4688081773615,1
TCGA-66-2800-01A,-104.434830881598,-72.3291208044535,-89.7587581995385,1
TCGA-68-7757-01B,-109.821179670381,-81.0416642352212,-86.8638741796359,1
TCGA-77-6842-01A,-106.965098639692,-74.5172959728986,-98.462372893242,1
TCGA-77-6843-01A,-105.052211704822,-84.2952075362516,-92.5284200331559,1
TCGA-77-7140-01A,-105.918288598648,-64.1472103637545,-78.5838715086177,1
TCGA-77-7142-01A,-111.623077422335,-72.5460138330512,-80.6405037602915,1
TCGA-77-7335-01A,-107.944639455498,-84.3370782875465,-86.6690707264221,1
TCGA-77-7337-01A,-107.879981022378,-73.9776725406111,-94.3742449228047,1
TCGA-77-7465-01A,-112.40878704763,-69.9112421617417,-86.5109041476489,1
TCGA-77-8009-01A,-99.4412540603416,-69.3558184299317,-87.4542710575036,1
TCGA-77-8131-01A,-95.9779764631069,-85.6636412951737,-94.8866646306215,1
TCGA-77-8138-01A,-105.980154294509,-78.4844659892918,-95.875745466227,1
TCGA-77-8139-01A,-108.668337923703,-71.6407001956463,-79.5923209226022,1
TCGA-77-8144-01A,-114.464335474651,-70.1970970263513,-84.630160594865,1
TCGA-77-8146-01A,-117.735420324603,-62.6583247674558,-96.621541176484,1
TCGA-77-8148-01A,-104.586131939166,-76.3189381132781,-88.371504414404,1
TCGA-77-8150-01A,-115.397735054321,-65.9692977704337,-91.150002486152,1
TCGA-77-8156-01A,-105.261016427027,-83.9503924323764,-85.9310061112624,1
TCGA-77-A5G6-01A,-112.505809274049,-73.1036431035084,-80.240684155694,1
TCGA-77-A5GA-01A,-108.789141341374,-64.3919419219436,-90.6613712849819,1
TCGA-77-A5GF-01A,-111.052960570325,-83.001816890799,-88.5560578327371,1
TCGA-77-A5GH-01A,-112.215197655455,-70.557787863078,-91.9683972823314,1
TCGA-85-6560-01A,-112.969615122145,-59.7253869637774,-78.478317288671,1
TCGA-85-6561-01A,-111.71087714395,-76.1634992364101,-83.9392456354352,1
TCGA-85-6798-01A,-113.462670984292,-75.2220274955895,-89.3203972333349,1
TCGA-85-7698-01A,-105.635418158343,-84.0430267966597,-94.050353101292,1
TCGA-85-7699-01A,-114.298367269699,-77.9890935796342,-80.3824295268425,1
TCGA-85-7950-01A,-109.749191148834,-73.579610128791,-88.1413027500915,1
TCGA-85-8052-01A,-103.704373433103,-70.2152292023619,-91.3366036859804,1
TCGA-85-8071-01A,-109.988915257715,-58.6879860940094,-81.4239779925384,1
TCGA-85-8072-01A,-110.019506951898,-67.2724292629245,-89.9614045883894,1
TCGA-85-8277-01A,-103.796643102397,-78.0622880038449,-90.565859189414,1
TCGA-85-8287-01A,-117.000771952897,-64.181567439718,-96.7689787096254,1
TCGA-85-8351-01A,-105.479291230776,-72.9209845465697,-87.4710191591469,1
TCGA-85-8580-01A,-108.189703242961,-84.3509692173551,-88.2307769566626,1
TCGA-85-8582-01A,-107.090601330084,-72.104315936838,-95.732492203483,1
TCGA-85-8664-01A,-110.710832544035,-72.8298404501067,-97.8683974083055,1
TCGA-85-A4CL-01A,-110.567751688122,-67.6881207719993,-95.0265747840321,1
TCGA-85-A4CN-01A,-99.9451249998717,-75.7199051621545,-92.4899999140251,1
TCGA-85-A4JC-01A,-116.593059428021,-62.9433028290699,-97.3390410566054,1
TCGA-85-A50Z-01A,-114.024563043635,-66.4677093081682,-86.7299265157594,1
TCGA-85-A511-01A,-107.921490296884,-60.1405956700458,-91.5632055516338,1
TCGA-90-6837-01A,-98.7593523041685,-76.3669350142136,-90.3162401873536,1
TCGA-90-7767-01A,-105.179133056382,-79.812803913554,-95.4741548121304,1
TCGA-90-7769-01A,-107.066047536863,-72.5561963589923,-78.1832375772973,1
TCGA-90-A4ED-01A,-108.369549068458,-64.1600261321735,-84.639051240128,1
TCGA-90-A4EE-01A,-105.899881325398,-58.36071168534,-85.9736470093137,1
TCGA-92-8063-01A,-110.306752605508,-74.8770150962742,-89.9517298234902,1
TCGA-94-7943-01A,-112.758244351945,-82.0127058551955,-80.4089852744088,1
TCGA-94-8035-01A,-105.705984881334,-66.2219788863403,-86.1096344535789,1
TCGA-94-8491-01A,-105.864531087155,-61.1845191634934,-85.9204399080349,1
TCGA-94-A4VJ-01A,-106.569591906325,-59.2233408525427,-97.5180342505482,1
TCGA-96-A4JK-01A,-95.7426479060137,-70.2334201006233,-88.011125537177,1
TCGA-96-A4JL-01A,-109.961017416163,-210.220515272497,-127.236668197051,1
TCGA-98-8020-01A,-112.13053715781,-78.0125774169392,-89.67956006869,1
TCGA-98-8022-01A,-115.704694660816,-55.697964836078,-93.7623264557201,1
TCGA-98-8023-01A,-104.56162253913,-73.5497954274567,-83.9983994304117,1
TCGA-98-A53J-01A,-109.982014257359,-54.8352026596173,-97.0549369246047,1
TCGA-LA-A7SW-01A,-110.367517655619,-68.5518599270773,-78.0562254500378,1
TCGA-NC-A5HF-01A,-113.456874922349,-53.3509018182041,-82.5794852735706,1
TCGA-NC-A5HM-01A,-105.504468663625,-79.9049186546072,-97.4570549816275,1
TCGA-NC-A5HO-01A,-108.523929619784,-68.3796163193949,-90.5444353371854,1
TCGA-NK-A5CX-01A,-96.4850041861143,-78.509653314772,-95.1135436798612,1
TCGA-NK-A5D1-01A,-106.425764613855,-69.6730298383572,-82.4839003310376,1
TCGA-NK-A7XE-01A,-111.139023394054,-65.9823692097755,-84.0039782619204,1
TCGA-O2-A52S-01A,-114.016517459333,-69.1017114195636,-95.9455607762901,1
TCGA-O2-A52V-01A,-96.5290043875592,-76.7529238465611,-84.9376854144291,1
TCGA-O2-A52W-01A,-109.576435908312,-59.7195965138037,-93.0953956114154,1
TCGA-O2-A5IB-01A,-118.82168660568,-60.3689955791641,-95.731207588687,1
TCGA-18-3406-01A,71.5538448045362,60.6745928517725,49.1531053254049,2
TCGA-18-3407-01A,59.5252148615089,39.9871526808045,57.9491144943832,2
TCGA-18-3409-01A,66.8429637263167,45.1181658670676,59.7273044065325,2
TCGA-18-3411-01A,67.9483195110102,47.3646291816686,39.5383159537787,2
TCGA-18-3416-01A,52.7774553958415,41.6223256912149,66.2020171933927,2
TCGA-18-3417-01A,47.7146989513878,49.9371811175927,62.7152589468334,2
TCGA-18-3419-01A,48.5383717356876,57.8530439044758,68.8197099823822,2
TCGA-18-4083-01A,69.0307246291302,47.566787120892,41.3681817028693,2
TCGA-18-4086-01A,62.794713962898,52.5422549735826,55.8904751029054,2
TCGA-21-1070-01A,58.4329618380523,48.350412074569,69.4262158425721,2
TCGA-21-1075-01A,59.8624656872359,54.2412504373464,48.0223403019318,2
TCGA-21-1077-01A,64.5085199290754,62.6969002352601,50.9285497521014,2
TCGA-21-1081-01A,68.7362037868323,47.0996059769975,57.0996807579469,2
TCGA-21-5784-01A,52.9893558614212,35.7023781460943,41.3572011698523,2
TCGA-21-A5DI-01A,51.5844231507301,33.7896560451766,60.4972240569511,2
TCGA-22-0940-01A,68.9654520563614,47.1361863327365,61.1578568440404,2
TCGA-22-1002-01A,54.4713381524937,45.1663197986675,66.6490203241145,2
TCGA-22-1005-01A,75.4938426654592,51.7158999128592,57.5146610533603,2
TCGA-22-1011-01A,80.5190280686802,58.6470412755139,32.6312410127399,2
TCGA-22-1012-01A,63.5910384585053,50.422749983379,50.4341377318315,2
TCGA-22-1016-01A,83.6332591430441,44.387053915422,42.6891347235457,2
TCGA-22-1017-01A,85.0520381899931,52.4501968712101,49.9461607134877,2
TCGA-22-4591-01A,56.8312527607633,40.1817969125189,52.2657155405864,2
TCGA-22-4593-01A,55.1014155162567,53.4303570015532,48.9751556852296,2
TCGA-22-4595-01A,83.04615114314,53.0224841586248,39.2210557769804,2
TCGA-22-4596-01A,70.1261819458284,54.5086704195892,49.9539671687691,2
TCGA-22-4604-01A,60.3978437618381,53.6471717491836,49.1202618987199,2
TCGA-22-4605-01A,68.0396597570209,58.8562413048309,55.5765103372902,2
TCGA-22-4607-01A,49.4326342481289,25.6946837835587,53.2508247706185,2
TCGA-22-4609-01A,68.3016656855293,63.7745798574384,58.5285923475415,2
TCGA-22-4613-01A,44.4376927799613,34.8118837513524,53.0087359084799,2
TCGA-22-5473-01A,50.8075655944384,42.5924191896575,64.5893209800468,2
TCGA-22-5477-01A,51.8466868582215,55.6089507723826,63.5498688997386,2
TCGA-22-5479-01A,56.9252696135929,58.0118739082357,64.4842729711732,2
TCGA-22-5483-01A,66.8174510991688,56.2353040698514,47.3296476701637,2
TCGA-22-5489-01A,64.3305173136422,55.5441103123035,55.0494652381475,2
TCGA-22-5491-01A,72.2498512565297,62.3996321346438,46.9581921261824,2
TCGA-22-5492-01A,69.1171213581941,43.4273143242016,64.2655484242006,2
TCGA-22-A5C4-01A,75.0045001110996,61.0498228670491,56.3681771711043,2
TCGA-33-4533-01A,72.5537419102533,54.4649948698427,45.2923620397537,2
TCGA-33-4582-01A,48.6581280920429,42.6014377346065,65.2151667168375,2
TCGA-33-4589-01A,67.5211558886344,65.2418309664269,44.7990098309563,2
TCGA-33-6737-01A,62.7703674335131,55.6003625338943,56.2855767425414,2
TCGA-33-6738-01A,59.6627504465854,46.8285369191366,70.6635046123403,2
TCGA-33-A4WN-01A,89.6862492063316,53.8357279244753,36.6163178531021,2
TCGA-33-A5GW-01A,59.1084087958503,45.093237667028,64.3052142459294,2
TCGA-33-AASD-01A,65.7166679585777,55.8898999681849,55.5787134945777,2
TCGA-33-AASJ-01A,65.4620737983843,34.8017478770238,49.8477394737378,2
TCGA-34-2596-01A,55.5494301505205,55.8834410712378,64.9737197543693,2
TCGA-34-5231-01A,67.252968183956,60.919405647565,41.6593864979564,2
TCGA-34-5234-01A,64.4724702356298,55.4332240324991,71.4834126484502,2
TCGA-34-5239-01A,67.0068844531662,34.9673579320563,64.8485900030232,2
TCGA-34-5240-01A,57.2609944495338,32.8754177909023,41.6680554696176,2
TCGA-34-5241-01A,60.7974166590664,56.2016620098181,60.8929153177247,2
TCGA-34-5927-01A,60.3749176070777,53.1650054890099,48.3080910088993,2
TCGA-34-8455-01A,52.9340787838087,48.295328904783,75.0741157318404,2
TCGA-34-8456-01A,81.4090969054946,52.1961694507168,42.4762905188504,2
TCGA-34-A5IX-01A,73.7386227287705,56.6381414125997,37.1568630902674,2
TCGA-37-3783-01A,62.3039633988708,32.5167463970908,49.4516654024605,2
TCGA-37-3789-01A,61.5394248748112,54.4301653097127,54.6801233670401,2
TCGA-37-4129-01A,67.9556727115132,52.9866779870359,52.9167203556961,2
TCGA-37-4130-01A,52.8219756510083,33.2145264350239,39.3851909513909,2
TCGA-37-4132-01A,80.6758348413176,45.2378501939112,46.5998099601843,2
TCGA-37-4133-01A,53.0135659167188,30.625214771202,52.0738710421873,2
TCGA-37-4135-01A,55.9318275870784,44.8368908959399,59.743158742099,2
TCGA-37-5819-01A,42.5640363754682,31.7130300122617,54.2268777954906,2
TCGA-37-A5EN-01A,80.852217483782,56.0633319002343,43.8297794162412,2
TCGA-39-5019-01A,53.9129741711205,52.0876412546417,65.3902126647594,2
TCGA-39-5022-01A,70.8309362045971,60.4750618288189,52.0443472728041,2
TCGA-39-5024-01A,55.7545092919395,45.7934501993843,50.749829761614,2
TCGA-39-5029-01A,64.3306203182778,56.4749904466339,66.7206057422726,2
TCGA-39-5030-01A,52.0166279533126,58.3361286298054,68.4147470919081,2
TCGA-39-5031-01A,56.1205776725814,52.7528351699502,50.6596998596063,2
TCGA-39-5034-01A,65.21877549198,52.8637905636524,42.8829250631229,2
TCGA-39-5036-01A,71.5674695284853,59.4668969276025,47.6218199682796,2
TCGA-39-5037-01A,50.0987247320798,37.0304362336317,49.7984748650096,2
TCGA-39-5039-01A,75.1434400024005,61.6311413833628,56.0372162357745,2
TCGA-39-5040-01A,50.6836295722814,38.13441192494,54.3015949884536,2
TCGA-43-2576-01A,85.3505293015989,53.1234112589103,45.6394285815601,2
TCGA-43-2578-01A,80.2546287517606,62.0040043219702,57.8107907140077,2
TCGA-43-2581-01A,71.0376276361862,58.3393630409345,39.7485142156745,2
TCGA-43-3394-01A,55.2683646273365,43.5994216991039,51.3997747457957,2
TCGA-43-3920-01A,56.9282880091896,28.1483461433817,55.3223281560786,2
TCGA-43-8115-01A,55.9739467818909,59.4368177952681,61.5924751718056,2
TCGA-43-8118-01A,72.5212843518571,57.8460079561017,48.6949149973634,2
TCGA-43-A474-01A,52.3515964567542,46.613170751555,51.2295450305533,2
TCGA-43-A475-01A,61.3649222140868,43.7937497044984,63.9625816287647,2
TCGA-43-A56U-01A,69.5183653002185,53.7519492368451,63.2469620575633,2
TCGA-43-A56V-01A,75.8497617679497,56.9177374016141,36.922394203836,2
TCGA-46-3765-01A,67.4970653364831,53.0049435543872,53.8022148019052,2
TCGA-46-3766-01A,76.1852378719848,56.056514194883,40.7341324840676,2
TCGA-46-3769-01A,61.3847320740283,45.7024595352901,54.1396406458742,2
TCGA-51-4079-01A,60.787535964854,49.3564553192964,60.0789026367785,2
TCGA-51-4080-01A,82.6424002860153,47.7960832137535,35.6538793048434,2
TCGA-51-6867-01A,59.7498705923314,56.8337395660421,68.5169995668029,2
TCGA-52-7622-01A,84.1026121481941,55.1639464322453,42.1918627950031,2
TCGA-52-7810-01A,63.8559186377544,43.1812084667723,54.6927968913778,2
TCGA-52-7811-01A,64.4415313563319,56.9688533930166,57.1266080569603,2
TCGA-56-5897-01A,66.0461588044461,60.0096918030701,52.3305718981995,2
TCGA-56-7222-01A,54.2562754814299,39.0552661087151,47.143517535416,2
TCGA-56-7579-01A,56.4340490708854,42.0930238484695,49.7782314857089,2
TCGA-56-7580-01A,60.5697901354104,31.2153304754222,43.8249844367212,2
TCGA-56-7582-01A,67.3053894569082,49.9436213805357,57.935938974647,2
TCGA-56-7730-01A,85.4031399899873,59.9048171094746,48.3465664779326,2
TCGA-56-7731-01A,85.8067682370862,51.1480380765833,41.370848214552,2
TCGA-56-7822-01A,75.1254500281466,48.3648982684625,43.1922021463,2
TCGA-56-7823-01B,55.7247095269063,48.3087894226198,48.4486990331968,2
TCGA-56-8083-01A,64.6692931595118,36.0825325276611,43.3336622799329,2
TCGA-56-8307-01A,49.2459562140158,39.5347744160061,47.8873918236199,2
TCGA-56-8308-01A,79.7108934401137,54.8266119912444,45.4679439835202,2
TCGA-56-8622-01A,84.5514320905685,50.710109793236,48.8443478012178,2
TCGA-56-8623-01A,67.9618081383666,52.0706935472909,54.4293136658188,2
TCGA-56-8624-01A,80.8918388717233,43.7896204804197,58.1951318501386,2
TCGA-56-8625-01A,80.828876522998,55.9420747801896,43.3003964508396,2
TCGA-56-8626-01A,85.7007009803356,53.6026745889273,57.23229210422,2
TCGA-56-8628-01A,65.4362875309924,56.4192501836164,45.8407121751345,2
TCGA-56-8629-01A,43.4403996668619,24.6261922866075,45.9990620306613,2
TCGA-56-A49D-01A,49.6132789426711,26.4599573854623,44.0335560342004,2
TCGA-56-A4BW-01A,78.2731636288403,60.1755179015884,43.5402214380432,2
TCGA-56-A4BX-01A,62.5442709315137,42.798614136818,45.503900402213,2
TCGA-56-A4BY-01A,66.3935469467321,52.6310244970992,60.0966415484685,2
TCGA-56-A4ZJ-01A,59.4319866807367,51.5553469294383,58.9270467638248,2
TCGA-56-A4ZK-01A,63.4344138730309,62.1949766191963,59.0020089999137,2
TCGA-56-A5DS-01A,58.7161464079205,31.3806718263957,51.3298507706201,2
TCGA-56-A62T-01A,62.4100448421118,57.3494539909557,49.2490394782213,2
TCGA-58-8386-01A,77.0521307186563,49.2770094204074,45.6542246709149,2
TCGA-58-8387-01A,53.9658577119224,37.292843519051,53.9219950242157,2
TCGA-58-8388-01A,54.6173791105308,46.1506415182232,63.6442870317957,2
TCGA-58-8393-01A,80.0644967525547,53.5457899486384,46.0560883061827,2
TCGA-58-A46L-01A,61.9288449606497,43.1911959462017,44.8490171763775,2
TCGA-58-A46M-01A,66.9193146289445,48.5489378827265,56.7513894768104,2
TCGA-58-A46N-01A,62.2458052459164,48.600370918627,49.1182849542158,2
TCGA-60-2695-01A,59.7453761952239,37.0279979924963,55.4586034685903,2
TCGA-60-2697-01A,85.6921670205965,52.7579515319447,50.4905762432342,2
TCGA-60-2698-01A,73.3666180328679,58.053767136572,57.0054975246788,2
TCGA-60-2703-01A,79.9242799342017,55.4956665407553,31.1944888219833,2
TCGA-60-2704-01A,57.3820893994165,50.9228851045968,55.9090288840961,2
TCGA-60-2706-01A,73.1412016566604,55.4269274780921,58.3545604311919,2
TCGA-60-2707-01A,79.2746760643336,55.6427264751775,51.5495780579116,2
TCGA-60-2708-01A,68.5055863511675,41.1199080447054,51.0454548008963,2
TCGA-60-2710-01A,76.6843084698166,51.67311097888,39.7368993555216,2
TCGA-60-2711-01A,63.4273325550793,64.2793728567279,47.8893781769941,2
TCGA-60-2712-01A,57.4548341172359,39.4306536803243,51.604488287505,2
TCGA-60-2713-01A,71.9055337965874,58.310455648072,49.8432619033787,2
TCGA-60-2715-01A,71.4769512459384,49.4669479044044,53.74287143811,2
TCGA-60-2721-01A,60.2626597085249,37.6098711788881,59.6027611704712,2
TCGA-60-2722-01A,75.029205722897,50.0625639813834,35.0994435305106,2
TCGA-60-2723-01A,57.5081343373522,54.0546495393072,70.6461050094371,2
TCGA-60-2724-01A,47.0924833173151,56.3910292464772,70.0111498310417,2
TCGA-60-2725-01A,62.3349292929286,48.2626785339885,60.0643827750449,2
TCGA-60-2726-01A,63.747774994351,33.1664142227088,50.2343652251006,2
TCGA-63-5128-01A,62.562721745475,55.4425495081026,56.4715076455756,2
TCGA-63-7020-01A,81.4899314650322,54.7169564901007,33.4077722721582,2
TCGA-63-7021-01A,85.7409874121978,55.7881079866028,49.7861016145853,2
TCGA-63-7023-01A,69.4768849024718,40.4327092852248,55.1808129790279,2
TCGA-63-A5M9-01A,50.3941482148436,32.0575637096338,46.0790860021439,2
TCGA-63-A5MB-01A,61.0461229504025,56.5349769493004,62.406036145086,2
TCGA-63-A5MI-01A,50.085217541877,44.437388449487,45.9662817002963,2
TCGA-63-A5MJ-01A,53.4664762599553,37.5365343412574,47.8707920712931,2
TCGA-63-A5ML-01A,59.5297989126899,38.5605006327673,61.501518085543,2
TCGA-63-A5MN-01A,81.4065653174353,63.0515825212011,46.0353069736782,2
TCGA-63-A5MP-01A,52.6075511309619,47.3271339634855,42.920363456919,2
TCGA-63-A5MR-01A,54.3288085185224,48.5261769863744,50.7331196394046,2
TCGA-63-A5MS-01A,59.5254612530214,49.9372185386224,61.502473449355,2
TCGA-63-A5MT-01A,62.3135159053091,42.7450794391093,54.3738368662309,2
TCGA-63-A5MV-01A,59.7223122024863,46.7139008279052,49.2333181266111,2
TCGA-63-A5MW-01A,51.6085677005774,32.287698325632,45.6493781844403,2
TCGA-63-A5MY-01A,55.7757196957037,35.6620482601918,52.981078618257,2
TCGA-66-2742-01A,56.1000235338674,49.5384265861958,56.9136438374519,2
TCGA-66-2753-01A,64.4405282270092,47.6835567178943,56.5353168730904,2
TCGA-66-2754-01A,57.0453428847998,44.6059925662278,46.5739698495077,2
TCGA-66-2758-01A,43.3485603687291,27.2597302636287,44.3144025411603,2
TCGA-66-2765-01A,65.0626694851196,39.4688909562774,46.4921263202635,2
TCGA-66-2766-01A,44.9280164969034,24.8740264941265,48.3616585793571,2
TCGA-66-2768-01A,57.9452401803838,27.4469600323329,48.8889191654652,2
TCGA-66-2771-01A,49.6324534724633,44.7252959716087,61.6071061806577,2
TCGA-66-2773-01A,56.6876021266224,37.7536975809604,50.6265448496676,2
TCGA-66-2778-01A,54.8365471948701,31.4489758049863,44.8873767030472,2
TCGA-66-2780-01A,55.8812803424826,50.9654105720697,53.0902448997913,2
TCGA-66-2781-01A,63.5211501737768,37.3344785179027,55.7680290864293,2
TCGA-66-2782-01A,63.5550226805797,38.0765349358866,58.2807001360126,2
TCGA-66-2783-01A,66.4505912645351,43.724399990411,65.2134964573623,2
TCGA-66-2785-01A,56.066453275395,36.9456793035101,54.5607188236284,2
TCGA-66-2787-01A,67.6098109357599,60.4820000159459,50.3994211269142,2
TCGA-66-2788-01A,67.9084956553929,48.3796097833407,52.5173553281171,2
TCGA-66-2789-01A,52.0542587544902,46.4573716002487,72.4365834083871,2
TCGA-66-2790-01A,74.3095644180425,56.0490874351848,47.3793636511921,2
TCGA-66-2792-01A,55.5624888276751,49.7009911978427,54.221458886331,2
TCGA-68-7755-01A,63.7509726164453,64.8220174508713,50.9527067200592,2
TCGA-68-7756-01A,62.6344332805529,53.8272786452416,65.8304816500426,2
TCGA-68-8250-01A,62.142246014727,55.0507670263994,63.3921568371922,2
TCGA-68-8251-01A,63.6374905236547,42.64803548237,62.4897371593474,2
TCGA-68-A59I-01A,48.9163004237325,43.0117130983414,47.1908835440816,2
TCGA-68-A59J-01A,75.7081696149686,56.7001265581993,46.0382822144526,2
TCGA-6A-AB49-01A,60.2029837186181,41.4459106079211,50.6562006292481,2
TCGA-70-6722-01A,54.2839581480716,45.8292982969225,54.1741845858934,2
TCGA-70-6723-01A,65.587011278612,49.6786130444796,55.2756868394919,2
TCGA-77-6844-01A,53.6631471948554,44.2200799399373,55.6193223662336,2
TCGA-77-6845-01A,49.8510502027892,41.5495470834633,55.6362986094906,2
TCGA-77-7138-01A,82.0722095952028,58.4736834719056,52.7338994135256,2
TCGA-77-7139-01A,61.9952104477254,51.0927697748352,51.2218982451139,2
TCGA-77-7463-01A,60.5571939325991,30.5234536489465,56.5983733430822,2
TCGA-77-8007-01A,78.9265451991507,58.3566350712637,32.0101109728344,2
TCGA-77-8008-01A,80.8665286058495,57.0685394485874,56.1101018598385,2
TCGA-77-8128-01A,71.1677100282507,51.2437343452916,32.6059202332017,2
TCGA-77-8130-01A,57.7133735126147,53.7715123696752,48.6010070201782,2
TCGA-77-8133-01A,82.2874719109566,57.5449985446155,40.6747728933034,2
TCGA-77-8136-01A,62.1870172791749,57.8492779491887,46.8111761845639,2
TCGA-77-8140-01A,53.7039544314254,53.2794974213597,73.3653964174411,2
TCGA-77-8143-01A,57.2925920304481,36.759299786515,48.7535889465971,2
TCGA-77-8145-01A,59.5761043471148,41.640046144306,53.2232581477809,2
TCGA-77-8153-01A,52.0934615768196,42.806064812824,52.6328391776941,2
TCGA-77-8154-01A,63.1366350353962,53.4570151946652,77.8088675412554,2
TCGA-77-A5FZ-01A,78.5951921877184,53.6461997479389,51.2116978195724,2
TCGA-77-A5G1-01A,74.3460809748414,53.3418221758932,49.3052120984809,2
TCGA-77-A5G3-01A,70.0963816654284,62.1622923751516,48.3691297462622,2
TCGA-77-A5G7-01B,56.1469758159574,30.3978415508353,45.0595640700719,2
TCGA-77-A5G8-01B,59.9234595753697,39.5600049413783,43.859870059242,2
TCGA-77-A5GB-01B,75.0489641837832,44.6182045265961,43.9534346675259,2
TCGA-79-5596-01A,58.3427270319707,51.5797597298037,53.59539864579,2
TCGA-85-7696-01A,76.3407150614506,52.9831347157657,56.1174874111345,2
TCGA-85-7697-01A,64.9432827762864,47.9706349653269,49.0527560260747,2
TCGA-85-7710-01A,89.3072233519851,64.0573173158794,39.3407102524689,2
TCGA-85-7843-01A,72.1874952342683,51.4024667197929,40.6054215024718,2
TCGA-85-8048-01A,65.08798650347,57.3302991464161,52.1013473973596,2
TCGA-85-8070-01A,72.6254163619014,48.5576345048943,54.9969539977893,2
TCGA-85-8276-01A,62.5329499025634,53.4182763124679,45.1045049422802,2
TCGA-85-8288-01A,63.5879854640292,41.5466234745221,52.390158154661,2
TCGA-85-8350-01A,53.9004277050944,38.2806183738361,54.7893112191583,2
TCGA-85-8352-01A,51.9333063682139,43.538787510492,50.2184037664751,2
TCGA-85-8353-01A,75.0656433087847,58.8316056106716,55.413425215642,2
TCGA-85-8354-01A,59.0888538781489,30.4967174793653,56.7889695168994,2
TCGA-85-8355-01A,76.371848951632,57.046877737947,50.4424205501314,2
TCGA-85-8479-01A,65.4618891858741,47.1451055237996,62.0274329806272,2
TCGA-85-8481-01A,55.4563650435295,49.0113998009628,45.0594035767417,2
TCGA-85-8584-01A,59.2959363201316,46.1667290762524,66.0063084408452,2
TCGA-85-8666-01A,72.3875112873864,50.9183867883817,56.2901474161816,2
TCGA-85-A4JB-01A,58.0912573600283,40.5898254096137,55.0022989825341,2
TCGA-85-A4PA-01A,78.7395965148495,48.7099493968861,44.9945332749118,2
TCGA-85-A4QQ-01A,88.3245471037128,50.5137918118623,37.5786806768912,2
TCGA-85-A4QR-01A,57.2777505349775,36.2694042479777,48.8187033245464,2
TCGA-85-A50M-01A,70.7178945586374,53.2546942713284,53.3608603377177,2
TCGA-85-A510-01A,60.0612613847479,34.3101478381116,45.893643178878,2
TCGA-85-A512-01A,62.1990320406685,45.8943622100357,56.0549007039628,2
TCGA-85-A513-01A,64.8920153417486,44.0689842816575,67.2929735473588,2
TCGA-85-A53L-01A,55.3695494817607,38.337055420337,47.3936883057365,2
TCGA-85-A5B5-01A,81.1245068602352,45.8092975492569,31.8182879170793,2
TCGA-90-7766-01A,72.8817547240681,63.9788637614179,58.6162300865847,2
TCGA-90-7964-01A,65.7258764029138,42.7263125076463,63.9881413588003,2
TCGA-90-A59Q-01A,57.3499686138934,58.3280522398103,64.2903736439301,2
TCGA-92-7340-01A,62.7988321399458,42.5083435459214,43.9210300837133,2
TCGA-92-7341-01A,69.2213874172297,65.5971087289922,45.7491542608595,2
TCGA-92-8064-01A,80.6602534658544,46.9863651841397,35.2087483547124,2
TCGA-92-8065-01A,65.8552809989119,44.6883645228536,54.7775094442182,2
TCGA-94-7033-01A,55.2537262440515,21.5598480623784,52.9474843541025,2
TCGA-94-7557-01A,61.5614627008649,47.6843399580772,51.6825350453642,2
TCGA-94-8490-01A,58.7903439299059,62.8073304895991,54.5911693278534,2
TCGA-94-A5I4-01A,53.9430214089581,33.5395116132765,43.4828600485728,2
TCGA-94-A5I6-01A,68.7992442190585,53.3957663894589,42.4772841818228,2
TCGA-96-7544-01A,81.2748591331019,57.1313724072523,36.7044624791166,2
TCGA-96-7545-01A,84.6596096634904,59.9333471308549,38.9825255506166,2
TCGA-96-8169-01A,56.0739442831734,45.492584345099,56.9885495004306,2
TCGA-96-8170-01A,59.1711658473959,52.3875521487298,49.6959157079463,2
TCGA-98-7454-01A,76.2792102489698,48.5018754357235,58.3754767128782,2
TCGA-98-8021-01A,58.7364793314372,58.3256081760053,55.8014904346681,2
TCGA-98-A538-01A,71.4076206330656,49.5997604741016,48.0874287431875,2
TCGA-98-A539-01A,60.9946281543532,45.5846199965912,54.6357797157688,2
TCGA-98-A53A-01A,55.3719767900504,46.1304675685495,61.735243070096,2
TCGA-98-A53B-01A,59.8465542658154,37.0944879722303,62.665715254797,2
TCGA-98-A53C-01A,72.2237427854631,62.095359801325,55.4018509574268,2
TCGA-98-A53D-01A,68.3208867656993,62.8426633300586,50.0885076905285,2
TCGA-98-A53H-01A,85.966493200002,50.9107081421935,48.4905895823393,2
TCGA-98-A53I-01A,56.0831011922704,47.8873419718048,48.9706558230274,2
TCGA-J1-A4AH-01A,52.9646707615151,45.4408857526254,54.0677970873626,2
TCGA-L3-A4E7-01A,55.7773937061199,33.8883504498858,58.4304569476582,2
TCGA-L3-A524-01A,55.1714486544172,27.3719762529932,48.2077727361415,2
TCGA-LA-A446-01A,54.7031138683261,39.5023765693567,48.7294663783766,2
TCGA-MF-A522-01A,60.6704895459197,52.4400175487842,60.9747300499117,2
TCGA-NC-A5HD-01A,57.8272767001083,32.4590030484239,48.1114892068929,2
TCGA-NC-A5HE-01A,51.7464293354746,44.1433449824413,62.1533533772507,2
TCGA-NC-A5HG-01A,52.3916215270095,33.7177767020917,49.338858549648,2
TCGA-NC-A5HH-01A,69.8234079742507,38.88768814135,50.2630470358379,2
TCGA-NC-A5HI-01A,54.3631703073848,31.5793055261983,44.549099086204,2
TCGA-NC-A5HJ-01A,64.6776891858583,44.4857845644087,50.6067112564229,2
TCGA-NC-A5HK-01A,46.9297547793954,24.5758970925128,40.4360696459952,2
TCGA-NC-A5HL-01A,51.6680877054738,36.2236427459977,47.8017047374404,2
TCGA-NC-A5HN-01A,55.6055376468542,37.5062024796305,55.8109036984022,2
TCGA-NC-A5HP-01A,84.4969399244493,53.0562330652751,46.1184238183053,2
TCGA-NC-A5HQ-01A,65.3845149573167,44.9781829855946,62.3117388704037,2
TCGA-NC-A5HR-01A,61.1238832522961,47.4292117353973,56.4478973656822,2
TCGA-NC-A5HT-01A,56.2994247559201,27.9054619777774,44.9162033601238,2
TCGA-NK-A5CR-01A,81.1502278163445,51.1539382308017,44.6201089697638,2
TCGA-NK-A5CT-01A,82.1514170870996,52.2866541145106,53.4188047526648,2
TCGA-O2-A52N-01A,54.3324308762733,43.9479040392883,63.5603503069535,2
TCGA-O2-A52Q-01A,79.1129638537728,61.1197644559287,41.2340612993246,2
TCGA-XC-AA0X-01A,67.8932884135864,47.5011878265504,53.3477249477008,2
TCGA-21-1072-01A,53.9708419200475,-23.6782660559934,70.2309149693056,3
TCGA-21-1076-01A,54.595213594747,-30.9025401215004,74.0216350876862,3
TCGA-22-1000-01A,59.1219740596527,-33.2895735534188,66.0905447668123,3
TCGA-22-4594-01A,63.3419177454484,-37.4662274403805,69.6930616376716,3
TCGA-34-2608-01A,59.9129710354525,-36.8801013522663,57.3621190219372,3
TCGA-37-A5EM-01A,64.3425778644317,-25.6417311524527,60.1890104357289,3
TCGA-43-6771-01A,48.9702882154485,-41.0802776903134,65.4792230145611,3
TCGA-46-3767-01A,60.6074059677539,-35.2793265094759,72.0377366997402,3
TCGA-56-1622-01A,49.0537938017762,-28.7306692226918,58.7039909618728,3
TCGA-56-5898-01A,52.9295957530829,-36.0073248824535,65.6901248164688,3
TCGA-56-8309-01A,55.2891959797819,-26.9801303754358,71.2182071537428,3
TCGA-60-2709-01A,65.5430871639607,-32.2892399054277,58.3582956013585,3
TCGA-66-2767-01A,55.7452433938072,-36.6110682718126,61.0703163074351,3
TCGA-77-7141-01A,60.4470866199508,-28.058766215699,60.6346599542095,3
TCGA-77-7338-01A,65.2120132317232,-36.6248483127406,67.8633545317022,3
TCGA-85-6175-01A,50.6314551347083,-32.3235940338969,59.7953134186436,3
TCGA-85-7844-01A,57.6794786170408,-39.9846939515573,68.4305460491536,3
TCGA-85-8049-01A,53.0367580118774,-36.8955131619803,58.4964357326363,3
