Sample,X,Y,Z,Cluster
TCGA-3Z-A93Z-01A,-26.1243164885083,5.82184384972687,8.17152603840961,1
TCGA-A3-3347-01A,-19.5400774441333,3.92910566727474,3.68216270731437,1
TCGA-A3-3358-01A,-18.0548626341235,30.1334972851312,10.9418006399217,1
TCGA-A3-3363-01A,-11.706686946164,8.86104706102684,19.3061029694177,1
TCGA-A3-3382-01A,-17.5140298086453,16.4558748675534,12.2171058682972,1
TCGA-A3-3383-01A,-28.0237891247376,3.74473186081739,16.0850026074048,1
TCGA-A3-3387-01A,-32.5564486109922,22.2123627166824,14.7819251100962,1
TCGA-AK-3425-01A,-36.930032179267,26.2812534714743,6.59672722537706,1
TCGA-AK-3429-01A,-20.3751283106966,20.2443466669175,10.1161512523213,1
TCGA-AK-3436-01A,-23.2069868435594,14.2542593464674,9.02597062915274,1
TCGA-AK-3454-01A,-35.4580430093839,-2.59905099502941,4.71338326331322,1
TCGA-B0-4691-01A,-21.9053214550274,8.91226239603845,7.92734099490565,1
TCGA-B0-4694-01A,-33.3563024242755,14.1238064535302,1.26815270640857,1
TCGA-B0-4696-01A,-22.3673738822011,4.21668310851873,0.714617822110828,1
TCGA-B0-4698-01A,-17.493351012746,7.51342613245191,14.9915915348723,1
TCGA-B0-4700-01A,-16.5353618036412,6.26927934580195,-7.7942580837396,1
TCGA-B0-4701-01A,-27.1245923978923,30.1633890046176,5.01262240667949,1
TCGA-B0-4703-01A,-22.3944355246418,15.3405018362274,10.1481803294553,1
TCGA-B0-4706-01A,-36.4454509198026,-4.09285310478742,5.34193387837366,1
TCGA-B0-4712-01A,-20.9240943493553,17.9751140018619,1.78009957056954,1
TCGA-B0-4810-01A,-9.08484352822783,18.1218455724996,-1.0170111290303,1
TCGA-B0-4811-01A,-29.2098377315701,2.15492916808957,4.82666718788151,1
TCGA-B0-4814-01A,-28.7970039555359,35.7070009787049,-4.52121813956876,1
TCGA-B0-4815-01A,-12.4482172982715,9.46309502452432,-4.76492287104586,1
TCGA-B0-4816-01A,-20.7886534021057,18.1255691726112,15.2938689232964,1
TCGA-B0-4817-01A,-9.14789170022287,10.0675374678511,3.23972183146254,1
TCGA-B0-4819-01A,-13.1426410645731,9.32002020967047,1.34225673669166,1
TCGA-B0-4821-01A,-39.7465982767426,0.35240007069564,14.6681178106406,1
TCGA-B0-4822-01A,-26.7852187985084,-7.53062838859178,3.68422339338655,1
TCGA-B0-4828-01A,-25.0339782981423,0.0424756088906907,7.98036744310376,1
TCGA-B0-4839-01A,-34.0097752565855,-0.213444616128448,6.47198037638125,1
TCGA-B0-4843-01A,-11.0965458989711,11.21851912696,-5.45752353802555,1
TCGA-B0-5080-01A,-20.8819933553058,5.99051589950669,5.79217619766498,1
TCGA-B0-5084-01A,-14.4365053113922,5.19736833899563,10.5974298388539,1
TCGA-B0-5094-01A,-32.1144110162119,13.0113321871885,9.50219365251726,1
TCGA-B0-5095-01A,-25.8264012434374,21.7736622547075,15.364042660447,1
TCGA-B0-5096-01A,-28.2605470008059,16.9334649616343,14.5790185933907,1
TCGA-B0-5097-01A,-13.432891608212,15.474948571828,7.90901137234517,1
TCGA-B0-5098-01A,-24.2569639937162,0.669048740846664,7.43221229358754,1
TCGA-B0-5102-01A,-30.2993934427265,34.5790332240616,-0.824840813464592,1
TCGA-B0-5106-01A,-27.5258610272599,-1.33823120675116,11.077653100768,1
TCGA-B0-5108-01A,-12.1657874980641,14.0541537798085,-4.26287616078066,1
TCGA-B0-5109-01A,-29.5072517170032,7.58005260159612,1.0480069507552,1
TCGA-B0-5116-01A,-35.5992830126313,27.5346877278177,13.5693286545259,1
TCGA-B0-5697-01A,-11.5728597543591,2.04499375641042,8.71079572608671,1
TCGA-B0-5706-01A,-21.8745998800191,1.76095871518762,-6.14438809930418,1
TCGA-B0-5707-01A,-20.6072872009255,11.9080257537069,17.5477460414123,1
TCGA-B2-5635-01A,-27.2019114749495,29.6470221374518,-3.80449043932679,1
TCGA-B8-4143-01A,-17.066118976575,9.57271542883172,6.8052136484831,1
TCGA-B8-4153-01B,-24.6404572829239,24.8359808037183,-3.59906127456292,1
TCGA-B8-4620-01A,-22.5255922788241,20.3459771423837,5.11888332775964,1
TCGA-B8-5162-01A,-17.9378251643235,15.846819550401,3.29630933064289,1
TCGA-B8-5163-01A,-26.2865931024012,20.3661439227062,5.79869197091174,1
TCGA-B8-5551-01A,-12.9006326220191,9.06881767346783,2.84834936162181,1
TCGA-B8-A54F-01A,-22.3438300404887,17.6480885121144,18.3404641412442,1
TCGA-B8-A54G-01A,-26.6112543351409,4.52748195963392,5.09663130028337,1
TCGA-B8-A54H-01A,-25.5510863514648,28.1819619755105,0.00422868579820534,1
TCGA-B8-A54I-01A,-32.8228876363853,26.5370466082231,15.475309144279,1
TCGA-B8-A8YJ-01A,-16.8230546718855,21.7861531046132,15.3965370909251,1
TCGA-BP-4162-01A,-29.6124042717558,33.230429254418,5.45325214245427,1
TCGA-BP-4167-01A,-16.1710521630475,12.7933624269897,-1.89160612636822,1
TCGA-BP-4329-01A,-18.9507735010231,40.8669732101334,-3.07687151193932,1
TCGA-BP-4332-01A,-41.3032220811191,16.9472620792465,15.3870901718559,1
TCGA-BP-4338-01A,-28.0976172987804,18.6698452327745,8.36856529031966,1
TCGA-BP-4342-01A,-18.9860384593442,28.6808164157505,1.88605617671513,1
TCGA-BP-4343-01A,-25.3017829450562,16.0688784022033,0.964044863479464,1
TCGA-BP-4347-01A,-30.126302068583,37.218643936457,1.44679477513152,1
TCGA-BP-4351-01A,-24.2701228738955,-1.33640232730414,9.00775777899023,1
TCGA-BP-4352-01A,-29.5905948875767,17.758007811343,14.1178334101487,1
TCGA-BP-4353-01A,-16.3904076548152,21.3008744318612,-1.02121969884803,1
TCGA-BP-4354-01A,-11.0532413905249,17.2285874938663,-3.63730463805552,1
TCGA-BP-4759-01A,-37.4870829122881,22.2670445743892,11.5919364888936,1
TCGA-BP-4760-01A,-16.5222940480208,28.1553678691625,17.8845305719622,1
TCGA-BP-4781-01A,-37.055541579833,17.3838408960658,7.66288744873411,1
TCGA-BP-4804-01A,-27.2541870769726,8.06338263582475,3.95478163419245,1
TCGA-BP-4967-01A,-28.0630784144893,27.0976336341455,-0.950802519202347,1
TCGA-BP-4983-01A,-23.3957718061163,17.2219597275191,0.057533335967534,1
TCGA-BP-4985-01A,-31.3223037959101,12.5425583159108,8.58116175653414,1
TCGA-BP-4986-01A,-19.3905407200976,21.6326800637486,6.93439025186375,1
TCGA-BP-4989-01A,-27.2200199176659,15.4008603047281,0.834651681513976,1
TCGA-BP-4998-01A,-30.9637110119586,23.7339050871444,8.08619436563231,1
TCGA-BP-5009-01A,-38.1441622371599,14.005371903858,12.2641639078249,1
TCGA-BP-5170-01A,-31.7990166818846,25.8077593059068,8.52881779648934,1
TCGA-BP-5177-01A,-24.5926292059673,17.6088050535802,16.9608216127001,1
TCGA-BP-5178-01A,-22.2372965043414,22.4668871264253,2.95700914759078,1
TCGA-BP-5185-01A,-26.7405090253793,-4.25325417898511,2.52934140195562,1
TCGA-BP-5187-01A,-28.2445487489223,26.1362311369823,16.2870998863265,1
TCGA-BP-5196-01A,-18.3103466463815,8.78859426921392,3.90329886977784,1
TCGA-CJ-4635-01A,-29.3147139124183,21.2497144275553,9.54928289621032,1
TCGA-CJ-4636-01A,-34.5537392104823,19.5695173440389,14.4718111319727,1
TCGA-CJ-4872-01A,-21.5683618878064,24.8483465633836,10.2468501039276,1
TCGA-CJ-4878-01A,-33.6497972745479,-2.81287505232134,13.083088249575,1
TCGA-CJ-4890-01A,-10.5891869564404,16.7554519791825,-0.108170095289566,1
TCGA-CJ-4901-01A,-24.8160430020443,20.5967039314953,9.17828196007167,1
TCGA-CJ-4912-01A,-36.3177177245551,15.7803682970354,3.43957396305712,1
TCGA-CJ-4918-01A,-23.561819895083,21.7306750185338,13.5716064793177,1
TCGA-CJ-4920-01A,-36.3481056658476,15.4241083436589,3.80601122139003,1
TCGA-CJ-5671-01A,-21.8691499115032,17.5712805260229,8.116983426044,1
TCGA-CJ-5676-01A,-24.0674793980302,25.6627566083312,1.70265244839552,1
TCGA-CJ-5682-01A,-25.5174863162375,22.6122216466876,1.45504840749169,1
TCGA-CJ-5684-01A,-29.8382033585895,39.3993977994313,10.996258380564,1
TCGA-CJ-6028-01A,-12.1599226920358,17.0730621872338,4.75628265723073,1
TCGA-CJ-6031-01A,-11.1538293911657,20.7810560758528,4.55686128238521,1
TCGA-CW-5588-01A,-31.6270635420693,25.4687164712753,-0.553640195011218,1
TCGA-CW-5590-01A,-20.8738772743018,32.812297487292,11.9211518694162,1
TCGA-CW-6087-01A,-20.0707671499419,20.8618712123662,-4.97048488763043,1
TCGA-CW-6090-01A,-18.0209510449271,25.742927977743,10.0976677407021,1
TCGA-CW-6097-01A,-30.0984809113992,26.5119834444443,7.63430464266618,1
TCGA-CZ-4854-01A,-24.563447960473,18.6558173047004,6.18001532181422,1
TCGA-CZ-4857-01A,-31.3100599768241,12.7030401440091,8.93762608226246,1
TCGA-CZ-4858-01A,-32.5421901398471,20.6132683828516,5.07621316912489,1
TCGA-CZ-4860-01A,-24.6227820028473,21.0571947906694,14.6484143904691,1
TCGA-CZ-5456-01A,-11.2099584290208,17.6107576594353,-2.2177377203404,1
TCGA-CZ-5459-01A,-28.8845536913406,31.9832934195201,0.973458931148189,1
TCGA-CZ-5460-01A,-28.8194950288547,33.740405694959,-3.47916851792117,1
TCGA-CZ-5461-01A,-22.2569008566616,30.5146529526649,9.76050552939768,1
TCGA-CZ-5464-01A,-25.1061368682906,21.340316910402,8.89875917454434,1
TCGA-CZ-5465-01A,-24.9340028805246,39.9240797593261,0.5349548767184,1
TCGA-CZ-5466-01A,-37.1072334773323,21.1827737875978,12.2705719677785,1
TCGA-CZ-5468-01A,-37.2775813045212,27.0473643179675,12.5499125535233,1
TCGA-CZ-5469-01A,-19.5736529060297,8.5387065901058,13.1785332820474,1
TCGA-CZ-5988-01A,-19.2797807310608,22.6762373220734,8.04488952758665,1
TCGA-DV-5565-01A,-36.316935833565,20.5653376257236,12.4392511013748,1
TCGA-DV-5566-01A,-20.7169036326241,33.1368039650837,3.95257970672348,1
TCGA-DV-5573-01A,-22.0069465980374,-9.55160657400287,8.6101892014108,1
TCGA-DV-5574-01A,-31.4801902902356,23.780863566798,13.8895172663648,1
TCGA-DV-A4VX-01A,-21.6802317833874,0.159029113254688,13.3241617986184,1
TCGA-DV-A4VZ-01A,-28.8857413642961,30.5545264569269,9.25921320978092,1
TCGA-EU-5905-01A,-19.3553089660826,32.0114784169496,1.6031266035905,1
TCGA-EU-5907-01A,-28.6639263492052,31.9822313786104,5.3402946096331,1
TCGA-G6-A8L8-01A,-26.4373403690245,10.1709204958098,14.6003256367629,1
TCGA-MM-A564-01A,-29.9328736728326,-2.70473015419843,16.9201816070843,1
TCGA-MW-A4EC-01A,-29.0670586614067,-6.21704344217621,11.8472603318462,1
TCGA-A3-3378-01A,5.64392621894657,-34.478335752953,-4.11738658611715,2
TCGA-A3-A6NJ-01A,4.68767578877444,-40.7270788876309,-22.5286633956367,2
TCGA-A3-A8OW-01A,1.26572585586295,-34.1378606188351,-30.8236351063881,2
TCGA-A3-A8OX-01A,5.17563135631199,-40.9323255572791,-4.84419337404139,2
TCGA-B0-4824-01A,10.7271677439533,-31.3171784357641,-30.1815839052466,2
TCGA-B0-4827-01A,10.4073070277251,-30.2946507991361,-10.1434681974423,2
TCGA-B0-4842-01A,10.4133695398923,-33.8163793076004,-10.8461863375154,2
TCGA-B0-5092-01A,6.63010162661219,-36.6798884249458,-9.71147635027107,2
TCGA-B0-5107-01A,-3.53295579826767,-31.3903805946832,-2.86860833054625,2
TCGA-B0-5400-01A,12.2786109834494,-37.0060536511655,-8.94734740401181,2
TCGA-B0-5692-01A,13.5814222639504,-41.0604519742847,-25.4868807461701,2
TCGA-B0-5693-01A,7.72085537391061,-31.032364959186,-25.4417144405395,2
TCGA-B0-5701-01A,4.82591086185653,-44.8851234056569,-5.73834589419799,2
TCGA-B8-A54E-01A,11.0135178852677,-30.9982924549862,-4.72239880415603,2
TCGA-B8-A54J-01A,-4.4552541601272,-30.8500154235313,-18.6813311507764,2
TCGA-B8-A7U6-01A,4.48387351940294,-29.7221959605571,-22.9004922798036,2
TCGA-BP-4173-01A,14.3580847900236,-35.7722616190002,-5.89905286997755,2
TCGA-BP-4969-01A,8.76163461509646,-43.2557921927308,-1.98666789466782,2
TCGA-BP-5189-01A,11.8469519465622,-41.5743375269441,-16.1250018880983,2
TCGA-BP-5190-01A,-2.72843684815775,-29.6435583713299,-13.7318280552094,2
TCGA-BP-5195-01A,6.56199418124361,-36.5391304760964,-7.61909299023601,2
TCGA-CJ-4634-01A,12.2751577767576,-31.295098610917,-24.7933208900361,2
TCGA-CJ-4869-01A,9.60502021442757,-35.0832124916316,-12.6828001350155,2
TCGA-CJ-4873-01A,-2.60874576688963,-39.2448254582502,-2.30544147671142,2
TCGA-CJ-4876-01A,-2.73416406815092,-23.6074710094485,-16.9621454684267,2
TCGA-CJ-4881-01A,-6.71365928280684,-21.7315925676124,-15.3803512759081,2
TCGA-CJ-4882-01A,10.1526019777259,-43.4262456944043,-12.2146363145218,2
TCGA-CJ-4889-01A,5.07980665472775,-32.6227673427933,-5.86637317105705,2
TCGA-CJ-4900-01A,4.81466366770287,-40.7230163453803,-1.70519432148403,2
TCGA-CJ-4916-01A,11.8511854137643,-32.4259721001002,-28.0442065888096,2
TCGA-CJ-5677-01A,2.89153100716764,-31.1390070804222,-19.9837426924478,2
TCGA-CJ-5679-01A,5.68918971264696,-37.1740575042721,-13.4742661564639,2
TCGA-CJ-5681-01A,5.4674364222888,-36.6731512790434,-12.1371721750166,2
TCGA-CJ-5689-01A,9.56993838691239,-42.183444997498,-11.8731392235381,2
TCGA-CJ-6027-01A,-5.1051860322058,-24.7381432298139,-14.5608619495594,2
TCGA-CW-5589-01A,5.88432987019729,-32.359664859967,-28.121039828261,2
TCGA-CZ-4865-01A,2.92176501458625,-32.5930228894558,-12.7124933307217,2
TCGA-CZ-5452-01A,5.69350525740906,-34.0099561973502,-18.4203844765435,2
TCGA-DV-A4W0-01A,12.1175682799688,-34.7539280695079,-23.8823841798935,2
TCGA-G6-A5PC-01A,-0.919259595692733,-45.7988918597134,-6.54747438809172,2
TCGA-A3-3308-01A,7.09833863772307,-125.846111333651,-1.46481054115023,3
TCGA-A3-3319-01A,11.6799388530229,-128.22587665503,-7.91041517176345,3
TCGA-A3-3323-01A,13.0455870863041,-125.137785637294,4.85679046969653,3
TCGA-A3-3335-01A,4.47668693387712,-126.372504046972,-9.24974310785655,3
TCGA-A3-3346-01A,20.3413405550993,-127.594805768241,-5.04856711054822,3
TCGA-A3-A8OU-01A,2.51989315117813,-128.092613151979,-3.08505992938103,3
TCGA-AK-3445-01A,18.603515760691,-128.529563186802,-7.25605472471869,3
TCGA-B0-4690-01A,6.38016611125044,-122.752048764685,0.872972231652046,3
TCGA-B0-4813-01A,14.6709011940267,-123.955765804268,1.13128018938331,3
TCGA-B0-4836-01A,5.99729529687953,-129.210629401053,-5.11426204656882,3
TCGA-B0-4837-01A,18.7729136140084,-127.519597674233,3.76273209854751,3
TCGA-B0-4844-01A,12.8062027977346,-127.23143010643,2.84186112005338,3
TCGA-B0-5696-01A,2.14020892427929,-129.228954799425,-2.63947478119432,3
TCGA-B2-5633-01A,16.5231719232292,-126.042021561573,-4.7335282177906,3
TCGA-B8-5158-01A,15.1519213934251,-129.350924653794,-6.69569951938956,3
TCGA-BP-4326-01A,9.01832641762906,-129.214499898574,3.19309953978498,3
TCGA-BP-4335-01A,6.70838734132733,-125.301984137099,3.93585542689482,3
TCGA-BP-4345-01A,18.1164979814689,-127.121490474255,-11.4105247362954,3
TCGA-BP-4761-01A,8.34335605537713,-129.994101525992,5.31327684364223,3
TCGA-BP-4782-01A,2.92731663321881,-128.453266360073,2.94770362968291,3
TCGA-BP-4787-01A,9.03611487864239,-128.079180481994,-2.03955325023088,3
TCGA-BP-4798-01A,18.4576029412623,-128.518645503704,1.05977290808122,3
TCGA-BP-4968-01A,8.52096464530526,-124.493081886817,-3.3715112193166,3
TCGA-BP-5000-01A,14.5267860891614,-127.89489044927,-3.41688459254685,3
TCGA-BP-5169-01A,12.0755832727631,-127.768729208354,0.0297724690969793,3
TCGA-BP-5176-01A,6.26233793584963,-123.967983198658,0.684562884565423,3
TCGA-BP-5183-01A,11.7765696304522,-121.593949619093,-8.20822286414829,3
TCGA-BP-5201-01A,10.6022780211989,-120.079302859907,2.53648722975439,3
TCGA-CJ-4637-01A,18.9716875272226,-127.25530582215,-9.58118833575565,3
TCGA-CJ-4868-01A,15.6250430895797,-125.511885128406,0.271234634714733,3
TCGA-CJ-4871-01A,17.2373339921889,-126.33909390411,2.93015519308888,3
TCGA-CJ-4875-01A,12.7099405703036,-118.133017056903,-4.42452729372824,3
TCGA-CJ-4888-01A,17.2750483863215,-128.506148100025,5.89078885955291,3
TCGA-CJ-4891-01A,10.6364493020015,-123.255279122985,-5.47470387285734,3
TCGA-CJ-4894-01A,-2.77911268368868,-124.050978433885,-10.7318202154409,3
TCGA-CJ-4895-01A,22.0901109041619,-123.922991200099,7.24830787521116,3
TCGA-CJ-5675-01A,8.43008743854606,-127.491164894661,-7.83319675197109,3
TCGA-CJ-6030-01A,11.0074875726912,-129.345944455299,-9.81304307566648,3
TCGA-CJ-6033-01A,9.29298893455736,-127.29190298017,-0.991749657910997,3
TCGA-CZ-4864-01A,11.0264879652685,-120.954732399468,-10.7708055329756,3
TCGA-CZ-5987-01A,1.94475557491796,-129.136828581753,-6.7733690934059,3
TCGA-DV-5575-01A,0.0296395292460148,-127.962076052168,-1.21596018843682,3
TCGA-G6-A8L7-01A,7.10637403676242,-124.74643241932,-4.4074246367172,3
TCGA-MM-A563-01A,7.03541253271726,-128.786881474734,1.27449737922399,3
TCGA-6D-AA2E-01A,57.7619462038693,-21.1478380595592,-40.0360230065169,4
TCGA-A3-3311-01A,35.2644790518143,-14.1750512264571,-57.2183716273144,4
TCGA-A3-3313-01A,57.7023947252475,-5.18407530898278,-36.4910422998843,4
TCGA-A3-3317-01A,41.8392479201599,-24.2251681863059,-50.4785311491087,4
TCGA-A3-3328-01A,57.0654613196884,-15.6406863676934,-48.7267687490269,4
TCGA-A3-3357-01A,36.6316763747872,-6.72553154734813,-42.8753517245036,4
TCGA-A3-3370-01A,42.309833054436,-4.88514411478703,-44.3188814428232,4
TCGA-A3-3374-01A,47.5676557391892,-19.1591814406511,-52.5887396631129,4
TCGA-A3-3385-01A,38.4454911611797,-15.373878912275,-34.2013676667178,4
TCGA-A3-A6NI-01A,33.1539920005822,-8.43232983667236,-45.3652329044584,4
TCGA-AK-3433-01A,47.234341535726,-23.077384547892,-40.3131420338907,4
TCGA-AK-3440-01A,48.4312215939977,-24.4264512061855,-42.1097266220625,4
TCGA-AK-3443-01A,46.2368171744954,-24.9719741918778,-38.6193092370633,4
TCGA-AK-3456-01A,54.9390805538226,-17.0291760142587,-46.9319462507464,4
TCGA-AK-3465-01A,45.8103088811807,-20.7691556757792,-47.3360922462561,4
TCGA-AS-3777-01A,52.9912919128702,-17.9991830156956,-40.4723755840927,4
TCGA-B0-4699-01A,50.1370276813291,-23.9374863244323,-48.2417480339533,4
TCGA-B0-4707-01A,31.5825860931435,-7.97054856839675,-49.3513005231435,4
TCGA-B0-4834-01A,49.844752163454,-15.9099023571115,-44.9370052336719,4
TCGA-B0-5075-01A,52.1615169697488,-8.11064126526244,-41.1140925129433,4
TCGA-B0-5077-01A,51.8605558618388,-23.2401120617038,-50.2951310423816,4
TCGA-B0-5081-01A,31.4258622249981,-14.4360741002823,-52.8027612891685,4
TCGA-B0-5083-01A,46.1007632636832,-25.0804632053659,-48.1830184890783,4
TCGA-B0-5099-01A,43.772734300095,-14.4964568885326,-43.2797939098806,4
TCGA-B0-5117-01A,53.794148233047,-20.6813320830117,-37.9500288163188,4
TCGA-B0-5691-01A,47.5174697919807,-12.9395348297804,-43.4385057872212,4
TCGA-B0-5695-01A,53.5062965940057,-24.2640655899545,-51.3923326355679,4
TCGA-B0-5700-01A,40.6504918721145,-11.7978116705234,-52.404509427618,4
TCGA-B0-5705-01A,51.3117945842164,-4.61246041096981,-37.4238973489659,4
TCGA-B0-5712-01A,41.4813394975935,-14.7470005650089,-44.6659994393563,4
TCGA-B2-3923-01A,48.0558304331531,-20.3137485185369,-48.2588269602225,4
TCGA-B2-4098-01A,60.7830130362278,-11.2983990584922,-45.6558549972214,4
TCGA-B2-5641-01A,36.9550364028467,-16.4638560641079,-46.9567366778063,4
TCGA-B4-5377-01A,45.9557450221489,-13.8571616179673,-39.2260801629904,4
TCGA-B8-4148-01A,36.2035735927848,-5.5499227210494,-45.1940827277214,4
TCGA-B8-4619-01A,49.2801325856528,-15.2432098095573,-44.7719013233032,4
TCGA-B8-4621-01A,51.1741994074137,-15.4501726728059,-44.3229527968795,4
TCGA-B8-5159-01A,48.470800348336,-2.28415909777423,-40.9085695274239,4
TCGA-B8-5164-01A,49.8636122006405,-12.0712829192786,-45.2201899591189,4
TCGA-B8-5165-01A,56.1680665257365,-11.674950017105,-35.2988822349342,4
TCGA-B8-5546-01A,49.2308854239165,-11.7257329166491,-39.8319753217096,4
TCGA-B8-5553-01A,44.5366136717613,-7.33958661741534,-38.5134795858332,4
TCGA-B8-A54D-01A,57.9935908232557,-19.7921586080608,-37.4857326915022,4
TCGA-B8-A54K-01A,48.1489482741837,-14.508720492472,-41.3640903713466,4
TCGA-BP-4327-01A,46.1442858239798,-14.379541328132,-37.4992791003533,4
TCGA-BP-4330-01A,42.5730771436698,-12.6254766938844,-36.7608689769677,4
TCGA-BP-4331-01A,28.7940800682723,-11.9744517510312,-45.468357356097,4
TCGA-BP-4334-01A,57.6514577116893,-26.4966073512023,-45.3178484851553,4
TCGA-BP-4337-01A,43.0370919895519,-22.345801563321,-46.437291661942,4
TCGA-BP-4340-01A,45.1811456910347,-12.6864603593758,-51.5355137483844,4
TCGA-BP-4346-01A,38.9431681000147,-3.996932715952,-51.8398389312881,4
TCGA-BP-4756-01A,50.055635186732,-10.9494871591995,-44.6098280705642,4
TCGA-BP-4775-01A,52.9804930432713,-6.64682834008157,-41.558067280229,4
TCGA-BP-4959-01A,37.4182592030775,-3.32651824866302,-49.3867553366998,4
TCGA-BP-4962-01A,47.7529862924305,-4.88980375399285,-39.9152673287363,4
TCGA-BP-4976-01A,45.4456921199816,-11.6833741789759,-39.8347791258022,4
TCGA-BP-4994-01A,49.7898317077587,-27.4394157510318,-38.5270040344091,4
TCGA-BP-4995-01A,46.7441772349229,-21.9495157279038,-45.8045375585025,4
TCGA-BP-5004-01A,43.0539580016403,-8.3160877112072,-39.1193154400298,4
TCGA-BP-5173-01A,48.5053353491098,-24.1806884955615,-48.1679759671713,4
TCGA-BP-5174-01A,49.670023787025,-3.38284825353695,-40.2758895030254,4
TCGA-BP-5180-01A,36.9691345665165,-13.2843358169239,-54.312029787057,4
TCGA-BP-5182-01A,41.4319219561388,-1.99537464832244,-50.8929001345792,4
TCGA-CJ-4638-01A,53.141085421139,-18.152575435082,-50.4746271942128,4
TCGA-CJ-4641-01A,47.3144832554777,-4.85390182865864,-44.8287145239992,4
TCGA-CJ-4893-01A,42.1680376746791,-14.0337357926737,-54.1755848625992,4
TCGA-CJ-4897-01A,37.0887022625844,-15.5035928343486,-40.9483871129114,4
TCGA-CJ-4903-01A,43.379235608557,-9.40315873402702,-46.4248640453732,4
TCGA-CJ-4907-01A,40.4851661927989,-13.9737025429984,-46.4436503627819,4
TCGA-CJ-5672-01A,47.2355835124748,2.66039889861517,-47.1775762568438,4
TCGA-CJ-5680-01A,44.0213330553509,-20.5071012404538,-46.1256166229235,4
TCGA-CJ-6032-01A,39.3320692062341,-9.8893421665542,-49.972190116361,4
TCGA-CW-5581-01A,46.3956722750872,-5.54693950234272,-40.2592969241791,4
TCGA-CW-5584-01A,40.3695370370451,-12.5996388893127,-51.7958837458945,4
TCGA-CW-5585-01A,43.2739605582812,-6.59662183802897,-41.5130573963348,4
TCGA-CW-5591-01A,54.3640576454151,-14.8955115340109,-42.6954726038513,4
TCGA-CW-6088-01A,48.5051960641136,-11.1753214093747,-43.5817143481523,4
TCGA-CZ-4853-01A,46.3701381323821,-4.95376112413254,-46.4087855249799,4
TCGA-CZ-4859-01A,47.7341263605472,-14.5478668671974,-41.6101737205311,4
TCGA-CZ-4863-01A,44.257426083511,-16.2527608177547,-57.0268052357078,4
TCGA-CZ-4866-01A,57.3499312867137,-15.2710778942272,-38.3554245082605,4
TCGA-CZ-5463-01A,40.5271420056252,-8.17341297461688,-41.8101503175318,4
TCGA-CZ-5985-01A,36.1523311451313,2.46400032762102,-45.6180311516942,4
TCGA-DV-5567-01A,48.4645177501127,-18.5925398223316,-38.807708687736,4
TCGA-DV-5576-01A,49.7255273618331,-13.5493974280558,-49.2213316851826,4
TCGA-T7-A92I-01A,58.4047809800322,-14.9873457671311,-43.6979924332833,4
TCGA-A3-3322-01A,-15.880109037469,53.1789901894816,4.95201739137595,5
TCGA-A3-3324-01A,-11.8295546538374,61.0513255186055,17.1143306519382,5
TCGA-A3-3331-01A,-21.8348771128626,68.3758179683861,22.4913432700161,5
TCGA-A3-A8CQ-01A,-14.4134953033924,67.6388968368365,12.1974770885996,5
TCGA-A3-A8OV-01A,-12.0554377789782,49.3219009942001,7.82835074235961,5
TCGA-AK-3450-01A,-13.3533151116256,61.4939721194861,17.5889592142577,5
TCGA-B0-4838-01A,-14.4556072419542,70.5266485393472,21.6837979756388,5
TCGA-B0-5694-01A,-15.0834775372747,56.7424596451194,8.18897770786839,5
TCGA-B0-5698-01A,-12.9133171305407,61.4835227216482,11.3020626994848,5
TCGA-B0-5703-01A,-16.2226835774084,67.1854125747981,4.72781040677798,5
TCGA-B0-5709-01A,-12.7484350362385,67.7919005901706,13.3370802230374,5
TCGA-B2-3924-01A,-15.0885076637095,56.0633725803383,18.1342170616702,5
TCGA-B2-4101-01A,-17.5635936667154,46.2407538560941,12.0920819848445,5
TCGA-B2-5639-01A,-13.5941580543512,50.4921963891994,3.70865230652221,5
TCGA-B4-5836-01A,-21.8337930657577,65.605605317479,15.918624582392,5
TCGA-B4-5838-01A,-3.74481178160065,64.6374753493342,15.8130670357464,5
TCGA-B4-5844-01A,-13.9720946081377,72.8430607366694,17.9885548082707,5
TCGA-B8-4146-01B,-14.0396576545909,43.4466458066436,6.69067832566644,5
TCGA-B8-5550-01A,-12.4546095321482,60.2494326687032,6.74265999110601,5
TCGA-BP-4170-01A,-8.42163408989994,66.2065004573999,9.8390250856849,5
TCGA-BP-4174-01A,-10.83025718054,69.0723168272045,19.5612548501592,5
TCGA-BP-4766-01A,-8.15540806024076,69.1168549030199,8.17937603469907,5
TCGA-BP-4768-01A,-7.24473023396619,65.4479968409469,11.6776170837189,5
TCGA-BP-4771-01A,-9.02973206263151,68.0991092851743,15.2459352851879,5
TCGA-BP-4797-01A,-9.28562332022885,65.0219541340145,10.3563447755372,5
TCGA-BP-4801-01A,-7.21611342187255,63.22875519701,20.2321260820868,5
TCGA-BP-4803-01A,-11.8016709143065,56.4517277125213,9.20108495009659,5
TCGA-BP-4963-01A,-14.0926942928375,57.6304442108006,16.9882852595942,5
TCGA-BP-4973-01A,-11.1804483141507,62.0274028994347,7.80979211583563,5
TCGA-BP-4977-01A,-9.17241830706025,48.9186821625089,4.59777441028594,5
TCGA-BP-4987-01A,-6.3083296859393,62.7031499532781,12.4590409788093,5
TCGA-BP-5198-01A,-13.7153414957907,57.7982701622547,7.24311085447684,5
TCGA-CJ-4643-01A,-20.0310608503322,68.7128714679678,21.5529814636566,5
TCGA-CJ-4644-01A,-18.8413697730483,65.6966177524506,10.089750116619,5
TCGA-CJ-4870-01A,-19.1812823719233,56.1710554001279,12.4632190011186,5
TCGA-CJ-4887-01A,-18.9571791423498,66.1666271640542,17.394008433692,5
TCGA-CJ-5683-01A,-12.2903934172437,61.2677700113204,14.0044376357932,5
TCGA-CW-5587-01A,-11.1990946681489,61.6058659635074,8.84673249826701,5
TCGA-CZ-5453-01A,-11.2925388391776,48.5724992355479,5.1080022120842,5
TCGA-AK-3426-01A,-20.412612351219,-52.46248065361,-1.39593145598153,6
TCGA-AK-3453-01A,-10.0098945121279,-48.3300770272605,-2.79795359811351,6
TCGA-B0-4688-01A,-27.1396811516569,-42.6053822425825,-2.11886092814449,6
TCGA-B0-4697-01A,-19.5192907890708,-43.6200247702602,-9.33121934285223,6
TCGA-B0-4713-01A,-19.1092277858425,-47.535364571806,-2.20748916771006,6
TCGA-B0-4714-01A,-22.0164086884998,-53.3585032050407,-5.9963399713798,6
TCGA-B0-4718-01A,-20.1106268355489,-51.7529237661988,-2.73848532544423,6
TCGA-B0-4833-01A,-18.6386977168209,-35.8259190692447,-5.27238794273877,6
TCGA-B0-4841-01A,-22.2920735227532,-39.3606283656908,-5.99231906636971,6
TCGA-B0-4847-01A,-15.7995204165367,-50.9462991231754,-7.44003881353518,6
TCGA-B0-5085-01A,-12.9724607236046,-33.7397150238503,-3.96074516319544,6
TCGA-B0-5088-01A,-9.94819227143773,-30.8255351552303,-5.3097769178433,6
TCGA-B0-5100-01A,-27.3846545210071,-48.8844875438209,-0.659801708742167,6
TCGA-B0-5120-01A,-19.7760799984999,-43.2526987790743,-3.39131516987416,6
TCGA-B0-5121-01A,-22.8156389020396,-49.2679204143995,0.440770401822,6
TCGA-B0-5702-01A,-23.7275292254392,-49.2970407471241,5.98214042585479,6
TCGA-BP-4165-01A,-24.2156683457744,-45.1455862675396,-8.21436809328248,6
TCGA-BP-4169-01A,-25.9147333113732,-45.2137661301783,-2.30826128720105,6
TCGA-BP-4341-01A,-19.3813821661659,-39.9689849400678,-0.299714782346105,6
TCGA-BP-4355-01A,-17.0105108051747,-41.6115778152599,-6.09928831624426,6
TCGA-BP-4758-01A,-13.754238816861,-48.3788925037231,-10.6947723982377,6
TCGA-BP-4776-01A,-18.2989656939219,-45.0477111418027,-9.9929521089712,6
TCGA-BP-4960-01A,-22.7766094444382,-45.9375449072682,-0.535014568450256,6
TCGA-BP-4971-01A,-19.6799502037289,-27.4731452413442,4.49438836196208,6
TCGA-BP-4974-01A,-8.99365902077187,-31.3463701982021,3.59906716184387,6
TCGA-BP-4981-01A,-20.6661846905785,-42.7131468788815,-5.03283575121736,6
TCGA-BP-4992-01A,-17.8959404109705,-33.1671482352226,-6.00133969625636,6
TCGA-BP-5001-01A,-10.3295267771945,-27.7293804568539,-4.13580163115222,6
TCGA-BP-5010-01A,-19.765469070168,-46.4666473020021,-0.228599681741386,6
TCGA-BP-5175-01A,-21.5830729999102,-46.5551960201747,4.00985818294944,6
TCGA-BP-5191-01A,-22.3778914265361,-45.2184700124377,4.14601143583826,6
TCGA-BP-5199-01A,-25.3618695202369,-54.9580540724622,-7.07643899231201,6
TCGA-CJ-4642-01B,-20.5931242863151,-44.1179509258133,1.35557034745608,6
TCGA-CJ-4902-01A,-20.2158385518108,-51.4330275282527,3.21515908755544,6
TCGA-CZ-5458-01A,-17.112293154366,-40.06888658923,-0.754751308085223,6
TCGA-DV-5568-01A,-21.5191974137126,-52.1899243480534,-2.17410825917165,6
TCGA-G6-A8L6-01A,-22.9137602942172,-41.2669326551612,-7.02578785568633,6
TCGA-MM-A84U-01A,-15.0963667193242,-29.6475933033059,-1.57853484741614,6
TCGA-A3-3306-01A,9.39659376074162,34.6199848918491,12.0619610926502,7
TCGA-A3-3307-01A,8.57503357896839,25.1086137773549,20.3951094149938,7
TCGA-A3-3316-01A,-8.14549844469915,40.9298290443057,20.6894713966125,7
TCGA-A3-3320-01A,-1.89534827509932,28.6981690418707,38.1764496913771,7
TCGA-A3-3325-01A,-1.10520534899068,24.7210199629458,6.82262370186634,7
TCGA-A3-3326-01A,-7.13440924298565,44.7605074551504,20.9668518891925,7
TCGA-A3-3329-01A,11.4239204372924,29.1435543804614,15.9444226703519,7
TCGA-A3-3343-01A,2.9042081268326,33.0590309653402,13.0130915191604,7
TCGA-A3-3349-01A,-5.13422425210135,41.5856143780373,12.4034230569276,7
TCGA-A3-3351-01A,-18.0803034365021,36.5664982134811,25.209535051561,7
TCGA-A3-3352-01A,-0.863095704046422,24.4519253522766,19.3783821499292,7
TCGA-A3-3359-01A,-1.29606064958917,35.7252805882324,30.8687551416937,7
TCGA-A3-3362-01A,-6.63972681700123,39.0612427716081,37.1043872184786,7
TCGA-A3-3365-01A,6.37448578236136,25.7703655956503,18.5975464078863,7
TCGA-A3-3367-01A,-6.78990107701702,38.7343017556166,19.6976114441276,7
TCGA-A3-3372-01A,-4.46207185398047,15.1286342810754,8.23959738938902,7
TCGA-A3-3373-01A,4.98692009842627,26.8020932749814,34.1831222869784,7
TCGA-A3-3376-01A,1.99824460386101,34.8330350184219,20.4526525637012,7
TCGA-A3-3380-01A,-2.86430838743801,46.0205643915553,16.3513220136986,7
TCGA-A3-A6NL-01A,8.60075651942348,29.3083821495564,34.1765936120067,7
TCGA-A3-A6NN-01A,-6.55582825750509,41.0311618920394,21.8213376986989,7
TCGA-AK-3427-01A,-4.43612835107622,45.2010345221812,2.68429217027463,7
TCGA-AK-3428-01A,-7.58346137680372,37.9903097065193,11.8725907853206,7
TCGA-AK-3431-01A,-7.16786478671687,41.2170395213787,13.7172001467554,7
TCGA-AK-3434-01A,7.87222259754701,32.1880332749953,7.46355917423125,7
TCGA-AK-3447-01A,-9.52716128910519,36.3327052058533,1.94239792412675,7
TCGA-AK-3451-01A,-1.70614586964351,28.6715056305982,5.8685536469876,7
TCGA-AK-3455-01A,-0.0410605317536829,31.6651617799309,12.7583095054038,7
TCGA-AK-3458-01A,4.39455535055497,41.6226061115148,4.46377687907019,7
TCGA-AK-3460-01A,5.49138768781295,27.3488435908841,18.1235020508983,7
TCGA-AK-3461-01A,-3.58703368510444,38.969476413796,14.6703912057523,7
TCGA-AS-3778-01A,7.7038446863311,40.3381844004325,35.0068251249214,7
TCGA-B0-4693-01A,-6.67856424464894,29.3584362859232,34.9068097233436,7
TCGA-B0-4710-01A,5.22065109379767,40.2203972082189,26.0990289360265,7
TCGA-B0-4818-01A,5.7805258730665,17.4991545596652,11.6745264169703,7
TCGA-B0-4823-01A,2.46973663153993,29.3789574917362,18.925670037897,7
TCGA-B0-4845-01A,12.5150677066887,25.7519200509592,21.9448615072308,7
TCGA-B0-4846-01A,3.54076745338304,41.0855040181061,20.3433349496037,7
TCGA-B0-4848-01A,-7.16171898422589,21.2616699002034,6.91577761527216,7
TCGA-B0-4849-01A,-2.22501039192426,28.2763944010236,11.1866308260583,7
TCGA-B0-4852-01A,-1.88456523880319,37.0856224788695,5.207188508298,7
TCGA-B0-4945-01A,1.40972333811675,35.3407737676185,23.5034615009594,7
TCGA-B0-5104-01A,4.21984370292158,39.2818048098691,40.4515878875971,7
TCGA-B0-5110-01A,-5.08739661746514,31.4355755637625,41.8955101928299,7
TCGA-B0-5113-01A,-8.90900764696595,40.67971113129,26.9326856265821,7
TCGA-B0-5115-01A,3.60445441889168,16.5367399362553,11.6464740378048,7
TCGA-B0-5119-01A,-1.08357250735044,31.0150122220377,33.4486890055405,7
TCGA-B0-5399-01A,9.61880333959055,25.069414054283,17.1714365137839,7
TCGA-B0-5402-01A,0.240457559783526,33.341967119106,29.3581089997609,7
TCGA-B0-5690-01A,-1.45265339908747,27.4234708782065,8.36747164383775,7
TCGA-B0-5699-01A,3.02410570123177,33.7012604730325,34.7283437575805,7
TCGA-B0-5710-01A,7.01327635245247,36.0034732186585,20.1486167787512,7
TCGA-B0-5711-01A,1.53391786776195,24.1345337771661,28.3462991570621,7
TCGA-B0-5713-01A,2.95988425014829,37.8572537853764,36.0646834298558,7
TCGA-B0-5812-01A,-2.71545406762714,39.0635864888033,13.1579214915558,7
TCGA-B2-3923-01B,-10.9061882107055,33.5781902953615,4.60520170776421,7
TCGA-B2-3924-01B,-8.24781469725631,34.7843042912476,20.2786908491293,7
TCGA-B2-4099-01A,-2.92610773355275,38.9328640520508,5.9151728367042,7
TCGA-B2-4102-01A,-8.39092900274608,39.2505599274167,33.7207231049783,7
TCGA-B2-5633-01B,-11.9965047953787,26.497448586257,13.3767672957288,7
TCGA-B2-5635-01B,-2.80824304519812,41.1800888699369,8.17852903624867,7
TCGA-B2-5636-01A,-8.66840556026937,34.3399890515789,30.2383951496246,7
TCGA-B2-A4SR-01A,-0.978311269991367,39.8954840542889,14.75958178633,7
TCGA-B4-5378-01A,-6.45076859043217,24.6733792909743,21.2770801896569,7
TCGA-B4-5832-01A,-7.9710193839038,39.5254617095806,11.4853858347975,7
TCGA-B4-5834-01A,1.82889308705342,43.0104163362355,23.9381716969144,7
TCGA-B4-5835-01A,-4.98771373327854,28.114278608119,14.784530310553,7
TCGA-B4-5843-01A,4.86703814835164,24.6573987678516,23.9531592576566,7
TCGA-B8-4151-01A,7.2862812708386,39.101146015166,15.7008767833279,7
TCGA-B8-4154-01A,5.52030737244642,39.2540978429593,6.41487080707389,7
TCGA-B8-4622-01A,0.995544797455567,35.2893267339634,20.9477101310277,7
TCGA-B8-5545-01A,1.88411875722761,23.9657487088166,25.4446165499463,7
TCGA-B8-5549-01A,1.39813451845931,43.4276662136769,36.238895398861,7
TCGA-B8-5552-01B,3.20835318980655,31.8646641400213,34.2557894849265,7
TCGA-BP-4158-01A,4.70163865253718,44.143246375371,15.0284481344392,7
TCGA-BP-4159-01A,2.14256047591765,41.2052434699766,5.63049284129079,7
TCGA-BP-4160-01A,5.83153829676988,37.8572488906781,8.05587504416189,7
TCGA-BP-4161-01A,-11.8852207499997,36.3675927174896,13.3864114861751,7
TCGA-BP-4163-01A,-7.124540924109,36.9036304556561,25.2942048493941,7
TCGA-BP-4164-01A,2.05987114785131,41.6558641414602,37.2724708238336,7
TCGA-BP-4166-01A,5.84651991417449,27.8946807694679,16.2026778835812,7
TCGA-BP-4176-01A,-4.425980658554,24.2156559334848,-1.50435020300905,7
TCGA-BP-4177-01A,1.89987925408674,18.6040694048501,24.6623860903756,7
TCGA-BP-4325-01A,4.79579343160359,28.713153365859,27.8455857096818,7
TCGA-BP-4344-01A,-0.686746179623883,18.9937285356509,14.6599807762477,7
TCGA-BP-4349-01A,3.44002018349134,24.5327925052371,14.4921253605968,7
TCGA-BP-4762-01A,-2.24552083108926,35.8209427876487,16.3369033620034,7
TCGA-BP-4763-01A,-11.782981005666,38.1918209466492,14.3700237644892,7
TCGA-BP-4765-01A,9.21544638951459,27.1115744709547,22.552794665766,7
TCGA-BP-4769-01A,-12.0442033539799,26.6089679230099,17.093543304882,7
TCGA-BP-4770-01A,0.704419515382316,29.4423984613075,7.30328873075768,7
TCGA-BP-4774-01A,10.4645633918582,28.8804146298123,11.538420950738,7
TCGA-BP-4777-01A,4.6020781067582,32.2816780092491,8.08416189268956,7
TCGA-BP-4784-01A,1.92246703739257,33.7607564918886,6.8512380261112,7
TCGA-BP-4789-01A,-5.23102689729796,42.9308963209558,19.6725976384145,7
TCGA-BP-4790-01A,-4.39121677221552,28.0502291214956,23.2458913783706,7
TCGA-BP-4795-01A,-16.2502440805437,34.6361504756963,13.7211466840176,7
TCGA-BP-4799-01A,-7.85065567755643,32.7522780069938,4.64757010525839,7
TCGA-BP-4807-01A,0.959894823412067,35.7163418847561,28.8322058497757,7
TCGA-BP-4961-01A,-8.32733468267876,38.0651963973982,28.6272701000803,7
TCGA-BP-4964-01A,-12.4088050807719,40.8113081693129,19.4363954676432,7
TCGA-BP-4965-01A,2.98747161750025,35.7072053773585,43.9729355817436,7
TCGA-BP-4970-01A,-12.1154532571313,30.6186853851135,20.9704463985558,7
TCGA-BP-4972-01A,-16.6458784177059,36.0851231437467,21.661110809365,7
TCGA-BP-4975-01A,9.44873244778343,33.2845589679026,23.007563437762,7
TCGA-BP-4982-01A,-15.2031680153385,35.9392227514932,17.5226493836683,7
TCGA-BP-4991-01A,-5.84380094244115,42.4801730194639,19.3777139884015,7
TCGA-BP-4993-01A,-2.43560632569922,18.0375059237357,19.810097559259,7
TCGA-BP-4999-01A,-4.73050545384992,41.9140539615793,24.2799427253219,7
TCGA-BP-5006-01A,10.9049395486087,24.7622880589853,19.5369499237705,7
TCGA-BP-5007-01A,-9.63499973441643,38.1667920476114,19.150595826079,7
TCGA-BP-5008-01A,-5.69724424374065,32.0070729493006,28.2620637273221,7
TCGA-BP-5168-01A,5.09769475707932,24.6667526092651,27.0141934291007,7
TCGA-BP-5181-01A,0.27547220048942,36.9245768832787,37.954452444655,7
TCGA-BP-5184-01A,2.22071496026687,31.7115436651394,24.2878348647326,7
TCGA-BP-5186-01A,6.25482848207742,40.4437337249853,34.5655071221663,7
TCGA-BP-5192-01A,3.82478024065423,32.4071868393113,30.3276096657254,7
TCGA-BP-5194-01A,1.74632936138229,25.2612079697438,15.4857637916894,7
TCGA-BP-5200-01A,8.30756496654398,28.9370637890135,32.7989560863373,7
TCGA-BP-5202-01A,-4.99429964782838,36.3375075580801,27.5843795923616,7
TCGA-CJ-4639-01A,5.18128717991729,23.2176351365705,22.4498347801799,7
TCGA-CJ-4640-01A,-3.20894499644168,25.9167223355661,7.52795366043282,7
TCGA-CJ-4874-01A,-1.0357601309021,33.3477465203709,39.9069643855739,7
TCGA-CJ-4884-01A,2.08965081326291,31.4409609550196,37.0304160059858,7
TCGA-CJ-4885-01A,1.49713332080324,41.0782359072242,20.9553349029498,7
TCGA-CJ-4886-01A,0.939870618479048,34.6006815940499,17.3439978138181,7
TCGA-CJ-4892-01A,-1.03119909736561,32.0279911374526,33.5130149055338,7
TCGA-CJ-4899-01A,-1.49679421633472,35.2207282023575,15.1506623980525,7
TCGA-CJ-4904-01A,-7.10333316177462,41.140483827614,44.0368863691732,7
TCGA-CJ-4905-01A,-12.3119634431285,38.4798072502251,22.8516790131335,7
TCGA-CJ-4908-01A,-7.10553882518244,34.8564391292225,16.5834856931424,7
TCGA-CJ-5678-01A,7.30412810587554,36.2159100046111,12.4819143616196,7
TCGA-CJ-5686-01A,-4.49232442894988,30.8504140945474,31.0320958403787,7
TCGA-CW-5580-01A,2.66160450603277,29.2807267942194,37.5585219556779,7
TCGA-CW-5583-01A,7.4466272652161,38.7934040842607,31.5628668922494,7
TCGA-CW-6093-01A,-4.85333669384771,27.2122591410557,21.098398526918,7
TCGA-CZ-4856-01A,-8.062723043189,30.6837168395641,27.1665355355257,7
TCGA-CZ-4861-01A,-5.12253815438514,38.8059715785282,19.7150618491423,7
TCGA-CZ-4862-01A,7.62421705318754,37.8459941185308,34.303426342031,7
TCGA-CZ-5451-01A,-0.800810510485163,37.5151590965831,27.0345196050585,7
TCGA-CZ-5454-01A,-5.99787302113171,42.0716202788848,12.0909558046914,7
TCGA-CZ-5455-01A,6.58633172420373,29.5317803247105,9.36315444325607,7
TCGA-CZ-5457-01A,-7.22809226648217,37.2117274379396,4.99219108728508,7
TCGA-CZ-5462-01A,7.60997519216229,31.3180001404873,10.8984540381783,7
TCGA-CZ-5467-01A,-2.66164056037698,30.4198615468762,23.355106199383,7
TCGA-CZ-5470-01A,10.2710845476602,26.0208049032933,12.1531631582648,7
TCGA-CZ-5982-01A,-2.24563135353519,34.6406700524676,43.7141843258985,7
TCGA-CZ-5984-01A,8.26631746657528,37.5870845268412,29.4681512603573,7
TCGA-CZ-5986-01A,0.874471046482924,29.9853035094546,42.1903576069408,7
TCGA-CZ-5989-01A,-11.2825431043508,32.326081399402,13.5553007371834,7
TCGA-DV-5569-01A,-7.47645595090762,35.7132139431727,37.0249379698685,7
TCGA-EU-5904-01A,1.93696798291341,37.2397941302242,26.5312755198724,7
TCGA-EU-5906-01A,7.10229242305567,28.2504817689153,33.5457066957569,7
TCGA-GK-A6C7-01A,-10.762275700157,37.1302035005896,26.0962539923714,7
