Sample,X,Y,Z,Cluster
TCGA-3Z-A93Z-01A,0.356063832899997,-2.39315637046407,9.05708952581668,1
TCGA-6D-AA2E-01A,17.8407549132522,-5.52535535527135,-39.9229096344765,1
TCGA-A3-3306-01A,16.012832333198,-10.2989273729554,-22.5956806290053,1
TCGA-A3-3307-01A,19.5992089408075,0.483920950552292,-34.632701988824,1
TCGA-A3-3308-01A,11.8164542026217,13.2959116466403,-3.10542183007923,1
TCGA-A3-3311-01A,23.7587848568808,-4.50463899993798,-16.0853254964544,1
TCGA-A3-3313-01A,24.7981930744026,-9.65248089979391,13.4167331800539,1
TCGA-A3-3316-01A,-0.0426317651162061,18.0350631216933,-16.3860431733711,1
TCGA-A3-3317-01A,22.3133784597905,-11.3109770188841,3.25174444128824,1
TCGA-A3-3319-01A,14.8050509663863,17.0113799451109,-13.7895506547737,1
TCGA-A3-3320-01A,20.7760777347318,9.45857959094239,-25.80501605528,1
TCGA-A3-3322-01A,12.3456669891697,9.34357807232587,-34.1248944242931,1
TCGA-A3-3323-01A,13.3009433736156,14.3456878702484,-25.5502427827905,1
TCGA-A3-3324-01A,24.4553984094189,5.85922331008503,-7.37455370165353,1
TCGA-A3-3326-01A,7.70900171784724,7.9617041924583,-37.1518781660342,1
TCGA-A3-3328-01A,17.8424870367794,11.936569438076,9.93480465441734,1
TCGA-A3-3329-01A,11.5164029523984,-4.36217963345896,-18.4933724712208,1
TCGA-A3-3331-01A,16.6905601466062,10.5782194426864,-18.6871439685748,1
TCGA-A3-3335-01A,19.5727125351616,-5.9330162204713,-21.7563955545898,1
TCGA-A3-3343-01A,10.0473427438321,-11.8625002129824,-27.6524242240873,1
TCGA-A3-3346-01A,15.1718263824567,25.5152075912741,-10.1928403703588,1
TCGA-A3-3347-01A,9.04516500812515,16.4290380349188,-21.4156111427563,1
TCGA-A3-3349-01A,19.5296906010579,4.58787512887772,-19.4015485081593,1
TCGA-A3-3351-01A,20.8592954471985,9.28713214810854,-31.73543467107,1
TCGA-A3-3352-01A,15.2562458148997,5.61405520810045,-32.8868039759057,1
TCGA-A3-3357-01A,-4.58892042953117,22.1279110767864,-10.0409209196664,1
TCGA-A3-3358-01A,5.46353279045991,14.9265048285992,-23.6356815172667,1
TCGA-A3-3359-01A,8.72003412321534,-1.07433173305301,-26.2219786025169,1
TCGA-A3-3362-01A,16.5567673118776,11.6574306114372,-29.2108724273529,1
TCGA-A3-3363-01A,8.07434582165457,4.88198218851692,-33.4937286023753,1
TCGA-A3-3365-01A,14.3572490158772,-1.88096740161666,-17.5488348074447,1
TCGA-A3-3367-01A,13.8104581071689,11.1378082027754,-23.428231558786,1
TCGA-A3-3370-01A,18.8352625044871,3.2994921220227,-27.9495750841561,1
TCGA-A3-3372-01A,17.3596530474377,21.3339276327299,-17.5055657446722,1
TCGA-A3-3373-01A,14.6486669086559,-0.153837489633806,-8.85332652191988,1
TCGA-A3-3374-01A,22.4248315554067,1.03560042803239,12.6495314776585,1
TCGA-A3-3376-01A,12.7446736392406,3.81414581123299,-16.3506587602804,1
TCGA-A3-3378-01A,3.55738068565223,12.504758507669,-26.9852333558753,1
TCGA-A3-3380-01A,20.7664493613774,10.7475615421823,-36.2291654919872,1
TCGA-A3-3382-01A,24.8695353594371,-5.51258813420612,12.7237812667916,1
TCGA-A3-3383-01A,-1.35634880240772,11.8279575939664,9.07695380181335,1
TCGA-A3-3385-01A,19.921250437477,-3.73208808035002,-26.9905942075609,1
TCGA-A3-3387-01A,20.4244150296604,13.6789309724465,1.75521290406471,1
TCGA-A3-A6NI-01A,-2.85991091973369,10.4036490047568,14.0980938464387,1
TCGA-A3-A6NJ-01A,17.4822620065987,9.15686857700777,-28.2484088311139,1
TCGA-A3-A6NN-01A,4.25241218447001,13.860292963352,-16.729409905437,1
TCGA-A3-A8CQ-01A,19.8333946847188,17.5396456683434,-23.272168123907,1
TCGA-A3-A8OV-01A,15.1297416011166,12.0717576133695,-43.0760266370608,1
TCGA-A3-A8OW-01A,-5.84544406915049,2.47120387620717,12.5809834689629,1
TCGA-AK-3425-01A,-1.14098566775443,7.06843629751218,7.46245608902181,1
TCGA-AK-3427-01A,5.84885699004788,-0.888703893394171,11.3840884888904,1
TCGA-AK-3428-01A,14.3000164992698,-10.0126993014719,-20.0861288995443,1
TCGA-AK-3429-01A,17.763815263092,9.17250174865842,-12.5170283176839,1
TCGA-AK-3431-01A,19.3366185985011,1.69144246839198,-10.6282659947328,1
TCGA-AK-3433-01A,21.8727791551861,11.1619706430063,5.40748407061824,1
TCGA-AK-3434-01A,-4.56145903988973,3.202225844932,5.41709715073443,1
TCGA-AK-3436-01A,8.43806355603128,8.6920197584123,-7.5729666849565,1
TCGA-AK-3440-01A,20.2515206558805,5.32769973303077,9.16861639570437,1
TCGA-AK-3443-01A,22.9774529974302,-1.13652159883798,3.3211788601977,1
TCGA-AK-3445-01A,12.3587575879572,-5.54046148673507,6.05802476178482,1
TCGA-AK-3447-01A,-8.61333303016882,-0.816632660199221,10.6301702115533,1
TCGA-AK-3450-01A,11.1464299708461,-9.87587782455276,-21.7387568116184,1
TCGA-AK-3451-01A,-6.48564180222589,13.9443373192022,10.0354238915294,1
TCGA-AK-3455-01A,2.36495937376637,-13.5009729236046,-19.1963851464513,1
TCGA-AK-3456-01A,8.3632969210999,6.55426942242436,-5.78683828839846,1
TCGA-AK-3458-01A,8.57813611173992,6.26808117716995,-40.8506345109158,1
TCGA-AK-3460-01A,12.9688890716455,3.6128376517467,-26.8913404040407,1
TCGA-AK-3461-01A,6.03893071430871,12.7995972054148,-33.1263042893549,1
TCGA-AK-3465-01A,22.3390068734927,-3.43810802718814,4.88020033329436,1
TCGA-AS-3777-01A,9.42848645866009,7.26696486262834,1.11434019901073,1
TCGA-AS-3778-01A,22.0710099012441,16.695291521479,-40.0657497991206,1
TCGA-B0-4688-01A,-0.564963194294842,10.9142944314836,8.94662595429291,1
TCGA-B0-4690-01A,7.636026842091,18.3178218589014,-9.33553057860413,1
TCGA-B0-4693-01A,20.2559012715508,5.64152318442841,-29.0859122649497,1
TCGA-B0-4694-01A,18.2232673502347,18.4689554420243,-13.8390468729499,1
TCGA-B0-4698-01A,6.83799984797206,21.7885994582149,1.88118290627095,1
TCGA-B0-4699-01A,17.3300277915738,12.4282712531275,10.258478013359,1
TCGA-B0-4703-01A,0.579139731438003,12.1984370930867,12.049164391278,1
TCGA-B0-4707-01A,22.9630003058346,19.9631015403846,-4.97928515760811,1
TCGA-B0-4710-01A,5.43468162907919,12.4918756589094,-26.8956825853237,1
TCGA-B0-4712-01A,0.63668655698804,3.65937729101816,0.0460737353905884,1
TCGA-B0-4712-11A,28.5700751307776,-14.457871476959,17.7325236362178,1
TCGA-B0-4713-01A,-5.17435800478544,8.16413590782578,7.51845738290812,1
TCGA-B0-4813-01A,3.41311719501929,6.27141256023358,9.10894452329873,1
TCGA-B0-4814-01A,8.96594709504251,-2.32195882683077,-25.6732167050234,1
TCGA-B0-4817-01A,-9.21954731276737,14.1297147502023,14.635044428764,1
TCGA-B0-4818-01A,-2.23882910945666,9.37652137694048,13.3412922724825,1
TCGA-B0-4823-01A,10.4757577238824,-4.17366416486833,-1.23574267687837,1
TCGA-B0-4824-01A,7.14191817616256,11.9935715433195,-43.5699205879064,1
TCGA-B0-4827-01A,-7.22998965595143,11.0841746790236,6.04997141898362,1
TCGA-B0-4834-01A,21.4104944364292,2.15045036113087,7.97959788262207,1
TCGA-B0-4836-01A,16.8252019198189,17.5131839104283,-5.80374977493658,1
TCGA-B0-4837-01A,10.7232891180958,14.2046081596816,-12.7554255118392,1
TCGA-B0-4838-01A,2.90874996490612,13.2638848558865,-27.7735801323796,1
TCGA-B0-4839-01A,-13.845251707328,1.46107715988478,13.6166932074663,1
TCGA-B0-4841-01A,-12.4321767101591,-1.17050326903578,15.7329422932807,1
TCGA-B0-4842-01A,-4.42935198500686,2.23886415288865,12.2588663050407,1
TCGA-B0-4846-01A,17.6810846692638,10.4907353323362,-31.2470599602178,1
TCGA-B0-4848-01A,12.3482986582726,15.2663668885627,-8.50127073044619,1
TCGA-B0-4852-01A,16.683989373444,-0.0320649181637052,-15.5330507628285,1
TCGA-B0-4945-01A,9.7394576915412,26.9286891926417,-19.6437515942707,1
TCGA-B0-5075-01A,8.2581266210388,6.43896931603844,-32.7227876964653,1
TCGA-B0-5080-01A,1.84601233949143,7.85001104431141,-2.59441893827732,1
TCGA-B0-5081-01A,12.8309280302603,24.851348398454,-21.2250753644211,1
TCGA-B0-5083-01A,19.3678176557735,12.3747099688137,7.56025058110608,1
TCGA-B0-5084-01A,-2.24250478910289,4.256961915643,-3.48180964964336,1
TCGA-B0-5096-01A,-1.3566066428477,5.95972990955521,-0.911778733737956,1
TCGA-B0-5097-01A,14.3005773362772,20.5535286565057,-10.8298627905583,1
TCGA-B0-5099-01A,19.6166781406081,16.0692335081845,-19.9540970108947,1
TCGA-B0-5100-01A,-5.93628200177981,4.29332387527341,12.3465515379776,1
TCGA-B0-5102-01A,3.20791455317619,-2.79419748725364,0.446210236364033,1
TCGA-B0-5104-01A,9.26429058088643,7.8494550182537,-32.2784967888765,1
TCGA-B0-5108-01A,0.419668509950484,18.8867428846883,-14.6626553227863,1
TCGA-B0-5110-01A,16.9220182623628,2.95855651552977,-25.3947076636294,1
TCGA-B0-5113-01A,20.0800624760314,16.5063843097421,-27.0166669515339,1
TCGA-B0-5115-01A,9.90510393084902,3.33330419222818,-27.3388270925029,1
TCGA-B0-5116-01A,-0.644695698845406,11.4025071962078,3.89155559321776,1
TCGA-B0-5117-01A,23.1504034889741,4.97152181301754,5.33106911704707,1
TCGA-B0-5119-01A,15.4143759325664,-3.31481058824974,-17.3341772295991,1
TCGA-B0-5120-01A,18.8258892968772,16.8279805417723,-30.1108941753985,1
TCGA-B0-5399-01A,-15.6361164624733,7.76259362339658,1.46974857019882,1
TCGA-B0-5402-01A,21.3188299648306,8.93205845929742,-23.0354404318716,1
TCGA-B0-5690-01A,17.6240470909506,-9.15974855248535,-23.4149739939465,1
TCGA-B0-5691-01A,11.6420353172296,-5.37038750713009,-20.7003124016335,1
TCGA-B0-5692-01A,13.712333859895,-1.27477831392735,-16.7332177978113,1
TCGA-B0-5693-01A,11.6308271910624,-2.8950553785937,-30.4519320785654,1
TCGA-B0-5695-01A,20.6261946908032,-8.46623074934993,-20.81904672228,1
TCGA-B0-5696-01A,17.9274986458703,-10.2771869051915,-22.4497992246698,1
TCGA-B0-5697-01A,13.7549432589302,12.0755517042195,7.19303879847825,1
TCGA-B0-5698-01A,1.0389529849963,6.47749317195337,-7.08720900026113,1
TCGA-B0-5700-01A,11.3131802267088,-0.187377524597423,-18.6796699724905,1
TCGA-B0-5701-01A,-6.19593134406193,-0.288779935205262,-1.58266747964807,1
TCGA-B0-5702-01A,-0.325906416680665,14.8735858241949,3.40440081074436,1
TCGA-B0-5703-01A,20.6014323202207,-6.6411455228099,-36.4785365141697,1
TCGA-B0-5705-01A,14.2683071058136,3.80827670430812,-34.097977793903,1
TCGA-B0-5706-01A,22.217306482579,9.72513725910488,-22.994772852224,1
TCGA-B0-5706-11A,19.756045552342,-10.7638675001012,22.5358406415184,1
TCGA-B0-5707-01A,-10.6501573532907,2.02488612586353,15.3663567788287,1
TCGA-B0-5709-01A,10.9433310394766,4.71974173000623,-14.1117545951268,1
TCGA-B0-5710-01A,18.6310585637263,12.7069051972474,-11.9859677469833,1
TCGA-B0-5711-01A,17.9188650785701,3.67665318703908,-12.2920775352097,1
TCGA-B0-5712-01A,10.0803612545183,-10.5983641765734,-13.1181003499847,1
TCGA-B0-5713-01A,17.859294350729,9.41561466233799,-24.6813098200776,1
TCGA-B0-5812-01A,15.9574429842401,9.48086545865367,-21.8595752594403,1
TCGA-B2-3923-01A,19.9484272690886,1.48132463529768,-4.58994515543747,1
TCGA-B2-3923-01B,26.2529057243314,-2.06000590553191,2.12485983364435,1
TCGA-B2-3924-01A,19.5282399336544,9.50237307121585,-26.0257186656394,1
TCGA-B2-3924-01B,35.1576549938147,-11.5212089042412,1.03188370032231,1
TCGA-B2-4099-01A,12.7333727642686,-10.7633526407639,-27.0481704015255,1
TCGA-B2-4101-01A,27.8617947118791,12.7903763404942,-23.5835907444019,1
TCGA-B2-4102-01A,12.7514101939323,7.52478011745325,-33.22132430109,1
TCGA-B2-5633-01A,3.21013899346777,6.63679369120246,-33.9744560998998,1
TCGA-B2-5633-01B,23.4831036600167,1.75562786748767,0.67806060652245,1
TCGA-B2-5635-01A,5.76964788126988,4.8510002473443,-29.7424968137921,1
TCGA-B2-5635-01B,21.2299984823906,0.0773865356289958,12.1921605399489,1
TCGA-B2-5636-01A,13.1552759383749,5.23587324887538,-6.29778906263588,1
TCGA-B2-5639-01A,1.64351617584706,10.2236710507571,3.54369675346652,1
TCGA-B2-5641-01A,8.70981276993369,20.87901644978,-17.8883086597696,1
TCGA-B2-5641-11A,21.9193326001231,-7.60908394951063,5.27479450477383,1
TCGA-B4-5377-01A,17.3111767095735,-0.0249916298741756,-22.7816400669126,1
TCGA-B4-5378-01A,1.15668229084097,15.6957528846229,-27.5568999988574,1
TCGA-B4-5832-01A,26.8499171286257,-13.7541236700936,6.52148737587024,1
TCGA-B4-5834-01A,21.4589545456831,5.39053059805027,-7.78750188867189,1
TCGA-B4-5835-01A,18.2302320252972,9.17105486291307,0.40712174791873,1
TCGA-B4-5836-01A,22.7120538846772,6.80087202604727,-23.4662553588531,1
TCGA-B4-5838-01A,18.9604626268749,4.51100613498298,-11.5775621482538,1
TCGA-B4-5843-01A,12.7980374218596,11.0649440652675,-15.6573695470163,1
TCGA-B4-5844-01A,16.123966793668,1.64431990818343,-24.2121995693109,1
TCGA-B8-4146-01B,22.6539284976588,-6.68422036157892,2.32578760187278,1
TCGA-B8-4151-01A,12.102328189804,-4.40086946779955,-15.8812431038396,1
TCGA-B8-4153-01B,-3.83963754710817,5.03339546270523,4.82425114770686,1
TCGA-B8-4154-01A,6.59515167015143,-17.394305471755,-19.968895097343,1
TCGA-B8-4619-01A,17.9460558163693,5.09308636191255,2.61469526953891,1
TCGA-B8-5158-01A,17.9314450446173,-3.22548335498598,-11.5689417240437,1
TCGA-B8-5159-01A,14.7064766790072,13.5616180849016,-6.88537905701746,1
TCGA-B8-5162-01A,13.1099000913222,9.36319376623973,-13.7855078775812,1
TCGA-B8-5163-01A,17.5263189222988,14.4865966434041,-16.5651475842271,1
TCGA-B8-5164-01A,18.839015834824,4.65793910517737,-4.53693067003913,1
TCGA-B8-5165-01A,15.4661492673476,-7.59756576303015,-18.1722833914737,1
TCGA-B8-5545-01A,5.74707062937743,4.7657620997011,-10.0470806305844,1
TCGA-B8-5546-01A,15.9303001790085,3.40806135142916,-7.60079990249482,1
TCGA-B8-5549-01A,24.9894375822947,14.9688232374953,-19.9271790595042,1
TCGA-B8-5549-11A,26.5206404595791,-9.50517112548382,7.4231114449737,1
TCGA-B8-5550-01A,10.0437066527936,24.1720610447175,-13.2334996533585,1
TCGA-B8-5551-01A,4.2030897733682,7.86415790846279,-1.6004755365142,1
TCGA-B8-5552-01B,24.7171335808628,11.9699785730825,-17.3236552342532,1
TCGA-B8-5552-11A,27.7375696431005,-2.7949020816464,9.94544721739787,1
TCGA-B8-5553-01A,14.0450304254141,0.625320962848354,-1.16357631171829,1
TCGA-B8-A54G-01A,-5.31300631807076,2.20543932515327,16.5392737896983,1
TCGA-B8-A54H-01A,19.3454339869921,0.422882994284658,-20.6662515077682,1
TCGA-B8-A54J-01A,15.431191551945,8.13242688417507,-37.4987676537693,1
TCGA-B8-A8YJ-01A,9.29117851751276,15.5808252737801,-21.44437028885,1
TCGA-BP-4159-01A,5.74403236487036,0.724416702061125,6.77096066168132,1
TCGA-BP-4160-01A,19.1886093320084,-1.05356190325149,-16.8263943328191,1
TCGA-BP-4161-01A,3.46064291079658,1.06302520601249,-27.770336033455,1
TCGA-BP-4162-01A,18.5842954072259,13.0497564413289,-17.9261973750858,1
TCGA-BP-4164-01A,15.2319021813489,4.17479815349501,-19.7190181105935,1
TCGA-BP-4165-01A,10.1832265862251,7.18618528063446,-28.386207391578,1
TCGA-BP-4166-01A,19.4572549961023,16.3184823017007,-11.7961473959784,1
TCGA-BP-4169-01A,12.2037453225098,18.1148862660047,-18.5608895675271,1
TCGA-BP-4170-01A,11.6264821665254,-10.0835580239186,-13.9631907020155,1
TCGA-BP-4173-01A,4.46669154459268,12.5478353068827,2.00797610114711,1
TCGA-BP-4174-01A,26.4447275235079,13.5937214747803,-15.9160491208601,1
TCGA-BP-4176-01A,18.2263881475042,-11.905482290277,9.48057207517511,1
TCGA-BP-4177-01A,20.1665871972045,5.25272674256157,-12.5746799580571,1
TCGA-BP-4325-01A,6.80329314443975,10.6190571164274,-39.1480426703087,1
TCGA-BP-4329-01A,28.8370857390089,5.91912796514638,-21.0570051291609,1
TCGA-BP-4330-01A,15.2345402561639,4.07070424620308,-21.6721838438922,1
TCGA-BP-4332-01A,17.0802704410553,-5.65084552733516,-17.5085199798522,1
TCGA-BP-4334-01A,2.87307141053297,-2.45118843215256,-1.30198947818177,1
TCGA-BP-4337-01A,3.64008841929283,19.3294062905698,-6.39585344954388,1
TCGA-BP-4338-01A,16.5146336318765,13.5381874276715,-3.1236621907668,1
TCGA-BP-4340-01A,26.3235662866194,8.79899044224281,-22.3522962613487,1
TCGA-BP-4342-01A,4.19629031190497,14.9005313789095,-25.294155641601,1
TCGA-BP-4343-01A,6.8840771847405,13.4885876171524,4.28406652802447,1
TCGA-BP-4344-01A,17.2594304952086,7.34747135668697,-22.0342292394069,1
TCGA-BP-4345-01A,6.21539544241401,8.27353495722662,-1.96787547180651,1
TCGA-BP-4347-01A,16.2378489809808,19.8148331344104,-10.1151013135773,1
TCGA-BP-4353-01A,11.903070502739,14.3452991850267,-11.3946737324219,1
TCGA-BP-4756-01A,20.1550840332486,20.3224898852633,-11.8789632402938,1
TCGA-BP-4758-01A,-8.32512367268022,8.46811979183216,16.5900257470093,1
TCGA-BP-4759-01A,-5.15956592822606,5.45472838424813,2.05294023997343,1
TCGA-BP-4760-01A,8.51598627084958,5.69486417982788,-22.9651406163384,1
TCGA-BP-4761-01A,7.78843411429042,5.50728448039374,18.3504251477071,1
TCGA-BP-4762-01A,11.0819068745914,1.54858923359994,-10.2249251286989,1
TCGA-BP-4763-01A,18.2715275130485,-1.37078299539919,-10.1776340479812,1
TCGA-BP-4765-01A,12.3038614262105,3.9171486300097,-29.7286311666712,1
TCGA-BP-4766-01A,8.6270011842407,4.83157812683206,-29.9983284080778,1
TCGA-BP-4768-01A,0.528490439621183,12.929370216224,-29.8991672391647,1
TCGA-BP-4770-01A,4.40768056964666,9.68856218844168,-2.84553410895982,1
TCGA-BP-4775-01A,12.5884176621805,9.83476908423402,-25.2472720642185,1
TCGA-BP-4777-01A,22.3893215884528,8.03352955592919,-21.4133100862902,1
TCGA-BP-4781-01A,15.9728792885444,9.67386273832125,0.582235362714136,1
TCGA-BP-4782-01A,-1.50054776259485,1.2888700103388,6.41787348387218,1
TCGA-BP-4784-01A,-3.06905977982647,9.18969565737456,-1.45537679727104,1
TCGA-BP-4787-01A,26.3535900392542,3.29826055438326,6.80965794999606,1
TCGA-BP-4789-01A,8.38307312177847,-5.74342901194427,-21.138438503078,1
TCGA-BP-4790-01A,5.9016344526372,4.75704911707188,-5.42607187869943,1
TCGA-BP-4795-01A,9.25839909505947,17.4389632966877,-18.2864723846027,1
TCGA-BP-4797-01A,5.33978511387049,0.767779904789165,-6.22552640587423,1
TCGA-BP-4798-01A,-1.69604858842359,1.78563512494003,3.22179404032203,1
TCGA-BP-4799-01A,24.0784220133718,-11.2665064985394,12.6792657682587,1
TCGA-BP-4801-01A,8.46751031648109,3.53643088119205,-17.5660131557315,1
TCGA-BP-4803-01A,11.6128553741542,20.0086816531177,-12.3784193428825,1
TCGA-BP-4804-01A,18.1676744853442,20.1740259178859,-10.4923636691885,1
TCGA-BP-4807-01A,11.223602392993,1.51918087155389,-0.265156370406294,1
TCGA-BP-4961-01A,17.6650861838645,24.1454073087072,-22.3878886038543,1
TCGA-BP-4962-01A,-8.13054901359288,1.59488582227607,3.61073567022283,1
TCGA-BP-4964-01A,18.945479514899,2.90221127272406,-25.2556107962636,1
TCGA-BP-4965-01A,9.79588607878159,-1.76526297006647,-6.49499396058028,1
TCGA-BP-4968-01A,-4.82455352061955,2.03151835329964,4.80218269911674,1
TCGA-BP-4970-01A,9.68741626179328,13.5875466068001,-5.5080255871812,1
TCGA-BP-4972-01A,8.18747864053441,-3.08682598015229,-15.4197841626167,1
TCGA-BP-4975-01A,9.25635374709272,-11.64362653976,-22.3583723385448,1
TCGA-BP-4976-01A,8.52610009667576,0.279286868830976,-21.4672121008766,1
TCGA-BP-4977-01A,1.90749671632847,4.48745392631121,5.21371613839279,1
TCGA-BP-4982-01A,14.7766427204769,2.61540000029886,-21.5176539267381,1
TCGA-BP-4985-01A,7.80960683249649,5.58109565710472,12.5516455450999,1
TCGA-BP-4986-01A,11.8065490250119,14.8801659668083,-19.8000773842246,1
TCGA-BP-4987-01A,19.5639020437767,7.64855938947518,-31.989986247915,1
TCGA-BP-4991-01A,16.6907619913727,9.97255553174079,-25.0828805885951,1
TCGA-BP-4993-01A,19.2747050536857,-7.68497574128237,-14.0023673541007,1
TCGA-BP-4994-01A,22.2212834549058,0.762662554259989,11.6889214383481,1
TCGA-BP-4995-01A,22.4479613506186,2.95765757976993,3.79453466945481,1
TCGA-BP-4999-01A,17.4071165243946,4.39469552899228,-26.7458226924474,1
TCGA-BP-5004-01A,24.1216732741885,4.06922681262878,-22.0973078641828,1
TCGA-BP-5006-01A,11.0634378361488,-13.6508064298658,-18.2692661874814,1
TCGA-BP-5007-01A,13.9487414365232,8.98843234341129,-37.7632712726404,1
TCGA-BP-5008-01A,27.5377579622717,-8.7219835825213,4.41049273147656,1
TCGA-BP-5168-01A,8.93996006328461,-13.1999326128192,-28.7043828722255,1
TCGA-BP-5170-01A,5.43903735709584,4.99276394080834,2.81946079808306,1
TCGA-BP-5173-01A,27.8967533094718,11.2527994319927,-19.4830794560923,1
TCGA-BP-5174-01A,14.2653390678799,-10.2385622435019,-20.6316734834,1
TCGA-BP-5175-01A,-11.2792445454298,1.27172414974343,7.30109869951774,1
TCGA-BP-5176-01A,14.5662549635819,-13.197729290563,-12.2482459223609,1
TCGA-BP-5177-01A,9.39203552991233,16.1519712272314,-33.4572975381249,1
TCGA-BP-5180-01A,17.0289958486137,-6.18825412704709,-30.012658070929,1
TCGA-BP-5181-01A,17.9688656422019,4.28727874141299,-24.3519771287865,1
TCGA-BP-5182-01A,8.6334815367865,7.25134831336954,-0.179888651117686,1
TCGA-BP-5183-01A,9.76734365681448,11.2917432113879,-33.8142955300717,1
TCGA-BP-5184-01A,11.4593964372617,-5.79498764661816,-18.3234066513322,1
TCGA-BP-5185-01A,-1.26161118049818,-3.2444423235875,2.62438423927916,1
TCGA-BP-5186-01A,12.572416566039,-15.0343340405351,-25.7772084986803,1
TCGA-BP-5187-01A,12.0022334094276,-13.8113333564252,-6.58790012234262,1
TCGA-BP-5189-01A,17.5511638193336,8.64753735405842,-17.3024790735648,1
TCGA-BP-5192-01A,15.328967117785,-12.4281050377815,-31.8142829790339,1
TCGA-BP-5194-01A,18.480501853295,-0.846823602640605,-19.3774719398784,1
TCGA-BP-5195-01A,13.4455952926148,11.4374335673913,-14.1013352523693,1
TCGA-BP-5196-01A,8.72179322765423,12.1587812458053,-2.33513051542557,1
TCGA-BP-5198-01A,12.1800580467864,15.4163631594118,-8.19222394563208,1
TCGA-BP-5200-01A,10.8780593041433,15.7788324598083,-20.8842823132663,1
TCGA-BP-5201-01A,22.6431541011017,-5.02838361259758,-16.9057409115057,1
TCGA-BP-5202-01A,23.6485041178514,-6.09271675421601,-17.8610404153523,1
TCGA-CJ-4634-01A,13.1909836518176,2.83587696248463,-24.6284829797795,1
TCGA-CJ-4635-01A,8.44506923753007,11.0419076016602,-28.473290897774,1
TCGA-CJ-4639-01A,19.9370899800536,1.09111579904171,-26.6161418996265,1
TCGA-CJ-4640-01A,4.46674384561524,-13.0303946127765,-17.7687654033801,1
TCGA-CJ-4642-01B,9.67639629324,22.5018480585968,-23.1982825412454,1
TCGA-CJ-4643-01A,9.19498239718865,10.8921317931921,-27.5848911645169,1
TCGA-CJ-4644-01A,12.0855892374468,-11.6159074279928,-20.8445824589651,1
TCGA-CJ-4868-01A,5.04149112533085,17.9753847938214,-4.55598240904797,1
TCGA-CJ-4869-01A,4.97418762601824,6.02460885107653,3.00594067961857,1
TCGA-CJ-4870-01A,13.9578786409085,-8.32414699682237,-19.6679543474214,1
TCGA-CJ-4871-01A,5.46357174956407,1.24318558697662,-5.26942403194671,1
TCGA-CJ-4872-01A,5.35587602628825,8.37328122156119,-11.759007851702,1
TCGA-CJ-4874-01A,11.7436283324061,-2.51501112755572,-25.2950403855932,1
TCGA-CJ-4876-01A,18.6716069221063,15.153020103219,-19.1468738004894,1
TCGA-CJ-4885-01A,14.5406586681843,-6.59736217142235,-29.2808486473521,1
TCGA-CJ-4886-01A,18.5049792868478,10.3139277241804,-16.743154502854,1
TCGA-CJ-4888-01A,-2.60363762967217,8.93010599866962,0.528678995533468,1
TCGA-CJ-4889-01A,11.5249835098816,19.0694364391264,-14.3464251009868,1
TCGA-CJ-4890-01A,18.2963438668234,10.5431508218668,-19.2581023524805,1
TCGA-CJ-4892-01A,16.7776530525865,4.39233573653223,-23.1221627195476,1
TCGA-CJ-4893-01A,21.4165343024936,4.03632411931057,-14.5872242935487,1
TCGA-CJ-4894-01A,16.8716286784899,11.5105437683633,-25.7194719592022,1
TCGA-CJ-4895-01A,-8.27736297678044,8.83105235960642,10.3892932315931,1
TCGA-CJ-4897-01A,26.337563404209,-5.27139013419639,-21.1743542283355,1
TCGA-CJ-4899-01A,23.2079930597585,-5.72600144791317,-4.74001900699653,1
TCGA-CJ-4903-01A,17.2319461761214,3.06433367654979,-19.4190028561513,1
TCGA-CJ-4904-01A,14.3121728168397,5.53023103851119,-17.2350875917651,1
TCGA-CJ-4905-01A,18.0864679652529,1.01590708617923,-23.5054137275908,1
TCGA-CJ-4907-01A,14.1985489783706,18.754214492607,-23.5383419100595,1
TCGA-CJ-4908-01A,17.2230222138048,15.9561543666309,-22.2128642623262,1
TCGA-CJ-4916-01A,13.1629670783178,-0.683994961654946,-26.8596363520154,1
TCGA-CJ-4918-01A,16.0439464787366,3.91908155585115,-17.1136201594082,1
TCGA-CJ-4920-01A,6.37495127941835,2.84123808582011,-24.8938804591801,1
TCGA-CJ-5671-01A,13.8665910809164,20.5741218688793,2.27557091954982,1
TCGA-CJ-5672-01A,-1.53904375151923,17.2150453068082,7.89958642020112,1
TCGA-CJ-5672-11A,26.9907621809038,-17.4490386236716,9.67126313708869,1
TCGA-CJ-5675-01A,24.7918108000675,-14.2692703979249,-20.6402532641838,1
TCGA-CJ-5676-01A,12.67380324501,17.9866949217576,-29.5723781263899,1
TCGA-CJ-5677-01A,3.53922323645265,8.96695696458124,-4.27314210714975,1
TCGA-CJ-5680-01A,19.9325122561836,-0.340030340621796,2.31501731808357,1
TCGA-CJ-5681-01A,15.2181870205724,0.110875288925575,-35.1155069174923,1
TCGA-CJ-5682-01A,14.9982340746342,7.90614478041851,-12.389127616193,1
TCGA-CJ-5683-01A,-3.81063282158321,11.0063733706752,7.06414830881328,1
TCGA-CJ-5686-01A,22.4825092170445,-6.30141150554302,-15.2569628502498,1
TCGA-CJ-5689-01A,14.2451544418452,22.6554666938355,-11.8342703263683,1
TCGA-CJ-5689-11A,16.5087328370159,-3.68021249635788,14.8708516763827,1
TCGA-CJ-6027-01A,13.9252723721844,10.4894114406129,-15.5165222250989,1
TCGA-CJ-6028-01A,9.45251733994645,16.1664814591406,-7.37945445980082,1
TCGA-CJ-6030-01A,23.1142754003093,12.6491582988196,-13.5920357165463,1
TCGA-CJ-6030-11A,9.1303300681853,-7.7568172815196,-26.1062862823761,1
TCGA-CJ-6031-01A,1.20534954418603,12.7074327303927,-3.47524346437124,1
TCGA-CJ-6032-01A,27.2763082272654,11.7480926920064,-12.6708027823516,1
TCGA-CJ-6033-01A,0.940323279804557,11.7710390460006,-9.37233216484386,1
TCGA-CW-5580-01A,17.9160000270116,2.27274083223015,-15.6071939524977,1
TCGA-CW-5580-11A,23.1667573595382,-4.88210963472601,16.4955690274028,1
TCGA-CW-5581-01A,17.1690871942454,4.63142558023707,-30.2032163082768,1
TCGA-CW-5583-01A,9.21302745499811,1.4954477397444,-21.6923616227181,1
TCGA-CW-5584-01A,12.6532137827249,-4.46233636609647,-4.31947999361141,1
TCGA-CW-5585-01A,20.9735739880605,-9.95834534408831,-27.8663106268474,1
TCGA-CW-5587-01A,10.5730381339276,0.474424134591908,-12.9627109109546,1
TCGA-CW-5588-01A,11.2512435341698,12.7791044661232,-7.36787518153365,1
TCGA-CW-5589-01A,12.3974872139132,-4.43893558339196,-15.2870286545091,1
TCGA-CW-5590-01A,29.7916202437411,10.3206682878595,-14.2500005054265,1
TCGA-CW-5591-11A,16.2860777087478,19.1079722651224,-18.3960104927251,1
TCGA-CW-6087-01A,7.39065364098235,7.65736211184421,-5.19661847055599,1
TCGA-CW-6088-01A,16.4870335650218,6.8055784582047,-25.2023318953896,1
TCGA-CW-6088-11A,17.8724439449229,-2.37421046828287,5.26778632653927,1
TCGA-CW-6090-01A,12.3898116445843,5.23159440113452,-12.5628375584411,1
TCGA-CW-6093-01A,23.4831053746953,3.28609725677417,-7.13746523133058,1
TCGA-CW-6097-01A,-3.94191093929701,5.09413396671219,-4.57031335147906,1
TCGA-CZ-4853-01A,11.3898336399906,-2.36403478270394,-21.6572365853767,1
TCGA-CZ-4854-01A,1.72459801274833,17.7433804922266,-19.3724615652321,1
TCGA-CZ-4856-01A,16.6280512867987,-1.3711800828081,-44.4505753006233,1
TCGA-CZ-4857-01A,7.36995555210033,14.0375781645536,-22.4739515027832,1
TCGA-CZ-4858-01A,11.2761366804764,5.36480259672024,2.46978120169823,1
TCGA-CZ-4859-01A,18.5137953819779,1.33308031051111,-19.9582152185454,1
TCGA-CZ-4860-01A,12.2286412595296,17.667941925225,-9.56360336666136,1
TCGA-CZ-4861-01A,-0.581271260433758,13.1094023179012,1.34809475517645,1
TCGA-CZ-4862-01A,1.24899256972375,18.0740126675111,-5.87167334853204,1
TCGA-CZ-4863-01A,8.4674586046905,20.7605566435092,-11.5895557921551,1
TCGA-CZ-4864-01A,17.023296957831,8.59859172978461,-24.7432662801594,1
TCGA-CZ-4865-01A,-5.78594863646597,8.31886311278656,1.75554512275024,1
TCGA-CZ-4865-11A,24.0993246652356,-12.3777789838787,10.578755525881,1
TCGA-CZ-4866-01A,10.8204134390812,16.3197594113855,-22.4339791394558,1
TCGA-CZ-5451-01A,15.2713681751189,-9.7686596370249,-22.1276020847019,1
TCGA-CZ-5452-11A,15.6469164427103,-7.29947232172518,1.65296189329831,1
TCGA-CZ-5453-01A,9.98010159659893,-10.5876099296763,-18.9984095573591,1
TCGA-CZ-5453-11A,29.9734160091137,-7.49554665044454,7.21278689652832,1
TCGA-CZ-5454-01A,15.8329126546772,-0.370954626710413,-9.10928490029067,1
TCGA-CZ-5454-11A,20.0637321805643,-12.8720901739232,17.7717565462015,1
TCGA-CZ-5455-01A,14.9646329188301,8.04435655230324,-18.8568452732419,1
TCGA-CZ-5455-11A,30.0561362870885,-13.4240642233161,7.4231750565522,1
TCGA-CZ-5456-01A,8.96200317610894,18.0688696163043,-9.18719341355609,1
TCGA-CZ-5456-11A,22.8951878834984,-12.786365796189,15.373066458775,1
TCGA-CZ-5457-01A,14.0182533573449,7.12397243812291,-17.7931431659708,1
TCGA-CZ-5457-11A,21.8801950151424,-12.0741208608377,5.06640795626523,1
TCGA-CZ-5458-01A,-0.457231583227981,-10.8605644536799,-22.6284010831407,1
TCGA-CZ-5458-11A,19.4697468990109,-6.73121543940743,11.8131869371979,1
TCGA-CZ-5459-01A,-5.95757535888622,-2.76390674211717,5.9253989548234,1
TCGA-CZ-5460-01A,-0.153354331942123,-8.03720238439002,12.6403837434787,1
TCGA-CZ-5461-01A,25.7975983744485,8.12521831723666,-9.94344778562988,1
TCGA-CZ-5462-01A,22.6538186542532,-4.93561419635573,4.47920198903299,1
TCGA-CZ-5462-11A,27.0229009928859,-12.4063301726046,7.21496612098507,1
TCGA-CZ-5463-01A,20.9836582616275,-4.24834770040687,-13.8583416242966,1
TCGA-CZ-5463-11A,22.6124291377513,-12.4105621705275,12.8971342913066,1
TCGA-CZ-5465-01A,28.7800879069691,6.86512985646307,-21.895999717249,1
TCGA-CZ-5465-11A,26.9578435190636,-10.7511209580077,7.33906232093741,1
TCGA-CZ-5466-01A,9.0936586223888,0.338769130569172,4.35671962190951,1
TCGA-CZ-5467-01A,13.4526318492402,5.39099295415357,-27.5788734074098,1
TCGA-CZ-5467-11A,19.9429794010984,-8.66960732345152,12.492078951726,1
TCGA-CZ-5468-01A,18.7315135877641,10.1433507625176,4.78245040621663,1
TCGA-CZ-5468-11A,19.3845457163529,-7.32734139309269,3.72400671623009,1
TCGA-CZ-5469-11A,13.9290993532415,-7.46491872595877,11.0839917106231,1
TCGA-CZ-5470-01A,24.2344293899193,9.83744519604912,0.8848408763635,1
TCGA-CZ-5470-11A,29.2061473881799,-11.3697457884604,13.9774659005928,1
TCGA-CZ-5982-01A,14.5879829236659,9.80774819782238,-25.9891614336643,1
TCGA-CZ-5984-01A,15.4696406910247,11.1261195546782,-18.6301628308954,1
TCGA-CZ-5985-01A,22.9771589593864,23.0938882785729,-18.2390905916905,1
TCGA-CZ-5986-01A,20.773581096734,12.9729400754218,-28.9002826118883,1
TCGA-CZ-5988-01A,7.04458268828485,20.9953735699847,-17.1148292289347,1
TCGA-CZ-5989-01A,21.050107830165,-12.9968756632533,2.80821001304266,1
TCGA-CZ-5989-11A,23.2287348015509,-7.98095004716734,11.5699873155962,1
TCGA-DV-5565-01A,17.1171717997636,3.53554072671632,-10.1480756221351,1
TCGA-DV-5566-01A,17.5639650759503,7.41308877969585,-27.8477848520818,1
TCGA-DV-5567-01A,7.09164333648201,15.2314821655586,-28.2731126849532,1
TCGA-DV-5568-01A,-1.47690472317549,17.3425835651463,6.30070833689371,1
TCGA-DV-5574-01A,2.61246977451953,0.644666710445772,-4.54693609687617,1
TCGA-DV-5575-01A,20.3405193630317,-2.87642163354951,-24.9915176152851,1
TCGA-DV-A4VX-01A,-1.04915908515705,-3.18789764216333,7.89548596590542,1
TCGA-DV-A4W0-01A,4.28536381816976,18.7180254959803,-29.4179859585929,1
TCGA-EU-5904-01A,21.105486734194,3.35303922131792,-24.107888865336,1
TCGA-EU-5905-01A,16.7303755263864,17.4001282616821,-12.3185934007118,1
TCGA-EU-5906-01A,13.1546532701579,2.7043066600055,-20.6571737426164,1
TCGA-EU-5907-01A,24.972745729746,12.5400628423794,-17.1280925814354,1
TCGA-G6-A5PC-01A,-1.31051196787972,9.3899433240387,11.1911226232883,1
TCGA-G6-A8L7-01A,-9.2182905170546,3.98538449578179,10.2992182053941,1
TCGA-G6-A8L8-01A,8.8992512629782,5.12566089390262,-39.131998490539,1
TCGA-GK-A6C7-01A,2.17633145385305,0.445129382989722,-30.7604867282783,1
TCGA-MW-A4EC-01A,13.499615474051,3.94715719753832,-36.2090328528726,1
TCGA-T7-A92I-01A,20.952216144114,-6.90222090467265,-29.6034972816373,1
TCGA-A3-3358-11A,6.68771095591543,-18.3862985583969,39.9062641224917,2
TCGA-A3-3387-11A,8.73759628444253,-28.2217379039638,47.9562824577472,2
TCGA-B0-4700-11A,-0.638427134188281,-29.3269372958029,32.3803246870031,2
TCGA-B0-5402-11A,-3.61662351118129,-37.2752078255557,43.1653132478871,2
TCGA-B0-5690-11A,8.01781247626014,-27.1717389479945,31.8505562786081,2
TCGA-B0-5691-11A,5.6314221698131,-35.4129480314205,36.2568992294067,2
TCGA-B0-5694-11A,6.85088349567288,-30.4276370871136,33.3139055953444,2
TCGA-B0-5696-11A,12.3257079091073,-28.2983610997923,34.704754787376,2
TCGA-B0-5697-11A,10.300196978739,-36.488403293464,34.2978547133135,2
TCGA-B0-5699-01A,13.3596391761767,-28.5659311712444,35.6006120795736,2
TCGA-B0-5699-11A,11.6128624130282,-23.6614344410819,44.1489378117577,2
TCGA-B0-5701-11A,0.0848283700607747,-41.109041530966,45.3991340099636,2
TCGA-B0-5703-11A,10.7142960913006,-23.5776356944213,41.0260435362837,2
TCGA-B0-5705-11A,11.8205487676747,-35.8906617833005,38.7129290867823,2
TCGA-B0-5709-11A,7.68741165902952,-28.1054617632804,48.8705234584495,2
TCGA-B0-5711-11A,16.9848643009902,-32.44336803124,40.6633628803655,2
TCGA-B0-5712-11A,1.49746584577877,-35.0096734931306,34.9285683567809,2
TCGA-B2-4098-01A,2.18221771134093,-28.908543446252,32.1153488834826,2
TCGA-B2-5636-11A,7.23278878570931,-27.7077710150534,31.8530498040689,2
TCGA-B8-4619-11A,6.54292194600605,-28.3470803015821,43.3542783060195,2
TCGA-B8-4620-11A,6.04746720637056,-40.671892499267,37.2049699203576,2
TCGA-B8-4622-11A,12.7479535576407,-29.3839345000487,43.4477799028139,2
TCGA-B8-A54E-01A,4.80123955007907,-28.7801027735813,32.7977404760357,2
TCGA-BP-4959-01A,16.1473174729395,-27.35259992921,38.1979112839125,2
TCGA-CJ-5676-11A,8.28074606814559,-27.9342490026958,30.2472445913591,2
TCGA-CJ-5677-11A,12.0220533380401,-24.2194203603219,39.557726635564,2
TCGA-CJ-5678-01A,3.30975990445953,-25.8225344570506,26.3690831300507,2
TCGA-CJ-5678-11A,10.9753184629667,-33.8321420088948,36.6354022334223,2
TCGA-CJ-5679-11A,11.2769819409681,-35.4124588848787,41.166322747174,2
TCGA-CJ-5680-11A,3.95395291623883,-29.9916076576601,38.1937449588786,2
TCGA-CJ-5681-11A,0.368695833437745,-28.5045999599088,33.8055284039682,2
TCGA-CJ-5684-01A,2.16144104610102,-31.3713796112265,35.2770241888362,2
TCGA-CJ-6033-11A,11.7966368602021,-37.1962912098714,43.0884848294784,2
TCGA-CW-5581-11A,3.20571751432554,-33.4805515488347,35.6891760549104,2
TCGA-CW-5584-11A,-0.975003269906579,-30.4606966559013,38.8246309166896,2
TCGA-CW-5585-11A,5.83192868982308,-30.1764996598781,34.1228977085904,2
TCGA-CW-5587-11A,8.23840116065435,-36.0004298752594,30.7676184325787,2
TCGA-CW-5589-11A,7.45427677395731,-32.4260595660302,40.4204089381999,2
TCGA-CW-5591-01A,16.2952168196646,-31.1773052127858,34.3936559983059,2
TCGA-CW-6087-11A,11.1002002475249,-39.4467725606845,39.8890914501222,2
TCGA-CW-6090-11A,10.3009823191526,-22.8949704475039,35.4382945023005,2
TCGA-CZ-4863-11A,10.2008473441322,-39.0735806453281,45.7330189208927,2
TCGA-CZ-4864-11A,6.36612754315732,-31.5388447645052,33.4639013646622,2
TCGA-CZ-5451-11A,0.645225625058001,-26.7973922482406,34.6354415273057,2
TCGA-CZ-5461-11A,9.90556702741619,-26.3437931928691,44.1637320371297,2
TCGA-CZ-5466-11A,8.8915324928251,-28.1497650336677,36.8115283137332,2
TCGA-CZ-5982-11A,1.31086039843528,-25.7645463042617,40.7811350533916,2
TCGA-CZ-5984-11A,6.9554279414913,-23.754249535599,40.5267997511973,2
TCGA-CZ-5985-11A,10.4861538941525,-26.4049054791166,41.2215239003582,2
TCGA-CZ-5986-11A,12.0023482889278,-32.7284645136859,41.1258300225234,2
TCGA-CZ-5987-11A,7.66929363884622,-26.5708603888306,36.4036288681362,2
TCGA-CZ-5988-11A,3.0750604224837,-29.2477112829633,39.8931146857617,2
TCGA-DV-5573-01A,8.25439344949264,-28.4422354899789,29.5781856833841,2
TCGA-A3-3325-01A,-53.811422302768,-10.661703235749,20.0041327766705,3
TCGA-A3-A6NL-01A,-50.0280474582947,-6.13950566359927,32.2600561918926,3
TCGA-A3-A8OU-01A,-50.9866873794553,-6.59318508432986,24.8818559577185,3
TCGA-A3-A8OX-01A,-52.4798827831168,-2.56815966524649,29.3584663569696,3
TCGA-AK-3426-01A,-42.8136370793929,1.80490151060474,26.0926922738384,3
TCGA-AK-3453-01A,-48.89390466946,6.46479543791181,28.2278763163854,3
TCGA-AK-3454-01A,-44.4434649172573,2.10773564998201,20.1824473926638,3
TCGA-B0-4691-01A,-46.7538051198136,2.308937600197,27.2093275019281,3
TCGA-B0-4696-01A,-48.1067353234611,-0.395174978433825,24.7398297980501,3
TCGA-B0-4697-01A,-44.4038105139501,-3.92584557392755,34.4740318435764,3
TCGA-B0-4700-01A,-53.976297632604,-1.41611976253965,29.4465260029215,3
TCGA-B0-4701-01A,-54.8101595017559,-4.12180319686723,20.8026841486196,3
TCGA-B0-4706-01A,-43.6523085036283,-5.00955041567762,25.6061594048487,3
TCGA-B0-4714-01A,-49.3423554665909,-4.19538900601933,32.899385740347,3
TCGA-B0-4718-01A,-44.5822970824344,-1.47264576617616,30.41540701436,3
TCGA-B0-4810-01A,-45.8085468032703,-1.61755257602274,29.0287267722941,3
TCGA-B0-4811-01A,-48.7910013866085,-9.12731569192875,30.3407410881219,3
TCGA-B0-4815-01A,-42.1418932048909,-4.53313218863218,22.0821894177931,3
TCGA-B0-4816-01A,-46.08403813709,-8.84492294997959,24.4194308106782,3
TCGA-B0-4819-01A,-50.5928289182292,-7.59582654465277,21.5984594365298,3
TCGA-B0-4821-01A,-49.4695526190154,6.0600706792044,29.4373204540809,3
TCGA-B0-4822-01A,-49.1033959755553,-0.454880973141966,30.3810097823582,3
TCGA-B0-4828-01A,-46.904398597877,-14.1195304193351,23.7855165610706,3
TCGA-B0-4833-01A,-49.7044982488556,-10.6481920840297,27.2994226582164,3
TCGA-B0-4843-01A,-51.0310174931673,-2.46104396235785,23.9143239668734,3
TCGA-B0-4844-01A,-49.0133625353982,-5.96540540771157,23.0825782722643,3
TCGA-B0-4845-01A,-47.9197122125447,-10.30625334912,30.3376113144638,3
TCGA-B0-4847-01A,-48.8039877441526,-4.54596052761018,28.6371677115058,3
TCGA-B0-4849-01A,-50.1688201110154,-3.18795535909729,25.0509128954798,3
TCGA-B0-5077-01A,-50.2458387878718,-16.4780690984512,24.1864548040602,3
TCGA-B0-5085-01A,-54.8141968491938,-11.0892830252692,26.761489501315,3
TCGA-B0-5088-01A,-37.3158166768749,3.52232188829004,26.7960530381993,3
TCGA-B0-5092-01A,-39.8202598590116,2.86565606983149,23.2271514670341,3
TCGA-B0-5094-01A,-53.798915412654,-10.5437781860971,26.6582764865773,3
TCGA-B0-5095-01A,-51.1071641112941,-0.67470568835049,21.801351476276,3
TCGA-B0-5098-01A,-39.8104338407689,-1.60127534646883,21.4763453453423,3
TCGA-B0-5106-01A,-50.4931626262797,-4.46461768391359,23.8782249157429,3
TCGA-B0-5107-01A,-36.8794256130089,-7.52905028164266,26.7934026877409,3
TCGA-B0-5109-01A,-50.184473627101,-3.66292742292986,22.9858490639123,3
TCGA-B0-5121-01A,-52.0023877436031,6.03097309132067,24.3072156991114,3
TCGA-B0-5400-01A,-42.3385335497633,-2.95325265294076,26.772573968401,3
TCGA-B0-5694-01A,-49.2836685447372,9.23220506097262,31.8206786017114,3
TCGA-B2-A4SR-01A,-46.9072486093882,-5.80591927096104,32.9526216740018,3
TCGA-B8-4143-01A,-46.761999434746,-3.01583142348033,23.9633293999949,3
TCGA-B8-4148-01A,-47.2201704575522,-8.82487191732001,24.9716068058866,3
TCGA-B8-4620-01A,-49.811654337576,-7.34324372108266,18.2835935540254,3
TCGA-B8-4621-01A,-51.833862715779,-14.0754095037261,10.7216750036035,3
TCGA-B8-4622-01A,-49.2004958699236,-1.94957282664735,30.7204879805314,3
TCGA-B8-A54D-01A,-43.0185536449168,-0.114267876144356,33.2201594033765,3
TCGA-B8-A54F-01A,-55.7760738000995,-12.3865805662458,23.5489307972485,3
TCGA-B8-A54I-01A,-48.1733099504769,-5.61942604397363,22.0430457142859,3
TCGA-B8-A54K-01A,-53.3209684216027,-3.51540118862953,28.333936597248,3
TCGA-B8-A7U6-01A,-50.4768855295568,-3.17235494355914,18.0104802843622,3
TCGA-BP-4158-01A,-48.6315996205574,-13.9813623856804,21.6765631789133,3
TCGA-BP-4163-01A,-59.3807046683318,0.225530096379754,16.8842860556942,3
TCGA-BP-4167-01A,-44.9534638667944,6.06281733385199,19.4835857466839,3
TCGA-BP-4326-01A,-48.8942514633667,-3.47623959802126,17.0701853859932,3
TCGA-BP-4327-01A,-49.143284682033,-5.90749475120056,26.5755636085104,3
TCGA-BP-4331-01A,-49.833194403888,-12.7184510493348,25.1385598712059,3
TCGA-BP-4335-01A,-47.5758693856542,-11.3413147628622,24.3700065973954,3
TCGA-BP-4341-01A,-55.9124680335574,0.666934793655452,26.3904549081848,3
TCGA-BP-4346-01A,-43.6985588133269,2.75549701581236,26.2726089152392,3
TCGA-BP-4349-01A,-49.153817981367,-16.8268086194449,32.1311239128424,3
TCGA-BP-4351-01A,-50.4770485904232,-5.24549713651109,20.7265396757776,3
TCGA-BP-4352-01A,-49.561174884577,-2.98009015939293,23.5810658077608,3
TCGA-BP-4354-01A,-52.8120986475663,-8.66656217134138,23.1790006807984,3
TCGA-BP-4355-01A,-50.402289580109,-6.53431464536714,24.6796548700134,3
TCGA-BP-4769-01A,-52.5907215222314,-1.42631940435108,14.0705150813368,3
TCGA-BP-4771-01A,-58.6426593877584,-2.74805566348622,14.9110337616134,3
TCGA-BP-4774-01A,-52.6564982710805,-6.71965375084387,19.8630216466913,3
TCGA-BP-4776-01A,-39.6999337918659,6.12528886586479,26.6826148525828,3
TCGA-BP-4960-01A,-48.1492587937507,-11.7420202069576,27.1731418442858,3
TCGA-BP-4963-01A,-51.7464855798306,1.73967469751502,20.8844057670427,3
TCGA-BP-4967-01A,-46.2504031332457,-16.6933642879019,30.6590834983665,3
TCGA-BP-4969-01A,-50.1880653068796,-8.8155401942067,29.0375142310508,3
TCGA-BP-4971-01A,-48.0595079398382,1.09813411485867,25.7794866413331,3
TCGA-BP-4973-01A,-51.8332038740459,-14.330006177148,27.982759149342,3
TCGA-BP-4974-01A,-56.2660491370707,-0.52628765666863,18.4909205486514,3
TCGA-BP-4981-01A,-44.8771961876792,-8.44444159940668,25.7556034056057,3
TCGA-BP-4983-01A,-43.9403165524849,-7.80245186985958,28.4025733367086,3
TCGA-BP-4989-01A,-56.3494106951115,-5.94364403846509,24.0479221391106,3
TCGA-BP-4992-01A,-54.9202814100563,-8.13150879510646,26.3364493329786,3
TCGA-BP-4998-01A,-44.5545229979512,-0.0115590766660244,26.115311581698,3
TCGA-BP-5000-01A,-46.0559087368598,3.89731866407468,16.7568099368189,3
TCGA-BP-5001-01A,-49.4663245152637,3.93378200428495,25.6645888456836,3
TCGA-BP-5009-01A,-43.0907962865457,-1.88742993412191,24.544578225907,3
TCGA-BP-5010-01A,-55.010184644717,5.90099368551412,19.5631316169404,3
TCGA-BP-5169-01A,-51.1712923482586,-1.00685799939699,23.8424658720164,3
TCGA-BP-5178-01A,-50.294081461255,-0.0728550211932763,13.6352256506267,3
TCGA-BP-5190-01A,-46.1135846698275,1.45243561149463,26.3988312161095,3
TCGA-BP-5191-01A,-43.5275783018036,-6.31254263549924,20.0592028555786,3
TCGA-BP-5199-01A,-50.3393386688728,-1.32592097426709,35.410835056844,3
TCGA-CJ-4636-01A,-53.9983677022295,-1.07112386817662,30.4814039290932,3
TCGA-CJ-4637-01A,-48.9113495094325,-10.6740445869429,12.1586339203282,3
TCGA-CJ-4638-01A,-44.8671121780405,-4.64342210760192,31.7588230326208,3
TCGA-CJ-4641-01A,-41.7988868323711,8.87105344301938,32.9452946426267,3
TCGA-CJ-4873-01A,-50.3239441224451,-1.38754047650638,25.839933273389,3
TCGA-CJ-4875-01A,-54.2735761992336,-7.25142522072503,24.1670909980552,3
TCGA-CJ-4878-01A,-57.6025760128304,-12.062600762929,19.1396461832836,3
TCGA-CJ-4881-01A,-50.1167777515973,0.28147348951094,24.1584741810812,3
TCGA-CJ-4882-01A,-52.2318555450988,4.44405797091309,24.5600979964388,3
TCGA-CJ-4884-01A,-35.7442181972127,3.60371173542603,28.6339285977538,3
TCGA-CJ-4887-01A,-48.8680515792737,-8.26624388858283,21.839587441271,3
TCGA-CJ-4891-01A,-43.6282493754115,-3.24874840589934,22.4074673877271,3
TCGA-CJ-4900-01A,-45.7226303401878,-3.5485107692084,30.5395654043353,3
TCGA-CJ-4901-01A,-53.3077254828452,-1.70384620627478,15.7314558317785,3
TCGA-CJ-4902-01A,-47.8463298647151,-3.72085841584938,23.226910805973,3
TCGA-CJ-4912-01A,-51.6165943322216,-0.329973731318375,29.5075279431041,3
TCGA-CJ-5679-01A,-45.3927598331325,1.16488257589776,32.0938814603,3
TCGA-CZ-5452-01A,-39.2523004134449,2.75812579604089,28.9262687571126,3
TCGA-CZ-5464-01A,-53.7601799892695,-5.99270432266091,12.5887453178006,3
TCGA-CZ-5469-01A,-50.3709282730349,2.8609737469051,33.9032839759219,3
TCGA-CZ-5987-01A,-50.5823913694641,-11.8185285298977,26.7956908761076,3
TCGA-DV-5569-01A,-57.4179109327503,-7.75035607902863,16.0977772714024,3
TCGA-DV-5576-01A,-54.0021398824545,-5.50007618097946,27.5938969188129,3
TCGA-DV-A4VZ-01A,-51.3720090697426,-5.05358481312402,30.1111738584742,3
TCGA-G6-A8L6-01A,-41.5807730047685,-0.587949450412855,26.0149493589116,3
TCGA-MM-A563-01A,-50.9924106197269,2.53528733525078,30.0626290284956,3
TCGA-MM-A564-01A,-46.1296956907727,8.46655197855147,33.5538204089671,3
TCGA-MM-A84U-01A,-47.4396947867461,-1.75875026902608,26.5446668298567,3
