Sample,X,Y,Z,Cluster
TCGA-A3-3307-01A,52.3638401848085,-112.456506353293,7.43328473394136,1
TCGA-A3-3308-01A,61.7536941156288,-106.55449351141,-7.42628574384742,1
TCGA-A3-3311-01A,46.5740428574571,-98.4962605874463,2.27936721790955,1
TCGA-A3-3313-01A,61.3674147193934,-109.171110287788,-1.20961180586882,1
TCGA-A3-3316-01A,56.0293742660685,-99.6572250069944,-0.0755844125930567,1
TCGA-A3-3319-01A,52.5892431968211,-99.5296803569473,-9.66499955655907,1
TCGA-A3-3331-01A,64.1861327685903,-107.765978558111,-6.47422665853588,1
TCGA-A3-3335-01A,46.5153094262177,-99.668674196558,4.95665274708255,1
TCGA-A3-3346-01A,53.7024216791761,-90.7214003956925,-1.92949853915479,1
TCGA-A3-3358-01A,54.7229188487176,-98.1937717334391,0.293010482610583,1
TCGA-A3-A6NI-01A,48.9027250936033,-104.022338580526,2.57649655876948,1
TCGA-A3-A6NJ-01A,54.5950691978855,-100.98251240224,-6.66629171828357,1
TCGA-A3-A6NL-01A,51.9012363860104,-109.06713858718,-8.17804922412333,1
TCGA-AK-3425-01A,49.0056472134512,-113.952264574024,-8.97277151839308,1
TCGA-AK-3428-01A,60.3176392559102,-100.046847042384,12.0962092950009,1
TCGA-AK-3445-01A,53.0967369807527,-100.110678365421,-2.59918190989079,1
TCGA-AK-3461-01A,58.0594443614808,-104.31698283905,2.19848896716853,1
TCGA-B0-4690-01A,60.2357649402778,-109.561206641115,-0.0799709223761731,1
TCGA-B0-4693-01A,65.3697252497871,-108.298777820141,2.43821882753624,1
TCGA-B0-4698-01A,55.2094591228397,-111.159070289692,-2.35191997150048,1
TCGA-B0-4701-01A,61.9076671746453,-103.580609670063,-0.586379639053297,1
TCGA-B0-4710-01A,61.6924010566102,-105.765683129304,7.86519076051326,1
TCGA-B0-4718-01A,61.3299603283971,-110.036538009336,14.3719572417795,1
TCGA-B0-4810-01A,57.1361923445017,-99.9402463957995,-4.654742544803,1
TCGA-B0-4814-01A,48.8607889032258,-98.026091219644,13.5239366065916,1
TCGA-B0-4815-01A,59.5839160416673,-90.4625666051499,0.346700283705972,1
TCGA-B0-4816-01A,57.125329033704,-112.202944544154,-11.3086513132806,1
TCGA-B0-4817-01A,57.8116822866738,-104.145290309107,6.5841341561707,1
TCGA-B0-4819-01A,56.9400055063863,-89.3781552334396,-6.08026178544333,1
TCGA-B0-4823-01A,61.6457095526326,-105.781687058515,2.01476631342373,1
TCGA-B0-4828-01A,47.2950322889565,-103.326174001563,11.2961441792547,1
TCGA-B0-4838-01A,56.317347709627,-99.3086142512076,-6.52915394590523,1
TCGA-B0-4846-01A,58.3957257614219,-100.111938347212,7.94287446560844,1
TCGA-B0-4849-01A,58.2627249845354,-98.9314708415462,2.4262683949126,1
TCGA-B0-4852-01A,63.1540627630543,-101.21088255292,1.15517770362864,1
TCGA-B0-5080-01A,58.0344687480286,-111.23528877943,-14.9925729386887,1
TCGA-B0-5084-01A,66.6633478747429,-91.5916183486451,-6.81507342238453,1
TCGA-B0-5095-01A,57.4412904929892,-93.3087066223948,-0.795637815556236,1
TCGA-B0-5096-01A,53.730500757696,-99.1985361075253,6.64889488957272,1
TCGA-B0-5097-01A,63.1607430782441,-106.890064897873,1.45536971091964,1
TCGA-B0-5098-01A,58.9162817397697,-107.220239359512,-7.39755772383861,1
TCGA-B0-5104-01A,60.3719973195586,-106.889471213096,-1.86160391126771,1
TCGA-B0-5108-01A,62.6582218870623,-109.243720038837,4.81929342495974,1
TCGA-B0-5693-01A,56.2696008828678,-103.202521748579,10.9047626184843,1
TCGA-B0-5695-01A,58.319714869785,-98.0140139954545,3.75804658415686,1
TCGA-B0-5698-01A,57.3262964052438,-100.349096192262,-0.296553732767385,1
TCGA-B0-5700-01A,55.8688918804105,-108.60422634914,-2.4827258502285,1
TCGA-B0-5703-01A,59.0304040895228,-111.515353985879,-7.75386633322262,1
TCGA-B0-5705-01A,52.8239493361827,-103.44727902817,14.5281017557277,1
TCGA-B0-5706-01A,61.1701190935507,-93.9769492387298,-0.866365841944327,1
TCGA-B0-5709-01A,50.5311861460145,-108.525500063775,-11.5181846677187,1
TCGA-B0-5713-01A,60.1815089165758,-110.468199853357,3.05686984319431,1
TCGA-B2-3924-01A,58.0659313854465,-103.514536724887,-4.28291635757535,1
TCGA-B2-4099-01A,52.6152416791812,-107.110025659515,7.0498437638525,1
TCGA-B4-5377-01A,58.6080298693201,-105.920022808187,6.35800984284797,1
TCGA-B4-5835-01A,46.3657078866964,-91.4140283597937,-1.43426739944291,1
TCGA-B8-4143-01A,58.4629628027936,-102.524517367543,-5.88406754656025,1
TCGA-B8-4148-01A,56.9771773890749,-108.884973399125,-0.503849276842645,1
TCGA-B8-4620-01A,52.4275795863848,-99.1081115581076,7.53825248230275,1
TCGA-B8-5158-01A,56.3865085385928,-104.889969789829,-2.86002902418035,1
TCGA-B8-5162-01A,59.3195710276715,-102.337957980722,-7.57522169654297,1
TCGA-B8-5163-01A,60.27149241253,-99.2741954319332,-2.20632009949079,1
TCGA-B8-5551-01A,65.828785098506,-90.6568870764971,-7.54979149364929,1
TCGA-B8-5552-01B,56.8399192235369,-91.3182725255066,-11.6912392984015,1
TCGA-B8-A54J-01A,54.5473148549316,-111.590029202584,0.61329173197224,1
TCGA-B8-A7U6-01A,51.7004951812209,-107.755842952801,-8.45154241881579,1
TCGA-B8-A8YJ-01A,56.2050371806508,-114.442091528697,-7.92072142381019,1
TCGA-BP-4160-01A,51.4742737587209,-103.521586758976,3.72973539232217,1
TCGA-BP-4162-01A,56.6823768860464,-101.417033210508,0.657714142237524,1
TCGA-BP-4169-01A,60.2445706832458,-105.84497365918,0.156437868983245,1
TCGA-BP-4170-01A,60.5612893416776,-103.471489383926,4.57387220468675,1
TCGA-BP-4173-01A,52.9785162467648,-105.401558011903,-7.48192104229134,1
TCGA-BP-4174-01A,61.850840470586,-105.108161642817,6.62371162775149,1
TCGA-BP-4326-01A,63.8712485696837,-105.92987209235,-1.15699453614474,1
TCGA-BP-4329-01A,51.2348588799206,-103.292913527438,8.02925370681524,1
TCGA-BP-4335-01A,52.9169017974591,-103.839634661794,0.625003894050295,1
TCGA-BP-4338-01A,58.0106995731837,-95.8137445929847,-3.01556246917956,1
TCGA-BP-4349-01A,57.2740949537464,-112.494411245493,-11.8211303819267,1
TCGA-BP-4352-01A,57.75504714349,-88.5883389417335,-13.8636695432692,1
TCGA-BP-4354-01A,55.8055393360375,-91.2683342144271,-7.48715641821208,1
TCGA-BP-4355-01A,56.3473814342322,-111.632505760916,-14.3126128226931,1
TCGA-BP-4765-01A,55.1235296558928,-108.404843439977,14.7528061655221,1
TCGA-BP-4774-01A,61.2284935385327,-109.20079146613,0.532194652208527,1
TCGA-BP-4776-01A,50.7281020360237,-116.260550517321,-9.59724307165334,1
TCGA-BP-4787-01A,62.5259571454221,-106.43548168904,-5.45005540619664,1
TCGA-BP-4797-01A,57.845955640268,-112.538548247488,-4.18813080578461,1
TCGA-BP-4799-01A,59.2754881435851,-102.514564757552,-1.18790006020437,1
TCGA-BP-4960-01A,61.3736665491857,-106.756792106753,-5.57093315458219,1
TCGA-BP-4965-01A,59.5605946245234,-103.813692510066,8.52652380034158,1
TCGA-BP-4970-01A,59.2872012068161,-108.656215038285,-8.9336994335184,1
TCGA-BP-4974-01A,61.0158635300032,-109.377021184972,-10.3548871040506,1
TCGA-BP-4983-01A,56.7519431774214,-94.3787108286829,-3.91197184497626,1
TCGA-BP-4985-01A,47.3759296095704,-95.4528123490434,-3.70271863725448,1
TCGA-BP-4993-01A,61.7491655926539,-103.826970064673,3.5110992176073,1
TCGA-BP-4998-01A,63.2043933941913,-92.4314139818268,-4.41354000856694,1
TCGA-BP-5006-01A,54.0611369424594,-106.105628526585,-1.16188644832995,1
TCGA-BP-5008-01A,62.7631141548776,-108.298930207538,5.27294243825002,1
TCGA-BP-5168-01A,57.245013340383,-99.5089639921388,8.87836679228478,1
TCGA-BP-5180-01A,54.0140842968146,-102.815073560835,-4.16794803921542,1
TCGA-BP-5187-01A,59.3253608022385,-99.281693485003,6.41287558019005,1
TCGA-BP-5198-01A,56.275839369797,-113.936042394018,-4.51512587244238,1
TCGA-BP-5200-01A,56.3184922047913,-103.929330895092,-3.92895799680345,1
TCGA-BP-5201-01A,59.9459762420483,-103.673251788167,-0.875171987562235,1
TCGA-BP-5202-01A,46.0745507121361,-110.321282884601,8.35802100374969,1
TCGA-CJ-4635-01A,62.4130701874699,-106.616379255459,-1.36699717362821,1
TCGA-CJ-4868-01A,57.0806400735127,-109.489984837749,-12.0154701198716,1
TCGA-CJ-4871-01A,59.0463020426523,-108.149760208366,4.64693906405087,1
TCGA-CJ-4872-01A,52.8320663464738,-95.8848669435923,-7.23176278027132,1
TCGA-CJ-4878-01A,53.7327784525649,-102.869649818245,-0.140894398378996,1
TCGA-CJ-4893-01A,59.8837753399554,-105.19794087079,-6.5989154714553,1
TCGA-CJ-4899-01A,59.9964817476589,-91.4549493608618,-10.0994062066379,1
TCGA-CJ-4901-01A,61.6755996429882,-104.248075566971,-4.93571894648953,1
TCGA-CJ-4904-01A,56.7704292171928,-112.346068470098,-6.82340956150994,1
TCGA-CJ-4908-01A,49.9661207610958,-108.652091403655,-7.3591515454429,1
TCGA-CJ-4918-01A,53.1153298189421,-113.68904457956,-5.63210955012465,1
TCGA-CJ-4920-01A,54.3106028068586,-103.060577522483,8.60817761148258,1
TCGA-CJ-5671-01A,58.7711829292876,-106.909366698286,-9.16184274148214,1
TCGA-CJ-6027-01A,46.0436835919371,-100.902580611374,4.28891535392927,1
TCGA-CJ-6032-01A,55.1962078893103,-101.405770132997,-6.02413337992699,1
TCGA-CJ-6033-01A,48.7599163275517,-109.647591600004,-1.45846457288556,1
TCGA-CW-5588-01A,56.5221072339959,-106.98249772356,-7.68767627163542,1
TCGA-CW-6093-01A,60.4486364907469,-108.27050205424,10.8411439907526,1
TCGA-CW-6097-01A,51.3174933722324,-108.922870848251,7.07660076529674,1
TCGA-CZ-4857-01A,53.3290461367721,-106.533316165382,-4.61250621541143,1
TCGA-CZ-4860-01A,55.1089703117575,-103.118988963929,6.80790198408755,1
TCGA-CZ-4861-01A,52.113560856371,-100.786115120471,13.1795383931287,1
TCGA-CZ-4863-01A,44.6491491917941,-96.2109998630229,5.83486958436454,1
TCGA-CZ-5456-01A,59.032742209246,-106.839411159093,-14.3391966525741,1
TCGA-CZ-5457-01A,61.4545396366513,-103.919924883313,-4.34204602437124,1
TCGA-CZ-5459-01A,60.6690097196173,-109.486404948467,1.83410693179187,1
TCGA-CZ-5460-01A,57.8044658599861,-104.609173403076,2.78470006767611,1
TCGA-CZ-5461-01A,58.6763234327638,-96.7785114411518,6.61329711584828,1
TCGA-CZ-5462-01A,55.264072794489,-106.380659735087,2.89241072206792,1
TCGA-CZ-5465-01A,50.9926040179681,-105.339989757096,13.9073735959295,1
TCGA-CZ-5466-01A,55.1496543090156,-107.61559494245,-12.3725169151059,1
TCGA-CZ-5467-01A,58.5086287495847,-105.986081115508,8.69536160262475,1
TCGA-CZ-5982-01A,52.2881719876545,-109.539416788483,-7.12406405577958,1
TCGA-DV-5566-01A,58.0247331775192,-112.694404169952,-3.2814763713873,1
TCGA-DV-5569-01A,58.6492482273597,-104.784819449963,6.11816429634437,1
TCGA-DV-5575-01A,56.2948439590243,-110.954452077335,5.2832779983037,1
TCGA-DV-A4VX-01A,54.58431633973,-105.776221325226,14.1862447411199,1
TCGA-DV-A4VZ-01A,62.1990122286065,-91.0888278265492,-9.31889918273785,1
TCGA-DV-A4W0-01A,57.4700964797376,-108.005748881348,-1.23637655284925,1
TCGA-EU-5904-01A,58.4607597446895,-110.611591795126,-1.63042833838297,1
TCGA-EU-5907-01A,54.6365957260248,-101.918311766013,-0.582533996758943,1
TCGA-GK-A6C7-01A,57.5196820646318,-113.896995896977,3.71129114115225,1
TCGA-3Z-A93Z-01A,-18.2450051683948,28.7501204982935,4.79445927089346,2
TCGA-6D-AA2E-01A,-27.0387236156763,29.4782234658547,7.76588847597826,2
TCGA-A3-3306-01A,-23.6258031229974,65.4804843960508,-19.6312803409003,2
TCGA-A3-3317-01A,-28.0524230020116,25.2462820219397,5.36876695029623,2
TCGA-A3-3320-01A,-22.3225165329954,48.1547062392672,-17.436418461568,2
TCGA-A3-3322-01A,-23.2775688399124,37.390182974603,-14.9614542284052,2
TCGA-A3-3323-01A,-4.12224563320904,46.3581582780264,4.24938431598469,2
TCGA-A3-3324-01A,-14.4587534318171,48.2812885499594,-4.73441712807925,2
TCGA-A3-3325-01A,-25.2442778864154,18.0302017235213,-4.37719524577323,2
TCGA-A3-3326-01A,-11.5293713910309,45.2468912451448,-9.23586180173237,2
TCGA-A3-3328-01A,-25.7824752296201,27.1873433858983,17.5986318709554,2
TCGA-A3-3329-01A,-17.8458807223774,55.346239511377,-20.8399845099608,2
TCGA-A3-3343-01A,-18.6550325671664,49.3947017570495,-12.8268684576949,2
TCGA-A3-3347-01A,-26.4250795354929,29.7182188637278,17.2111809496538,2
TCGA-A3-3349-01A,-15.8769986148847,48.5593103770267,0.0167761167710901,2
TCGA-A3-3351-01A,-12.9462395421535,50.9988612552016,-0.529114822902941,2
TCGA-A3-3352-01A,-24.6857655957348,66.4237754008435,-19.1093284897588,2
TCGA-A3-3357-01A,-24.3570231666477,27.5050040253419,-8.52403985532518,2
TCGA-A3-3359-01A,-22.3142712897191,26.6169079434479,-5.1350504877278,2
TCGA-A3-3362-01A,-26.2185729996827,18.189460337142,-3.81128240836685,2
TCGA-A3-3363-01A,-22.2263602268009,33.5698513741195,-7.77530394044599,2
TCGA-A3-3365-01A,-27.3932213141983,55.7312018396322,-16.6709250877755,2
TCGA-A3-3367-01A,-13.2209354910252,55.3135871816634,-5.49371548408408,2
TCGA-A3-3370-01A,-16.0344071107447,28.2698357224567,15.5392029417635,2
TCGA-A3-3372-01A,-10.4527878485678,60.0538996919015,-4.89459354834751,2
TCGA-A3-3373-01A,-26.8762915339545,22.4369678579929,-3.72944488217727,2
TCGA-A3-3374-01A,-26.4771551995864,25.6590032541364,18.3721115734335,2
TCGA-A3-3376-01A,-21.5421513355706,33.7529848904568,10.6406076252058,2
TCGA-A3-3378-01A,-27.4971887234466,31.820848264962,18.8248312744014,2
TCGA-A3-3380-01A,-18.2518517833173,31.809926856271,0.0537556907956791,2
TCGA-A3-3382-01A,-25.1422290830561,58.8954975216361,-16.2763528325289,2
TCGA-A3-3383-01A,-17.0307742456792,36.537550172209,0.475526200337728,2
TCGA-A3-3385-01A,-25.9352190930545,32.9723767610749,-12.1830777294038,2
TCGA-A3-3387-01A,-15.5077481802765,37.0635565968723,18.2215755784526,2
TCGA-A3-A6NN-01A,-3.454636024885,52.8809274800306,9.77480593097907,2
TCGA-A3-A8CQ-01A,-22.2075674077214,22.3762079736216,-0.640619072446074,2
TCGA-A3-A8OU-01A,-36.1687691277396,33.4310447582046,4.26559869323539,2
TCGA-A3-A8OV-01A,-17.9077985316783,35.4372089864093,-6.294425215632,2
TCGA-A3-A8OW-01A,-6.74189168791958,36.3039977382832,-5.47116056509438,2
TCGA-A3-A8OX-01A,-24.2311170317446,38.2441518744892,10.4108858420082,2
TCGA-AK-3426-01A,-28.1451221756041,28.7312986748582,12.6592434839884,2
TCGA-AK-3427-01A,-22.0614083816905,41.9267306739927,2.4378736703727,2
TCGA-AK-3429-01A,-13.9679402977446,36.3285168362796,2.76146252041458,2
TCGA-AK-3431-01A,-28.4109893923789,60.3511572516283,-18.2197024269158,2
TCGA-AK-3433-01A,-30.2113918441062,28.0155958554725,12.0697665544826,2
TCGA-AK-3434-01A,-7.01284135277662,45.6899918250918,5.57929187818259,2
TCGA-AK-3436-01A,-7.5534782234599,41.3673076816947,-3.58068210587966,2
TCGA-AK-3440-01A,-24.3549548044869,26.173645886884,22.4330802634861,2
TCGA-AK-3443-01A,-32.2698315457894,27.6267296512795,11.3709115217695,2
TCGA-AK-3447-01A,-20.0825296702525,31.3509769865679,13.7453565050985,2
TCGA-AK-3450-01A,-18.5735856996336,50.2031255669161,-4.28075316098754,2
TCGA-AK-3451-01A,-20.0995809032288,49.799243179298,4.95431419414529,2
TCGA-AK-3453-01A,-18.9076661855265,30.9807736802974,2.49244553937151,2
TCGA-AK-3454-01A,-29.5725433366306,26.6681485421665,-10.3668764992858,2
TCGA-AK-3455-01A,-13.4155904316624,46.3256504653219,-9.08444798933282,2
TCGA-AK-3456-01A,-30.6650343005165,22.4924005300567,4.12546128722761,2
TCGA-AK-3458-01A,-18.0108301372252,41.6094418448936,6.12239690733635,2
TCGA-AK-3460-01A,-15.8424756162178,43.2208831599344,-3.35068413321498,2
TCGA-AK-3465-01A,-18.9580295471544,20.4092168432856,10.7183562597836,2
TCGA-AS-3777-01A,-22.0919212999363,22.4828984464712,-6.02135053475976,2
TCGA-AS-3778-01A,-2.53776483190101,38.6276818945105,2.84145792244702,2
TCGA-B0-4688-01A,-36.3402757594871,22.5455463359667,3.43121422125702,2
TCGA-B0-4691-01A,-28.259529119999,26.6146506483842,7.57807606099959,2
TCGA-B0-4694-01A,-29.3343118531829,23.6627352603264,12.4077502379689,2
TCGA-B0-4696-01A,-31.7697373721053,28.5236474325063,18.7310010457602,2
TCGA-B0-4697-01A,-25.8070607865508,21.9145395224649,4.81050857482582,2
TCGA-B0-4699-01A,-33.918886262857,26.5141123009232,18.5209706728546,2
TCGA-B0-4700-01A,-41.1181489142662,24.1701500579611,12.7411987875564,2
TCGA-B0-4703-01A,-37.7725734290439,21.0229169334733,18.2348014220644,2
TCGA-B0-4706-01A,-4.14574721518365,46.0971394895975,-2.17800132258914,2
TCGA-B0-4707-01A,-23.4007676470844,24.3329074017117,-8.74367511277387,2
TCGA-B0-4712-01A,-35.7756253395222,27.5528429398688,17.0247044660132,2
TCGA-B0-4713-01A,-28.1203237640686,32.229421031866,-7.91724033609898,2
TCGA-B0-4714-01A,-17.646781006561,33.8005039487573,-4.9676955683589,2
TCGA-B0-4811-01A,-22.4988588261801,19.3308771667695,-0.234486485972642,2
TCGA-B0-4813-01A,-24.9840083386484,27.2957287525573,10.1074429562704,2
TCGA-B0-4818-01A,-25.5107245602249,61.462263964602,-26.1719409367685,2
TCGA-B0-4821-01A,-24.7386319658784,29.0548817053808,-1.93973120949802,2
TCGA-B0-4822-01A,-20.9006877972448,21.2452696317409,-5.17948464852253,2
TCGA-B0-4824-01A,-22.2868337190244,35.8995781143851,-12.7190121916228,2
TCGA-B0-4827-01A,-27.7281725225298,58.7422010495842,-16.5088344001687,2
TCGA-B0-4833-01A,-19.8297238359055,36.1952675265898,-8.28390399166944,2
TCGA-B0-4834-01A,-25.6568248873306,34.8598105560383,8.17701410901716,2
TCGA-B0-4836-01A,-29.4507283016214,32.374872479652,13.8976121523093,2
TCGA-B0-4837-01A,-28.4393496198214,24.9333070050462,7.62728117020353,2
TCGA-B0-4839-01A,-7.45492357956922,41.5234793126641,11.3180321258306,2
TCGA-B0-4841-01A,-33.889196189994,25.5855649533193,-9.64295429083357,2
TCGA-B0-4842-01A,-24.40508876712,34.9617713555863,4.97735834118856,2
TCGA-B0-4843-01A,-30.1374747558868,21.7827244191605,-0.529931343241893,2
TCGA-B0-4844-01A,-30.6900579476753,29.4652124749208,-1.24414571964775,2
TCGA-B0-4845-01A,-29.4545708624615,21.5222154803453,-2.15557772195542,2
TCGA-B0-4847-01A,-22.6459028495849,30.4132643677656,5.1197373754888,2
TCGA-B0-4848-01A,-39.3074832681015,36.7581150615633,13.5186766256043,2
TCGA-B0-4945-01A,-34.4978821778404,37.5767660752621,10.2919397545305,2
TCGA-B0-5075-01A,-31.4399643867655,17.8074099034777,-8.09926382550946,2
TCGA-B0-5077-01A,-26.2230271725401,35.8969218076149,-7.84173306296063,2
TCGA-B0-5081-01A,-23.1869872861067,29.4794722251976,11.6966962960187,2
TCGA-B0-5083-01A,-23.3496249508379,20.8445000614274,7.13318739123521,2
TCGA-B0-5085-01A,-22.4718405249364,30.2646497455013,-10.250462228077,2
TCGA-B0-5088-01A,-25.0065431655227,28.7872742403114,-4.13655628120996,2
TCGA-B0-5092-01A,-23.6117291419393,33.1454319440258,14.9105851555901,2
TCGA-B0-5094-01A,-13.2892338323218,39.9234330248159,-8.82660743119015,2
TCGA-B0-5099-01A,-26.9517428763738,16.8248444323513,-9.81595280449868,2
TCGA-B0-5100-01A,-8.68775026212336,49.3195570240528,7.68586196905302,2
TCGA-B0-5102-01A,-22.2255310725347,50.9888012761691,-6.63406538987227,2
TCGA-B0-5106-01A,-10.8896455841711,43.1901866052748,-1.98701808778916,2
TCGA-B0-5107-01A,-28.5243685501319,32.4034429726783,2.44039112208493,2
TCGA-B0-5109-01A,-28.1206288064089,18.1909245716416,14.2754799334982,2
TCGA-B0-5110-01A,-27.762914330766,60.467674208266,-11.765661633556,2
TCGA-B0-5113-01A,-20.8852505582677,67.4109683488316,-13.3503990782177,2
TCGA-B0-5115-01A,-23.6905818966932,65.9024680704609,-12.6400868901322,2
TCGA-B0-5116-01A,-19.8397778020411,65.3321514143756,-15.84657812189,2
TCGA-B0-5117-01A,-20.3060025981453,29.1930974131609,8.19759023127823,2
TCGA-B0-5119-01A,-10.1786964037987,59.4056470961138,-7.85231565222744,2
TCGA-B0-5120-01A,-16.8942885613415,54.387575995794,1.45019889829583,2
TCGA-B0-5121-01A,-15.6997143806226,36.8843697818646,-4.16660920946502,2
TCGA-B0-5399-01A,-24.8753052803054,65.6625875625218,-18.328196837551,2
TCGA-B0-5400-01A,-11.211777783591,49.2718960677607,1.75553341606179,2
TCGA-B0-5402-01A,-33.3025243114172,31.6210138409255,8.86369072367923,2
TCGA-B0-5690-01A,-29.2903768367825,33.491460342379,5.63313013395644,2
TCGA-B0-5691-01A,-13.4828354427564,40.3840147142669,2.73890965741616,2
TCGA-B0-5692-01A,-5.72785288509362,44.4515921065304,-1.28162168495881,2
TCGA-B0-5694-01A,-22.0024135013582,41.5433910851683,-7.40580502101854,2
TCGA-B0-5696-01A,-10.1721956162026,37.2543223409536,0.741122208076101,2
TCGA-B0-5697-01A,-22.8523720574071,26.4315136644623,8.00120703904868,2
TCGA-B0-5699-01A,-8.84058599481614,47.2495362617305,-7.70578709068682,2
TCGA-B0-5701-01A,-17.0727755793309,44.8845837972835,0.949855016689373,2
TCGA-B0-5702-01A,-23.9716629248312,26.0655649765604,6.32431885179737,2
TCGA-B0-5707-01A,-37.7287131673434,16.718113018692,3.09012538797734,2
TCGA-B0-5710-01A,-17.939274308982,59.3555490072626,-15.0213567908733,2
TCGA-B0-5711-01A,-15.1938095560239,52.5700446812677,-16.0165486166268,2
TCGA-B0-5712-01A,-7.77419127317936,51.3172806415385,4.19178427171838,2
TCGA-B0-5812-01A,-21.8967132874864,52.5362771580353,-9.29540558877375,2
TCGA-B2-3923-01A,-20.3671989708725,24.2611709809301,13.6344069484282,2
TCGA-B2-3923-01B,-25.3051904758134,38.3661917437501,11.5095284555349,2
TCGA-B2-3924-01B,-25.5320156855045,39.1006915866789,20.175433784984,2
TCGA-B2-4098-01A,-34.3173739279406,24.7714633581055,17.0386017078392,2
TCGA-B2-4101-01A,-12.382466943321,44.4726028341145,-2.11527906299507,2
TCGA-B2-4102-01A,-22.124954736904,34.244194435368,-6.84108160284925,2
TCGA-B2-5633-01A,-11.5754484161475,45.7062739702079,-1.0171990698245,2
TCGA-B2-5633-01B,-27.3902342063012,41.3132949502316,16.9740592480932,2
TCGA-B2-5635-01A,-12.8158858663161,56.9490547519786,-8.8604197265814,2
TCGA-B2-5635-01B,-8.05773372837986,56.8735041673549,-6.69412304081501,2
TCGA-B2-5636-01A,-8.49245232214645,50.5725035107808,7.78402665534741,2
TCGA-B2-5639-01A,-16.9538577401414,40.3331440724975,4.44576350069955,2
TCGA-B2-5641-01A,-32.7171979133849,33.6886103292344,10.3752653048641,2
TCGA-B2-A4SR-01A,-10.1318364881056,44.3873434176167,4.6172640088325,2
TCGA-B4-5378-01A,-7.43213495924729,50.4993066105993,0.830357188387322,2
TCGA-B4-5832-01A,-23.0210931460802,51.8028799362065,-14.7681307768283,2
TCGA-B4-5834-01A,-19.4336888682271,61.4036619749897,-16.4485924297449,2
TCGA-B4-5836-01A,-21.5980233882543,61.1825681869269,-8.53918498879838,2
TCGA-B4-5838-01A,-15.7534992285987,46.0554846080991,5.22947831478975,2
TCGA-B4-5843-01A,-12.5908300232939,34.1042684647743,-2.29753748230699,2
TCGA-B4-5844-01A,-9.28838154862943,51.5774683170213,-13.6769505732691,2
TCGA-B8-4146-01B,-22.8047561570388,46.7139608703886,-6.8149478869775,2
TCGA-B8-4151-01A,-14.1360869607173,59.3356816762013,-20.1168822819964,2
TCGA-B8-4153-01B,-3.93276833573022,38.9552934901495,-5.35476975634549,2
TCGA-B8-4154-01A,-21.2335743897182,60.2484520829826,-24.3911767397648,2
TCGA-B8-4619-01A,-22.6897794199434,32.7552893347965,7.33929392474143,2
TCGA-B8-4621-01A,-28.911539825094,19.641736557465,15.4864076714235,2
TCGA-B8-4622-01A,-10.8484508541436,39.1443839672981,-0.0984532961673689,2
TCGA-B8-5159-01A,-8.1127641635692,45.2029204969616,-9.91961008985082,2
TCGA-B8-5164-01A,-14.1871890680869,35.7332529674708,9.74669792290962,2
TCGA-B8-5165-01A,-6.01048929917023,46.1784319388311,11.6732572887662,2
TCGA-B8-5545-01A,-38.3320765905955,17.635014298078,14.8105587400641,2
TCGA-B8-5546-01A,-18.4012698842857,25.6234898017239,6.53572713585259,2
TCGA-B8-5549-01A,-17.7288082316202,48.5986892009886,-0.522180105018051,2
TCGA-B8-5550-01A,-30.814905298626,15.3680673164268,5.73928902113856,2
TCGA-B8-5553-01A,-15.2449553413531,55.3490518254707,8.74732673264709,2
TCGA-B8-A54D-01A,-13.8717756935718,26.0824391809989,5.84974057731581,2
TCGA-B8-A54E-01A,-16.16704998501,36.6307669445931,-3.27674728378725,2
TCGA-B8-A54F-01A,-14.8861937783793,40.0403609125391,-7.50766246707177,2
TCGA-B8-A54G-01A,-19.1648604529997,44.4065218558844,-6.75804768964639,2
TCGA-B8-A54H-01A,-22.4869551765801,38.8948751377318,-8.88468705008301,2
TCGA-B8-A54I-01A,-32.9424319701691,24.1780670995486,2.57639445107139,2
TCGA-B8-A54K-01A,-12.3022370180139,51.2739003779433,-4.83822514083268,2
TCGA-BP-4158-01A,-19.8766355875976,30.7288713005722,-3.89022321087488,2
TCGA-BP-4159-01A,-23.7787731119939,61.2012675843747,-16.0828986736981,2
TCGA-BP-4161-01A,-23.735110448401,54.1271992366782,-11.5470205113682,2
TCGA-BP-4163-01A,-23.439336596625,55.9166978079718,-18.0707664947322,2
TCGA-BP-4164-01A,-21.9505308213873,61.7952002433363,-20.2858498943185,2
TCGA-BP-4165-01A,-22.1009235057801,37.3501821748304,-2.73726186943005,2
TCGA-BP-4166-01A,-30.6517213556986,25.4315877325008,12.2704999407194,2
TCGA-BP-4167-01A,-28.9903988690023,22.3045095245085,18.9003225104085,2
TCGA-BP-4176-01A,-20.6256302233166,43.0237702794457,5.99837091873518,2
TCGA-BP-4177-01A,-22.3641217327863,55.5205989597605,-6.03662929621036,2
TCGA-BP-4325-01A,-18.083466976858,35.6559013617424,-13.512056596617,2
TCGA-BP-4327-01A,-20.3191921531647,32.7488347339022,-12.2399617930291,2
TCGA-BP-4330-01A,-16.0138323067295,41.7887686768714,-5.58683079336587,2
TCGA-BP-4331-01A,-34.7700951786998,37.2365171907586,4.46894658198701,2
TCGA-BP-4332-01A,-15.8536907627251,60.9438947717736,-6.37546510010515,2
TCGA-BP-4334-01A,-26.4168506984771,31.5255632975319,17.7018268190062,2
TCGA-BP-4337-01A,-37.4111672049268,23.7835065682685,8.44036364451986,2
TCGA-BP-4340-01A,-26.6793186945737,32.2515116851898,-2.90865245722247,2
TCGA-BP-4341-01A,-14.6517951153102,36.8381455644114,-2.73466754924768,2
TCGA-BP-4342-01A,-31.2100311793575,20.413429887299,-1.35017262905272,2
TCGA-BP-4343-01A,-14.9761034720927,40.5312183290251,4.44975265638253,2
TCGA-BP-4344-01A,-39.4474999334661,43.9110562505509,11.4252384351032,2
TCGA-BP-4345-01A,-39.5050474954263,26.2058016366584,7.73205941181333,2
TCGA-BP-4346-01A,-31.4139413695244,20.681435882015,17.5380774743573,2
TCGA-BP-4347-01A,-19.7675274541479,30.8808027098003,-2.43639411092075,2
TCGA-BP-4351-01A,-31.7737874239041,25.1760738436475,-6.94988846440933,2
TCGA-BP-4353-01A,-32.2538758800993,62.4250268757525,-10.1377328282404,2
TCGA-BP-4756-01A,-21.1154298680298,20.3446279871516,17.2000633124673,2
TCGA-BP-4758-01A,-17.333878390695,30.4873277648634,8.35175531213112,2
TCGA-BP-4759-01A,-8.29881869423802,54.2917988234538,-4.83186905453277,2
TCGA-BP-4760-01A,-33.843762536263,35.8794242954817,8.73187116974501,2
TCGA-BP-4761-01A,-3.72128921011467,44.014705799647,6.3758009287992,2
TCGA-BP-4762-01A,-10.2675070678229,48.313195608624,3.47366300738194,2
TCGA-BP-4763-01A,-14.5108891763933,61.5857241129689,-8.72850149490801,2
TCGA-BP-4766-01A,-25.7623282751738,19.8801529150931,-7.08680897879596,2
TCGA-BP-4768-01A,-23.8167257160061,66.234303095063,-15.5060009280964,2
TCGA-BP-4769-01A,-12.4657501990794,52.5617327796299,11.3534960751592,2
TCGA-BP-4770-01A,-30.6765683533765,19.1203625841217,11.5287075278288,2
TCGA-BP-4771-01A,-21.0197748802158,30.4489450932345,16.4292195904513,2
TCGA-BP-4775-01A,-31.5697557656703,26.1236525348882,-2.77115504800906,2
TCGA-BP-4777-01A,-26.0986955982832,25.6921086899958,20.407700555825,2
TCGA-BP-4781-01A,-28.164364446805,57.5672637184041,-15.2747296916974,2
TCGA-BP-4782-01A,-29.3460417042051,30.9196169120051,5.50551747777314,2
TCGA-BP-4784-01A,-6.42225021725426,46.6531568382151,8.47988528010567,2
TCGA-BP-4789-01A,-5.45239332823151,48.3750241722973,1.52025027842762,2
TCGA-BP-4790-01A,-13.8073890723794,42.8128020716783,-7.74047834039662,2
TCGA-BP-4795-01A,-26.1617446335882,36.9987407439572,14.2358560616011,2
TCGA-BP-4798-01A,-25.7990139119845,22.0150192929538,16.3238810324695,2
TCGA-BP-4801-01A,-24.922817612982,56.1547980555263,-18.1720584800267,2
TCGA-BP-4803-01A,-16.3656804207597,54.7978230433516,-6.38621060319247,2
TCGA-BP-4804-01A,-20.1926771582235,35.2666468220722,14.2581952187776,2
TCGA-BP-4807-01A,-20.5801325890631,58.3904864072053,-11.9363421146843,2
TCGA-BP-4959-01A,-26.9119714051794,20.6704389550289,-4.32467968690879,2
TCGA-BP-4961-01A,-15.2174088566841,57.7122987370785,11.9099799718135,2
TCGA-BP-4962-01A,-11.0446629104472,35.9158562475191,15.9412397300749,2
TCGA-BP-4963-01A,-20.1647852019982,29.4223203824951,-1.89903381778919,2
TCGA-BP-4964-01A,-22.9566275786812,60.8650151038359,-5.48682934888401,2
TCGA-BP-4967-01A,-20.9846014408978,39.2085134126447,-9.0410116907309,2
TCGA-BP-4968-01A,-22.6902848284955,25.5962420148273,14.0985123638463,2
TCGA-BP-4969-01A,-29.0885267544418,29.3691339768642,-10.4720592785767,2
TCGA-BP-4971-01A,-29.5965073320148,28.0197397457583,0.440269049701954,2
TCGA-BP-4972-01A,-8.53759018712797,51.6265508146649,1.95573389067449,2
TCGA-BP-4973-01A,-18.6060020454266,26.861770096253,-16.3736267692635,2
TCGA-BP-4975-01A,-26.1556111766715,64.8697649266143,-21.9082066084289,2
TCGA-BP-4976-01A,-16.6419911157904,57.396755272577,-9.64219519246276,2
TCGA-BP-4977-01A,-14.9619612735915,42.8543068280297,-9.08107521872999,2
TCGA-BP-4981-01A,-10.4401755521026,41.4958872187096,-4.39136264358067,2
TCGA-BP-4982-01A,-15.4496099722519,58.7510010081724,-15.483115901596,2
TCGA-BP-4986-01A,-19.6263121769485,31.2287321423321,13.2015449076297,2
TCGA-BP-4987-01A,-15.846080883598,59.4648163075132,-13.4720460767868,2
TCGA-BP-4989-01A,-29.4978353471394,16.019967923966,11.1878578216489,2
TCGA-BP-4991-01A,-14.4724013446776,50.8392767327347,-10.5538423728625,2
TCGA-BP-4992-01A,-23.711764847381,22.5415260259748,-1.92202068648713,2
TCGA-BP-4994-01A,-28.197416459367,32.1824928793661,15.5835702844838,2
TCGA-BP-4995-01A,-6.86080562382672,47.8372048409227,-8.16134673654595,2
TCGA-BP-4999-01A,-15.8452605334451,56.1479210541026,10.6747553129543,2
TCGA-BP-5000-01A,-23.3985795775882,32.8499748353182,-9.44969427069445,2
TCGA-BP-5001-01A,-26.3675566418285,25.1428656578529,-3.67941036321576,2
TCGA-BP-5004-01A,-13.2692311118363,31.5320956417466,-0.475961959914692,2
TCGA-BP-5007-01A,-13.462242546748,44.0796773121261,6.83866004720232,2
TCGA-BP-5009-01A,-30.6239913546515,29.4474763260624,6.94835247994571,2
TCGA-BP-5010-01A,-39.467064404157,20.5119136065274,-2.26377828468653,2
TCGA-BP-5169-01A,-28.4073903374814,32.1392133614776,4.6678868412271,2
TCGA-BP-5170-01A,-25.8487695175542,53.5820088456578,-11.7883023054743,2
TCGA-BP-5173-01A,-26.7317204796244,23.6156721015371,17.2236063216477,2
TCGA-BP-5174-01A,-6.82671590630603,48.5935850525306,9.54579366382332,2
TCGA-BP-5175-01A,-25.9475999558556,37.5566915838601,21.1369764950095,2
TCGA-BP-5176-01A,-20.7373841450621,29.5727558323916,17.4272350511248,2
TCGA-BP-5177-01A,-30.8396324283692,59.4649625758182,-15.3546019180456,2
TCGA-BP-5178-01A,-23.752182237877,30.5694083774579,16.8434727524959,2
TCGA-BP-5181-01A,-25.21069775138,60.7568649852259,-12.3532090307639,2
TCGA-BP-5182-01A,-38.5331148363087,20.5747902963593,9.82631986803504,2
TCGA-BP-5183-01A,-25.4044474535363,55.7783534976543,-11.5199335770505,2
TCGA-BP-5184-01A,-17.5716073312385,56.2211123536772,1.01729362986253,2
TCGA-BP-5185-01A,-24.5102801340633,20.4914897416438,17.3190853529359,2
TCGA-BP-5186-01A,-15.7083203657343,60.8536298124246,2.61315163843187,2
TCGA-BP-5189-01A,-21.6802541159728,64.5843686269589,-9.73757568841495,2
TCGA-BP-5190-01A,-8.09120229317617,33.7828486955122,-1.60193608079556,2
TCGA-BP-5191-01A,-12.21829841996,26.4187674471017,10.9411284240784,2
TCGA-BP-5192-01A,-23.7373211153837,45.8625342300424,-5.09070682408194,2
TCGA-BP-5194-01A,-19.7664703886012,53.8154164373381,-9.36841557205443,2
TCGA-BP-5195-01A,-14.7375409791035,55.630052649971,11.8102944346854,2
TCGA-BP-5196-01A,-40.5561108284487,43.0026784918257,5.42354483054671,2
TCGA-BP-5199-01A,-40.2674390928155,16.1850855135542,5.66996728770201,2
TCGA-CJ-4634-01A,-13.1912251049993,56.4330774792145,-15.5815151089113,2
TCGA-CJ-4636-01A,-19.1524294317524,27.1172013762175,10.4210966904182,2
TCGA-CJ-4637-01A,-31.6184714518462,22.2944926456402,13.0333282775062,2
TCGA-CJ-4638-01A,-22.3903642214926,32.8811802885486,-6.7599697944621,2
TCGA-CJ-4639-01A,-18.2903434760472,51.7357802403366,-14.992648444014,2
TCGA-CJ-4640-01A,-22.1578049145799,38.4631023996763,5.0645940843059,2
TCGA-CJ-4641-01A,-24.9380383988227,23.4013832120616,-1.33102476612055,2
TCGA-CJ-4642-01B,-22.8334637116935,20.1875734433847,10.0201344097397,2
TCGA-CJ-4643-01A,-15.9213630663471,55.8891743487452,-14.1449774049067,2
TCGA-CJ-4644-01A,-21.8995368033637,35.895084251683,4.75864013991596,2
TCGA-CJ-4869-01A,-31.4436404885917,28.8336937841391,13.151522391234,2
TCGA-CJ-4870-01A,-26.3747523223541,63.1997959937167,-8.47087470073716,2
TCGA-CJ-4873-01A,-20.9373702518909,32.7243328157921,21.0801983283262,2
TCGA-CJ-4874-01A,-20.622587805968,33.6100929613308,8.99626037322922,2
TCGA-CJ-4875-01A,-22.8914839292215,34.9854861397649,-10.9608111373961,2
TCGA-CJ-4876-01A,-17.3644473211572,43.2420191956339,-2.84669083697337,2
TCGA-CJ-4881-01A,-18.4542814970681,31.6447473400847,14.6471089421972,2
TCGA-CJ-4882-01A,-30.5747259362591,23.4291922526347,1.11646786922034,2
TCGA-CJ-4884-01A,-17.5608579503679,49.6330412975828,8.12845085181264,2
TCGA-CJ-4885-01A,-12.9759719966581,55.2728064468402,-13.950338175416,2
TCGA-CJ-4886-01A,-33.1275754433832,46.0511946507607,-0.369983941110344,2
TCGA-CJ-4887-01A,-13.5101416747949,32.5757501521555,12.6353604776182,2
TCGA-CJ-4888-01A,-27.4503867387331,32.0936646577916,13.6593671704733,2
TCGA-CJ-4889-01A,-30.1043847891658,25.2801482580582,3.45994029387533,2
TCGA-CJ-4890-01A,-39.6438874969378,25.1704082535557,8.9136382551943,2
TCGA-CJ-4891-01A,-28.6461148654167,27.6012883873462,14.0711386985508,2
TCGA-CJ-4892-01A,-13.4287282882949,45.0329567904883,-5.66283933338894,2
TCGA-CJ-4894-01A,-22.9966044693868,38.0305565199036,5.8864205470254,2
TCGA-CJ-4895-01A,-31.0407258820364,68.123042739478,-20.135473574125,2
TCGA-CJ-4897-01A,-3.9257785904963,39.0312018213597,1.25454631347857,2
TCGA-CJ-4900-01A,-28.1097359582357,15.3624832177642,17.9848380171966,2
TCGA-CJ-4902-01A,-17.2748661316957,32.4155854985485,10.9927685133993,2
TCGA-CJ-4903-01A,-28.3158295951566,30.9102228228181,-12.1311798623224,2
TCGA-CJ-4905-01A,-14.3620490519422,53.7084106261968,-13.3267941764081,2
TCGA-CJ-4907-01A,-12.3564067782437,42.4970142791309,7.49150138252351,2
TCGA-CJ-4912-01A,-28.7536360127711,38.1986982278664,5.98923485665305,2
TCGA-CJ-4916-01A,-15.8127836249753,37.0284922402341,-3.70652578716282,2
TCGA-CJ-5672-01A,-21.3577196679557,24.5916787814868,14.4554501974342,2
TCGA-CJ-5675-01A,-21.1513984582043,33.8430254999375,9.95030770132497,2
TCGA-CJ-5676-01A,-24.0442071320723,33.9520120763647,10.2118405900562,2
TCGA-CJ-5677-01A,-10.5117870149434,48.5089189533372,7.55579349697578,2
TCGA-CJ-5678-01A,-23.0347458892376,56.7682357740772,-8.87997181595813,2
TCGA-CJ-5679-01A,-25.1255390111496,33.209600504283,-3.30162169673069,2
TCGA-CJ-5680-01A,-2.72978710132266,52.7150649350099,5.30947163178455,2
TCGA-CJ-5681-01A,-11.0148655456045,44.1840305836408,7.62711882211975,2
TCGA-CJ-5682-01A,-2.31484654262132,47.4982424426879,3.0908884669802,2
TCGA-CJ-5683-01A,-16.7715012043257,59.8869385056338,-18.2559331219241,2
TCGA-CJ-5684-01A,-14.1852926643617,38.7446373648582,-4.46920588284784,2
TCGA-CJ-5686-01A,-23.5925828600312,64.276685119295,-12.3344565120382,2
TCGA-CJ-5689-01A,-21.3493532495305,19.1467391686872,11.2654653154504,2
TCGA-CJ-6028-01A,-14.4558923156379,58.1529213986218,-21.0014644868256,2
TCGA-CJ-6030-01A,-13.7432155097185,43.1843894001236,6.81872804549607,2
TCGA-CJ-6031-01A,-39.8070912172347,42.8456857790724,4.30137411800356,2
TCGA-CW-5580-01A,-29.0736523514401,61.0818203328635,-11.2402861760503,2
TCGA-CW-5581-01A,-12.2894989064252,46.0017045453618,-14.588467534395,2
TCGA-CW-5583-01A,-5.30077974924571,39.1143450457152,-0.618872124429319,2
TCGA-CW-5584-01A,-4.0727174047312,52.8759046696013,3.07473255778173,2
TCGA-CW-5585-01A,-3.8061702142175,43.5110839231043,1.19872951245963,2
TCGA-CW-5587-01A,-13.1393193723057,46.9619918783341,-4.72151836709534,2
TCGA-CW-5589-01A,-8.62881799269719,54.8438286914439,-8.05107055807206,2
TCGA-CW-5590-01A,-39.5281353620281,37.0484779361388,10.4385738439141,2
TCGA-CW-5591-01A,-27.8631764413082,32.7669283491376,13.7150021605897,2
TCGA-CW-6087-01A,-33.1736809462824,17.6549058191771,9.13377519376004,2
TCGA-CW-6088-01A,-10.245283259225,50.5284068192402,2.87061536634779,2
TCGA-CW-6090-01A,-15.0876735335721,57.4943149548503,-18.5167610433613,2
TCGA-CZ-4853-01A,-12.0256595945534,50.8241716626925,-8.72909996388043,2
TCGA-CZ-4854-01A,-27.0619408115194,30.0915562036554,-3.73482333669922,2
TCGA-CZ-4856-01A,-12.4591552569655,34.9984003634633,11.8280332999669,2
TCGA-CZ-4858-01A,-24.1608444131218,65.1558158382294,-15.5071821234214,2
TCGA-CZ-4859-01A,-19.130370775142,60.4561621823289,-16.6374316957556,2
TCGA-CZ-4862-01A,-37.046215593649,20.90376174111,22.2424387905225,2
TCGA-CZ-4864-01A,-15.7920737293236,41.3907842432335,0.467148200382829,2
TCGA-CZ-4865-01A,-36.5240410189287,23.0642029421768,15.2369877380423,2
TCGA-CZ-4866-01A,-17.4386620288071,33.6196778585239,-5.3276476948792,2
TCGA-CZ-5451-01A,-10.8724788555328,45.8045391463392,2.50074358705166,2
TCGA-CZ-5452-01A,-22.667197001051,26.699023746295,16.2881678762977,2
TCGA-CZ-5453-01A,-23.9447782291193,30.1335036532887,-5.0174541593704,2
TCGA-CZ-5454-01A,-27.6806038696245,59.05999281252,-22.225908027147,2
TCGA-CZ-5455-01A,-15.436209673138,43.0099651258973,-0.601894426870226,2
TCGA-CZ-5458-01A,-11.3720217778774,39.3776780942702,4.96283537952522,2
TCGA-CZ-5463-01A,-20.2955104479008,45.7196952941076,2.06539278667823,2
TCGA-CZ-5464-01A,-33.7650920645477,28.3322121135947,-5.5402401284418,2
TCGA-CZ-5468-01A,-24.4869471055875,23.7383932931153,-13.1176476580927,2
TCGA-CZ-5469-01A,-20.0960808156455,37.9540413676019,-4.25341726363152,2
TCGA-CZ-5470-01A,-27.5531683536666,32.0717898691492,6.54239481345878,2
TCGA-CZ-5984-01A,-18.4970687601029,35.8590833004282,-8.08521181518463,2
TCGA-CZ-5985-01A,-14.6931093648731,49.9522376809799,-4.25186350756284,2
TCGA-CZ-5986-01A,-21.0241571321481,58.5645771749996,-11.3952842553829,2
TCGA-CZ-5987-01A,-31.9763399981392,17.6986070037797,7.55055544777151,2
TCGA-CZ-5988-01A,-25.6178265142073,62.8153095217842,-13.0632717880447,2
TCGA-CZ-5989-01A,-19.0957562431533,52.6989361816811,-16.3478938740934,2
TCGA-DV-5565-01A,-39.3234204647701,20.8012751781552,7.62646975690902,2
TCGA-DV-5567-01A,-10.5170890211111,52.5855840703397,-4.41133968415356,2
TCGA-DV-5568-01A,-36.4446316461599,37.8187595359589,3.23634815926413,2
TCGA-DV-5573-01A,-13.2081756343994,37.8255600440122,6.09737758673505,2
TCGA-DV-5574-01A,-30.4710342659809,17.0218613295394,9.81795529943629,2
TCGA-DV-5576-01A,-31.3366162116423,32.5832736185059,3.91252164536794,2
TCGA-EU-5905-01A,-12.2766421889236,53.6520829639665,9.83380363457254,2
TCGA-EU-5906-01A,-18.3012272367749,60.7877264355885,-21.6883041378583,2
TCGA-G6-A5PC-01A,-24.0810506902385,29.5310934447824,9.45587303299317,2
TCGA-G6-A8L6-01A,-13.8950913747351,53.6441803416935,-7.93363745594923,2
TCGA-G6-A8L7-01A,-31.7422962333317,21.4384194478724,18.2707675418627,2
TCGA-G6-A8L8-01A,-30.1672086276917,27.8686285183217,-18.9453761361164,2
TCGA-MM-A563-01A,-13.669754292479,36.1693959936477,-1.27925285846319,2
TCGA-MM-A564-01A,-12.4365255020833,43.8485560871195,-0.283045669935854,2
TCGA-MM-A84U-01A,-24.8311156039248,22.1709262733529,-0.0724478733740499,2
TCGA-MW-A4EC-01A,-22.1659033222287,24.9415039404475,-2.70680285966292,2
TCGA-T7-A92I-01A,-12.4785700227083,42.8047070803113,6.88865447500898,2
