Sample,X,Y,Z,Cluster
TCGA-A3-3306-01A,21.8664821145452,25.5157171012136,29.1030195177911,1
TCGA-A3-3307-01A,14.828477740175,40.8287619140493,31.4917335470492,1
TCGA-A3-3308-01A,6.56828809172233,36.2627103717764,30.1545952357109,1
TCGA-A3-3311-01A,15.3202494817682,20.3330220989918,13.9954710994652,1
TCGA-A3-3316-01A,20.2205750115372,26.725489815475,29.6042740804023,1
TCGA-A3-3317-01A,17.2125833296261,31.4036567722943,34.5661486860628,1
TCGA-A3-3319-01A,21.2735109232033,24.3116652791225,27.833101214802,1
TCGA-A3-3320-01A,17.0685035674707,39.9708816089382,43.6541960456149,1
TCGA-A3-3322-01A,21.6325932923633,34.3840740150883,41.3283515229615,1
TCGA-A3-3323-01A,12.2576829026641,43.2772536383085,37.4831594978794,1
TCGA-A3-3324-01A,20.0419894105234,37.4620448339283,45.2304998268523,1
TCGA-A3-3326-01A,11.3097879817141,45.9274827642236,43.880210475324,1
TCGA-A3-3331-01A,19.0064304717123,46.5936604681282,37.1074799176509,1
TCGA-A3-3346-01A,16.1443492027471,30.6286647705212,19.124334849489,1
TCGA-A3-3347-01A,22.3580181517966,20.6450576968801,25.7958836815802,1
TCGA-A3-3349-01A,3.4637082619146,34.9659514824416,35.9300954028559,1
TCGA-A3-3351-01A,18.2410575608346,39.3214085962963,42.797602168563,1
TCGA-A3-3357-01A,15.2185368829046,33.075400776017,19.7627818666278,1
TCGA-A3-3358-01A,19.97598060887,15.3777323391456,17.86913695017,1
TCGA-A3-3359-01A,11.6772670082748,40.6054029128668,32.5636879842491,1
TCGA-A3-3362-01A,7.65545501851942,39.4688803401636,36.7316592703845,1
TCGA-A3-3365-01A,12.8027925856121,31.4004520958624,38.2538511908889,1
TCGA-A3-3367-01A,16.7552521337297,16.6236303067461,11.2758807421699,1
TCGA-A3-3370-01A,17.3044828942843,42.4346444608377,42.379551485661,1
TCGA-A3-3372-01A,16.8631147673037,35.7131494246585,38.0153503529178,1
TCGA-A3-3373-01A,14.2523259807926,34.7189842220352,40.8190360462249,1
TCGA-A3-3376-01A,17.3182708019792,46.1659266290883,35.4765474199716,1
TCGA-A3-3378-01A,18.0435124251385,33.7421830117721,31.4773760750179,1
TCGA-A3-3380-01A,7.98426498596532,39.526255350557,29.2403699664757,1
TCGA-A3-3382-01A,12.6825051904866,34.9013150295079,29.1294519249448,1
TCGA-A3-3385-01A,21.8673583357278,33.2970592840757,33.8521500236583,1
TCGA-A3-3387-01A,15.3121199643724,18.3891386267464,16.5418709776683,1
TCGA-A3-A6NJ-01A,6.03995371609475,33.6677758693114,26.2251331110336,1
TCGA-A3-A6NN-01A,7.66535337112459,33.5074109564589,27.770905455562,1
TCGA-A3-A8CQ-01A,8.2670530425959,42.3847874339146,31.3281649300049,1
TCGA-A3-A8OW-01A,3.75291134711078,36.3547722937491,34.9589273101026,1
TCGA-A3-A8OX-01A,5.40577759630548,41.4039343983376,32.2817988971373,1
TCGA-AK-3431-01A,11.5979269138975,31.9257924542997,39.3026956765082,1
TCGA-AK-3434-01A,14.0776747407799,27.5808509690087,37.9464938035357,1
TCGA-AK-3460-01A,12.8655793542023,31.7593072467211,36.3398865791992,1
TCGA-AK-3461-01A,16.7629444255385,35.0374433373886,28.2841211268458,1
TCGA-B0-4693-01A,21.9228398356861,39.0165808338706,30.9949911035944,1
TCGA-B0-4703-01A,23.5378687805022,29.3005513335106,41.3191907746385,1
TCGA-B0-4714-01A,24.243133276489,27.0132012855523,37.1595306962717,1
TCGA-B0-4815-01A,24.218542490712,24.0337675518455,39.1587844301449,1
TCGA-B0-4816-01A,8.27912617269674,36.0973258425857,31.0210803322778,1
TCGA-B0-4818-01A,12.3825096339236,46.1348804254924,31.288904908694,1
TCGA-B0-4819-01A,22.5897468000347,24.0648589660153,36.5401248094549,1
TCGA-B0-4827-01A,17.7078044550979,29.1559635514671,21.8169792823925,1
TCGA-B0-4836-01A,12.8710577695641,33.4944274732033,20.7055079519575,1
TCGA-B0-4838-01A,18.3380903798423,24.437405769176,27.6818464849591,1
TCGA-B0-4846-01A,16.8818887237359,14.9360357901967,12.1855828644781,1
TCGA-B0-4848-01A,15.9791084811182,31.6635799803739,23.402247044588,1
TCGA-B0-4849-01A,19.9485983889186,29.4893594738874,38.8650856516176,1
TCGA-B0-4945-01A,11.7733319358993,42.7358959912096,33.6915660630442,1
TCGA-B0-5094-01A,15.0994171401892,31.1712107826337,24.3303995532613,1
TCGA-B0-5095-01A,22.8877647434457,28.452064225225,40.8556669584153,1
TCGA-B0-5097-01A,13.8515096272851,30.2143099079855,37.6318481351689,1
TCGA-B0-5099-01A,7.73906177981333,35.3886782685309,27.0348599693113,1
TCGA-B0-5102-01A,18.5561508282072,14.8055906291594,17.2507342106353,1
TCGA-B0-5104-01A,11.9732670087054,12.718276529638,21.0808120037791,1
TCGA-B0-5106-01A,11.1969629098252,41.8393955385087,33.7605602349409,1
TCGA-B0-5108-01A,20.0972202107516,35.2073483052609,38.5839469828195,1
TCGA-B0-5110-01A,15.3025441816893,42.0586708936202,43.4904678038493,1
TCGA-B0-5113-01A,15.1232350427491,40.8654251043204,38.4791608170605,1
TCGA-B0-5115-01A,19.0915893546208,48.0194614200936,37.6576148533293,1
TCGA-B0-5119-01A,13.2042433663896,36.2709048859824,43.8064825584778,1
TCGA-B0-5120-01A,9.9092464605883,46.9188856166572,39.6063243225348,1
TCGA-B0-5402-01A,8.52337452334758,43.8695321938134,34.2831835956738,1
TCGA-B0-5690-01A,5.21042938845875,40.0728474346281,36.0175561335037,1
TCGA-B0-5691-01A,12.1209896981358,37.6859729286249,37.4234892838579,1
TCGA-B0-5693-01A,7.49973241401293,39.4473577051337,33.9021385594333,1
TCGA-B0-5709-01A,17.0232219063806,39.3835572934854,42.4118411969842,1
TCGA-B0-5710-01A,15.9936810342559,42.4320674426318,39.0911028112182,1
TCGA-B0-5711-01A,5.53429659095937,39.8758573385891,40.2625052404001,1
TCGA-B0-5712-01A,13.802474249698,31.5823005503977,19.1902584445749,1
TCGA-B0-5713-01A,3.50713389562852,42.1579215139719,36.4683195415994,1
TCGA-B0-5812-01A,10.6581155949751,34.3963991109047,38.1561618410759,1
TCGA-B2-3923-01A,28.7422328870088,31.986736366741,35.9692547945465,1
TCGA-B2-3923-01B,26.9679874790469,28.6626940108806,37.0799113271598,1
TCGA-B2-3924-01A,15.632925117092,23.7101708604758,29.953217485262,1
TCGA-B2-3924-01B,14.7803552614856,37.1578334688913,36.0480201486388,1
TCGA-B2-4101-01A,13.6460273151804,43.3219746236037,43.4949739690016,1
TCGA-B2-4102-01A,16.8358246404528,45.9251176628343,37.278199614837,1
TCGA-B2-5633-01A,14.9195335508919,34.135036473041,40.5416503986985,1
TCGA-B2-5633-01B,19.7930769416628,37.3164611940635,38.7012099560721,1
TCGA-B2-5635-01A,19.5808157743074,33.5505793703432,39.5120697930809,1
TCGA-B2-5635-01B,14.7538526979066,33.6099117362622,39.017584703758,1
TCGA-B2-5636-01A,10.7300235307737,40.0589165972667,44.1920321805997,1
TCGA-B2-A4SR-01A,6.46016481355247,41.0518489482763,34.3704742152027,1
TCGA-B4-5377-01A,15.72205059695,29.1882107669336,25.0456989101495,1
TCGA-B4-5378-01A,11.5341918693848,36.7852436898308,41.5810787419328,1
TCGA-B4-5832-01A,20.5663389373853,24.3825847303842,27.0866156733941,1
TCGA-B4-5834-01A,10.3396412362551,37.8730930549185,41.1839968659768,1
TCGA-B4-5836-01A,5.66497460506537,38.6588524286437,40.7447294812441,1
TCGA-B4-5843-01A,8.53739496118143,29.7802914004921,38.2206602113053,1
TCGA-B4-5844-01A,5.93708263605698,40.9060523376434,35.4950395015097,1
TCGA-B8-4146-01B,19.488592418431,24.4914444055077,30.9956872988893,1
TCGA-B8-4148-01A,22.0600537699423,34.494773699118,30.9940521610146,1
TCGA-B8-4620-01A,11.472550063124,31.8776422070075,45.0138773799198,1
TCGA-B8-4621-01A,19.8066092640932,11.926616560766,21.8513496234659,1
TCGA-B8-4622-01A,16.1128097127332,20.5478230447655,16.4598596945866,1
TCGA-B8-5158-01A,17.6675860624736,31.8554641077262,20.0580813956483,1
TCGA-B8-5159-01A,15.6547826165798,43.1260021768759,44.9705084558291,1
TCGA-B8-5162-01A,16.2779518825881,29.1745255366387,39.6700747901246,1
TCGA-B8-5163-01A,19.7647309439985,33.4235042050944,37.4573785421368,1
TCGA-B8-5164-01A,13.8230333318059,16.1250002095468,16.975963259765,1
TCGA-B8-5165-01A,13.8195555922311,40.8312704592145,39.3529552177958,1
TCGA-B8-5545-01A,12.190471336213,40.4787221960483,43.7142757028244,1
TCGA-B8-5549-01A,18.2138253471514,17.9682360587362,15.729215968429,1
TCGA-B8-5550-01A,15.2491006705963,28.9993575567837,22.6094667635006,1
TCGA-B8-5552-01B,5.40420152621731,40.688054949933,34.9298591493956,1
TCGA-B8-5553-01A,5.37851495122334,35.3029277987906,41.7913428344322,1
TCGA-B8-A54D-01A,18.6040724230426,12.7656638892054,16.1432729169091,1
TCGA-B8-A54E-01A,2.47581798248167,42.0042292442151,31.031263689513,1
TCGA-B8-A54F-01A,23.3756320322518,39.0119197783234,29.2951940292914,1
TCGA-B8-A54G-01A,19.4450561799157,8.00136865834387,20.2916001818129,1
TCGA-B8-A54J-01A,8.28349994643683,35.5038812252911,31.5296356847251,1
TCGA-B8-A8YJ-01A,21.2998830943641,27.7973010751203,39.5025312774703,1
TCGA-BP-4158-01A,14.7710985362483,30.3198075471852,33.4541767297752,1
TCGA-BP-4159-01A,12.7997057013626,28.451791133618,40.2902318258793,1
TCGA-BP-4160-01A,16.3022140421689,29.8988490211852,28.0275795103846,1
TCGA-BP-4161-01A,22.3480057649693,38.5300729619579,29.0827885099876,1
TCGA-BP-4162-01A,20.6589585068125,30.7066573069678,36.891865227109,1
TCGA-BP-4163-01A,17.2034190315154,13.4703204452306,17.989051814297,1
TCGA-BP-4164-01A,14.1376296845925,16.6470685878577,14.2425056347771,1
TCGA-BP-4166-01A,16.5974824831568,21.7775564311996,33.0142140952003,1
TCGA-BP-4169-01A,7.9944773072605,41.5519570622836,34.6103879154266,1
TCGA-BP-4170-01A,3.09844681839011,43.3005437443496,35.6330885440684,1
TCGA-BP-4173-01A,24.6718747371285,33.7410783524486,34.4900473938118,1
TCGA-BP-4174-01A,18.3011400842622,19.5272950633187,31.7061540101382,1
TCGA-BP-4176-01A,20.9761789276338,21.5164643270526,33.2222440027791,1
TCGA-BP-4325-01A,21.2690144624933,19.5187189856696,28.6607995302716,1
TCGA-BP-4326-01A,24.3924927726929,32.4771860512245,32.6148380169211,1
TCGA-BP-4329-01A,7.59433162379088,37.9994098782332,41.7772304159226,1
TCGA-BP-4330-01A,11.0416528949101,45.4069824220293,36.7980401903502,1
TCGA-BP-4332-01A,17.0366063368008,40.699226277462,37.3796905876035,1
TCGA-BP-4335-01A,24.4556024267647,26.1213912402624,38.3295124719353,1
TCGA-BP-4340-01A,15.1790645915194,14.4538764948334,18.147861655716,1
TCGA-BP-4342-01A,15.6691441336199,33.1430400524558,21.9709697381757,1
TCGA-BP-4343-01A,15.2760992515796,23.1624569804951,28.9164296560359,1
TCGA-BP-4344-01A,4.72178568198623,38.3397649543419,34.4994706358559,1
TCGA-BP-4345-01A,17.5680436177364,30.8006685520305,34.5426484123145,1
TCGA-BP-4346-01A,22.3386771137033,33.1464365762573,41.7387133955781,1
TCGA-BP-4347-01A,8.83011382506506,38.4069471369674,33.5692024826298,1
TCGA-BP-4349-01A,21.9008449496367,27.3905619799239,38.3142212349577,1
TCGA-BP-4351-01A,25.0454621829499,35.2855459317574,44.9214857636913,1
TCGA-BP-4353-01A,8.36720758681758,38.4749496198688,33.2320544938556,1
TCGA-BP-4355-01A,8.41179122092938,42.3705753302133,35.0415423741404,1
TCGA-BP-4762-01A,11.6998825713571,32.6067883485643,40.9365951909248,1
TCGA-BP-4763-01A,14.9701303557672,29.1268801649611,38.2763138287383,1
TCGA-BP-4765-01A,15.9590822505903,32.1450825998504,34.6203835034133,1
TCGA-BP-4766-01A,22.0561860396761,42.2320253335326,37.6475991232329,1
TCGA-BP-4769-01A,21.4886307445836,29.9787009923307,35.1387702287873,1
TCGA-BP-4771-01A,24.9567146921784,24.0674090592023,40.3966456083879,1
TCGA-BP-4775-01A,21.1176262061868,43.5826481438724,40.2778770461646,1
TCGA-BP-4777-01A,19.348665583137,26.6383320073663,24.0767563874847,1
TCGA-BP-4781-01A,17.3454772061309,19.3027294465816,15.8252197711937,1
TCGA-BP-4784-01A,10.8731600098816,33.5874252915023,40.1258519988925,1
TCGA-BP-4789-01A,6.62776908428428,36.5804775517401,38.9977860916012,1
TCGA-BP-4790-01A,14.0602562082219,40.1409208397565,41.6858751862087,1
TCGA-BP-4795-01A,10.0882185346972,33.9328540968387,36.5655468421129,1
TCGA-BP-4797-01A,19.1579391902167,17.9415825401478,21.2463109791343,1
TCGA-BP-4798-01A,17.438146189125,21.9832089037952,29.1890476667539,1
TCGA-BP-4803-01A,10.1437442773654,36.9744192841881,38.3257853507341,1
TCGA-BP-4807-01A,20.3658379974461,18.678097946717,11.8030137819293,1
TCGA-BP-4959-01A,20.0395857019867,17.1276277963283,17.1298251302982,1
TCGA-BP-4961-01A,8.0931282761586,38.3844269114774,40.3497073964296,1
TCGA-BP-4963-01A,19.2311811016002,40.544352209474,35.6914134728955,1
TCGA-BP-4964-01A,11.8467448651701,37.1877206668604,41.5855573052871,1
TCGA-BP-4965-01A,5.74683249944073,41.8037586570604,38.2506949394114,1
TCGA-BP-4967-01A,19.2566342646064,26.8456519925482,24.8007529185654,1
TCGA-BP-4970-01A,5.96578447624487,37.0135056444,43.4086572356329,1
TCGA-BP-4971-01A,19.6494136147729,30.3776124767957,39.3110096763593,1
TCGA-BP-4972-01A,16.7458692780996,44.3977220474932,39.0724471900913,1
TCGA-BP-4973-01A,16.750765841079,17.2380280604035,19.8930925326852,1
TCGA-BP-4974-01A,9.13160177897091,42.2297302755444,34.6407720349413,1
TCGA-BP-4975-01A,6.4320200068728,31.4394312355676,43.2673317895334,1
TCGA-BP-4976-01A,6.98273981348174,36.975801543295,45.1908747636582,1
TCGA-BP-4977-01A,17.9560367082351,14.6556917785948,17.8343734008762,1
TCGA-BP-4982-01A,14.1382904048148,40.8624032877766,36.9703451052554,1
TCGA-BP-4986-01A,19.7783330098989,33.2052637264722,36.8991624580114,1
TCGA-BP-4987-01A,15.4303573847621,42.4737860435153,41.2791375097967,1
TCGA-BP-4989-01A,22.4922326862094,27.9069572913586,39.6650070665855,1
TCGA-BP-4991-01A,14.4562754764035,43.4751210697391,39.2127226761975,1
TCGA-BP-4994-01A,26.3899131385964,32.8573528671745,35.8675454052655,1
TCGA-BP-4995-01A,26.9241201943224,32.8891793397505,35.8280350694444,1
TCGA-BP-4998-01A,20.4208406729,44.2494454661631,39.778056367237,1
TCGA-BP-4999-01A,13.8348643591557,31.107137218497,30.5936518001326,1
TCGA-BP-5004-01A,20.1950843562258,38.969338652295,42.6035316260087,1
TCGA-BP-5007-01A,8.09570518269642,47.9784943200709,33.8430804794975,1
TCGA-BP-5008-01A,8.34441631607438,46.44480522101,38.8656192129489,1
TCGA-BP-5009-01A,19.9236693943489,27.7155108442508,20.4310360883692,1
TCGA-BP-5175-01A,16.327643246884,26.5501030181269,21.3305072159098,1
TCGA-BP-5187-01A,16.5121908623157,28.9323705558619,27.5770044255109,1
TCGA-BP-5189-01A,14.2110302254511,34.6932084685551,37.7680407322338,1
TCGA-BP-5194-01A,13.3128347507916,38.8298870202939,41.0072383216069,1
TCGA-BP-5195-01A,6.98764205896939,35.6078044495374,39.9729540872066,1
TCGA-BP-5200-01A,9.79691212900313,31.7419233253602,30.1930668133865,1
TCGA-CJ-4634-01A,18.5723820897574,41.7838244265137,41.6369444832035,1
TCGA-CJ-4635-01A,21.0320054882717,24.088801217322,28.3533835206002,1
TCGA-CJ-4637-01A,21.3894939999814,20.1506573231426,29.3933377352947,1
TCGA-CJ-4639-01A,16.3106696347617,41.7065577527403,37.3985436718172,1
TCGA-CJ-4640-01A,18.0355862983777,19.3864982843871,32.5459368407024,1
TCGA-CJ-4641-01A,16.8066804564429,15.9859670346225,19.531621816947,1
TCGA-CJ-4643-01A,13.4845282236703,43.2096370649103,34.3330434059397,1
TCGA-CJ-4644-01A,10.8985970828899,38.8586037332486,34.4298258837864,1
TCGA-CJ-4871-01A,17.3635460844207,32.1469398296073,23.6204056268468,1
TCGA-CJ-4874-01A,7.92078433237937,38.6355324461265,39.1809032333882,1
TCGA-CJ-4878-01A,19.697777509779,28.3192884512778,23.8822886786309,1
TCGA-CJ-4884-01A,21.586701676311,20.2913640637224,19.0006146603623,1
TCGA-CJ-4886-01A,7.38743545464196,42.4445278561509,37.955514381575,1
TCGA-CJ-4887-01A,22.8761396690897,27.7697324164516,25.9790036065481,1
TCGA-CJ-4888-01A,16.8061150481951,29.1244225625664,27.6105017532119,1
TCGA-CJ-4889-01A,19.0358644207368,26.8103355938755,37.3538656107242,1
TCGA-CJ-4890-01A,16.9379313742681,25.2830093999771,33.0747913675391,1
TCGA-CJ-4893-01A,5.50568311032616,35.6740691410193,39.8407539935689,1
TCGA-CJ-4894-01A,15.7539674934133,40.9570018209266,41.0728674211584,1
TCGA-CJ-4895-01A,18.1112755810264,26.0833986220089,26.846507520178,1
TCGA-CJ-4897-01A,5.75539865733874,36.3796183706514,39.8193672892101,1
TCGA-CJ-4899-01A,9.23219103674253,39.0980420989272,35.6758908257756,1
TCGA-CJ-4900-01A,20.3360135179757,10.1121943804085,18.1306061102917,1
TCGA-CJ-4902-01A,5.52539188895152,42.4731190030717,30.6455043532618,1
TCGA-CJ-4903-01A,18.0358606476342,40.4345540341621,43.1106971050571,1
TCGA-CJ-4904-01A,12.1317168194823,35.5379326826736,29.0815505268877,1
TCGA-CJ-4905-01A,8.50841655752659,40.369531085071,40.1151677177272,1
TCGA-CJ-4907-01A,18.124966641704,42.0392898148978,42.7040567756334,1
TCGA-CJ-4908-01A,9.43755668443218,36.7949276301991,32.8171573127815,1
TCGA-CJ-4912-01A,21.1345004590478,14.8255986010323,15.4466189666908,1
TCGA-CJ-4918-01A,5.68244912642747,37.5173962782321,31.4242427823648,1
TCGA-CJ-5679-01A,16.8707391265634,30.5192524454095,22.9683774364858,1
TCGA-CJ-5686-01A,12.4030439281271,32.6843293733635,23.2160411528439,1
TCGA-CJ-6028-01A,20.8786004483175,21.2207525329906,29.366731696592,1
TCGA-CJ-6030-01A,18.082175913439,14.3906255686179,18.9624412688137,1
TCGA-CJ-6031-01A,11.4042904601666,33.9396945015657,39.0172907934123,1
TCGA-CJ-6032-01A,12.3423002525836,30.812797814571,28.6027780835133,1
TCGA-CW-5580-01A,19.1143851464882,17.2570690104008,17.1924688231648,1
TCGA-CW-5583-01A,10.3667417375257,40.2909332526916,39.7214569471469,1
TCGA-CW-5584-01A,19.4386084582556,15.7194767505129,12.2032820847307,1
TCGA-CW-5587-01A,17.8516132995382,39.9084150015953,48.2157532846765,1
TCGA-CW-6088-01A,13.4060790553676,39.2052957174411,40.8951710553303,1
TCGA-CW-6093-01A,9.37132222087364,38.3230990321339,31.1972861928065,1
TCGA-CZ-4853-01A,18.5062608266369,38.6151365688553,44.8885933623308,1
TCGA-CZ-4857-01A,24.5837761718597,19.1906541858903,29.9559666376973,1
TCGA-CZ-4861-01A,19.888117663045,14.0947388559335,17.0042270214451,1
TCGA-CZ-4862-01A,17.8377246518878,35.2345167826813,36.167674534329,1
TCGA-CZ-4863-01A,9.95860364436343,44.2763200367771,37.5582225473225,1
TCGA-CZ-4864-01A,17.4690647686158,38.4270232021311,44.8369328058361,1
TCGA-CZ-4866-01A,20.8884965946312,16.020830275757,18.0621608935357,1
TCGA-CZ-5455-01A,13.3623653680373,34.7357774384765,36.572786066184,1
TCGA-CZ-5457-01A,3.79751007963175,41.5583870700662,34.2002317656938,1
TCGA-CZ-5458-01A,17.2322586928893,19.1089184794948,11.1803249221307,1
TCGA-CZ-5462-01A,16.7015629393867,28.2964520200223,20.7016348989288,1
TCGA-CZ-5463-01A,16.5661673009402,36.2283446249549,28.9339767892644,1
TCGA-CZ-5465-01A,12.5273640441469,15.8670229893281,17.4987906745252,1
TCGA-CZ-5467-01A,0.544808423898302,41.7148980984699,38.347504157647,1
TCGA-CZ-5982-01A,12.0925659350912,33.7622794494374,29.342440503287,1
TCGA-CZ-5984-01A,14.2610379367394,29.1227753691316,20.4731284088873,1
TCGA-CZ-5985-01A,15.3770319095016,28.4317195581463,20.3797719714801,1
TCGA-CZ-5986-01A,12.5626916003204,35.6009306583417,29.8414217514788,1
TCGA-CZ-5988-01A,12.5413438789814,26.6922357104554,35.356899754865,1
TCGA-CZ-5989-01A,17.9772384087889,21.3110948503366,26.4645728506011,1
TCGA-DV-5573-01A,13.2939920425138,30.1523149902928,16.6105626485369,1
TCGA-DV-5574-01A,12.1982549252866,31.3939193529463,35.3073890007852,1
TCGA-DV-A4W0-01A,17.5376659611748,29.2511482676257,22.3794263749288,1
TCGA-EU-5904-01A,9.01188511657813,40.6414752505935,40.0869740912779,1
TCGA-EU-5906-01A,10.3502008645735,38.8495058616058,37.6888611263056,1
TCGA-EU-5907-01A,23.9716955555358,20.4704792796844,30.6403802204169,1
TCGA-GK-A6C7-01A,1.56567883621912,39.8357346112133,38.6270836893675,1
TCGA-T7-A92I-01A,17.7626194912767,17.8984215537635,24.1117856159169,1
TCGA-3Z-A93Z-01A,-34.7249672611435,-23.600957507947,-39.4056384796431,2
TCGA-A3-3325-01A,-30.9611006622023,-32.1455328028407,-36.2463534746751,2
TCGA-A3-3329-01A,-39.8919793605036,-35.6337152605337,-37.5323286235893,2
TCGA-A3-3343-01A,-39.0855873954968,-31.3070328229528,-37.535570445808,2
TCGA-A3-3352-01A,-36.9956046871346,-33.0370929499494,-39.4389524548312,2
TCGA-A3-3383-01A,-41.2037108217793,-23.8337877142974,-34.3074508257054,2
TCGA-A3-A6NI-01A,-35.8947871402523,-29.7916799489377,-37.0760141896758,2
TCGA-A3-A6NL-01A,-22.4288709054864,-30.2097660135627,-37.9490203050297,2
TCGA-A3-A8OU-01A,-27.0583884865214,-28.9009206082172,-33.359525961662,2
TCGA-A3-A8OV-01A,-39.3508413512283,-25.2169939799453,-31.7313419504697,2
TCGA-AK-3426-01A,-31.9119704992258,-32.3587393957476,-27.5684854451313,2
TCGA-AK-3428-01A,-33.0059444044649,-38.6213138587614,-36.1662417599921,2
TCGA-AK-3429-01A,-42.6297264618853,-27.8039606570109,-29.3888560132521,2
TCGA-AK-3450-01A,-33.1537558072219,-27.8951799335695,-40.4558635976239,2
TCGA-AK-3453-01A,-35.0876038199498,-32.7935513405163,-33.0859267515013,2
TCGA-AK-3454-01A,-34.1754443827677,-24.3598713215411,-37.3083760448886,2
TCGA-AS-3778-01A,-29.8565498601914,-31.6108338312161,-32.8304149643679,2
TCGA-B0-4697-01A,-28.425551249025,-28.9069364952291,-24.161077614936,2
TCGA-B0-4698-01A,-27.6808819663398,-33.5515467777734,-24.0779917620863,2
TCGA-B0-4701-01A,-32.2336066573903,-33.4888503613052,-23.6613764865834,2
TCGA-B0-4706-01A,-32.9969577753325,-31.7401831564267,-34.2302494808791,2
TCGA-B0-4718-01A,-22.3658790690783,-31.2846386128177,-29.4617243662619,2
TCGA-B0-4810-01A,-35.4450940013597,-26.5558738726411,-36.15790538737,2
TCGA-B0-4811-01A,-33.4138438059303,-27.6916550156057,-30.5962097670108,2
TCGA-B0-4813-01A,-36.755067595164,-29.23729501962,-25.0246699538279,2
TCGA-B0-4814-01A,-30.8944953114826,-31.0812682715659,-28.5256471242007,2
TCGA-B0-4817-01A,-35.2456916378752,-30.008627285471,-24.9369455899745,2
TCGA-B0-4821-01A,-35.1915760161577,-24.0686271494945,-29.9502915221516,2
TCGA-B0-4822-01A,-31.0892617859688,-25.2324428669586,-35.9266179089601,2
TCGA-B0-4823-01A,-32.6918944882937,-29.1921049418538,-43.2402866383892,2
TCGA-B0-4824-01A,-26.1781187532132,-30.4395726865071,-38.2601797743875,2
TCGA-B0-4828-01A,-36.3367435089253,-21.042794090693,-32.6101574197445,2
TCGA-B0-4833-01A,-29.9783904570728,-29.8088510828491,-46.4646063913658,2
TCGA-B0-4839-01A,-38.4631440086018,-23.8467190402394,-38.7121472288479,2
TCGA-B0-4841-01A,-32.1180540524659,-23.5526588454937,-44.3985071321896,2
TCGA-B0-4842-01A,-39.7984881812713,-24.2683624317061,-34.7572837500271,2
TCGA-B0-4843-01A,-32.138493875062,-31.9853585063036,-30.2397965667827,2
TCGA-B0-4845-01A,-24.1121993622501,-28.4751967884317,-33.7229392795056,2
TCGA-B0-4847-01A,-29.3651141853043,-30.4857905588385,-30.8152379687367,2
TCGA-B0-5075-01A,-37.9121881840031,-27.0099967243284,-25.0434547092003,2
TCGA-B0-5077-01A,-28.9083640966694,-31.7923169521779,-29.0224775844853,2
TCGA-B0-5080-01A,-23.1995712687187,-32.5216570959565,-29.9349716434219,2
TCGA-B0-5081-01A,-32.1861929815218,-23.5377483732222,-27.1810585583874,2
TCGA-B0-5085-01A,-28.7092472208928,-27.8935426314561,-30.4888246160912,2
TCGA-B0-5088-01A,-30.4280287311696,-30.5729809581755,-34.623667327521,2
TCGA-B0-5092-01A,-21.6749152447659,-29.8560996243764,-25.2889256670977,2
TCGA-B0-5100-01A,-24.1166968959829,-36.7336395377865,-33.7651969014223,2
TCGA-B0-5107-01A,-35.2068023346629,-21.2459928655225,-27.1977814949214,2
TCGA-B0-5116-01A,-38.3106678944634,-21.6886817080819,-33.2129940531929,2
TCGA-B0-5121-01A,-31.6939411040766,-24.5671987992343,-42.5316788505933,2
TCGA-B0-5399-01A,-37.0712940763711,-26.0390879952519,-36.0599408122338,2
TCGA-B0-5692-01A,-38.7598006673868,-19.1913295700922,-31.8684609607723,2
TCGA-B0-5694-01A,-43.6252202627592,-25.0534930691064,-27.9024540924503,2
TCGA-B0-5695-01A,-37.1122755782149,-29.1734877322316,-38.3061423960485,2
TCGA-B0-5696-01A,-41.3961693697726,-21.2532852323028,-35.4316282544731,2
TCGA-B0-5697-01A,-37.3885496338934,-21.8505949630967,-25.6582357352062,2
TCGA-B0-5699-01A,-42.0762062143768,-29.3027861684649,-32.2340606218,2
TCGA-B0-5700-01A,-35.9972904982705,-20.3439141748987,-35.7339659544477,2
TCGA-B0-5702-01A,-41.6059314739433,-25.6289772558707,-37.9627914295923,2
TCGA-B0-5705-01A,-33.150692991826,-27.0889469432107,-40.140454461617,2
TCGA-B0-5706-01A,-34.0762506398055,-24.7634871014688,-29.2037634870753,2
TCGA-B0-5707-01A,-37.67845975726,-25.834757056961,-28.2820526991019,2
TCGA-B2-5639-01A,-44.3679812462398,-26.5805342308449,-26.7750539340261,2
TCGA-B2-5641-01A,-39.2740778930273,-28.7187192470521,-34.3675336279698,2
TCGA-B4-5838-01A,-44.9929687274661,-28.2748829181542,-25.8058180190015,2
TCGA-B8-4151-01A,-43.8296111687078,-23.6914780224219,-30.9787578018187,2
TCGA-B8-4153-01B,-40.3544279833881,-25.3700635408419,-32.5603727166745,2
TCGA-B8-5551-01A,-36.9525223301611,-23.2271892312693,-28.3963709890728,2
TCGA-B8-A54H-01A,-34.9230065292797,-28.7562261569825,-35.3314100186638,2
TCGA-B8-A54K-01A,-39.5401170228787,-34.9104503759381,-38.1715214627774,2
TCGA-B8-A7U6-01A,-34.7560187227168,-19.1263759278367,-40.3964852761962,2
TCGA-BP-4165-01A,-30.6401779333062,-29.2078385509345,-29.0640624970648,2
TCGA-BP-4177-01A,-44.0896637396131,-28.628679698608,-35.856907800557,2
TCGA-BP-4327-01A,-23.2391291512804,-29.7579279322319,-27.1005135584774,2
TCGA-BP-4331-01A,-39.4313251650427,-32.2850127076916,-40.4366289085643,2
TCGA-BP-4334-01A,-31.9774903231089,-34.6250311894303,-28.9609075664583,2
TCGA-BP-4337-01A,-18.474515647213,-33.386223634118,-22.1656825319971,2
TCGA-BP-4341-01A,-26.6254991899615,-28.2813683103973,-38.839928449838,2
TCGA-BP-4758-01A,-36.7456139511074,-23.0176478187082,-40.7457426138679,2
TCGA-BP-4760-01A,-43.0451982664093,-31.8916612831546,-37.3104954693022,2
TCGA-BP-4761-01A,-39.8016287278792,-20.543478346898,-27.3629221271322,2
TCGA-BP-4774-01A,-26.9866079683764,-30.1370584964051,-35.2067045682924,2
TCGA-BP-4776-01A,-35.0345155918218,-26.2085865718946,-41.1093474333489,2
TCGA-BP-4782-01A,-34.3400604797033,-30.993547342776,-40.9381160115406,2
TCGA-BP-4801-01A,-32.4057889660665,-28.7527162902031,-35.3924396828914,2
TCGA-BP-4804-01A,-24.3100959777891,-36.2519789398364,-33.606888084423,2
TCGA-BP-4960-01A,-35.2756766423788,-16.4549214552484,-39.9401282079194,2
TCGA-BP-4968-01A,-31.497525600886,-20.3280112268204,-37.1495672238248,2
TCGA-BP-4969-01A,-25.6506602755577,-30.8824113432458,-25.109458027083,2
TCGA-BP-4981-01A,-38.7117621068852,-23.1360846763931,-33.5480627521749,2
TCGA-BP-4985-01A,-40.148139980973,-19.2414818205159,-32.3746567554516,2
TCGA-BP-4992-01A,-20.4758610695462,-31.549792651813,-26.4740257148392,2
TCGA-BP-4993-01A,-33.2123763082954,-24.5970510898189,-42.0130278512375,2
TCGA-BP-5000-01A,-37.9259670920238,-22.4469468891562,-32.5967179233516,2
TCGA-BP-5001-01A,-27.4572884883376,-28.9801979161564,-29.2461143567882,2
TCGA-BP-5006-01A,-30.5428404429495,-29.0298900011781,-47.706438335045,2
TCGA-BP-5168-01A,-37.1041865178303,-34.238906724449,-35.632465898004,2
TCGA-BP-5170-01A,-35.9193558033178,-26.6492352642689,-44.1798439969036,2
TCGA-BP-5173-01A,-36.083486407013,-29.4987002858258,-41.1427298319576,2
TCGA-BP-5174-01A,-36.6068595844574,-23.5404682318429,-32.8238433617965,2
TCGA-BP-5176-01A,-37.1437653559372,-23.6250024501015,-34.8090900663854,2
TCGA-BP-5177-01A,-24.5538057910996,-33.5898098586787,-35.8261327842829,2
TCGA-BP-5181-01A,-34.7515955167573,-32.0167325153102,-41.483279814863,2
TCGA-BP-5182-01A,-31.2220146472302,-29.7835664306172,-23.0409050315219,2
TCGA-BP-5184-01A,-31.5465542727865,-30.6441106202425,-48.2783219592697,2
TCGA-BP-5185-01A,-39.7910573292315,-21.5437065254286,-35.1866099585676,2
TCGA-BP-5186-01A,-34.9229950565446,-28.7414098264331,-42.3008144802773,2
TCGA-BP-5190-01A,-39.5895335395874,-17.9883494806064,-33.6603918429906,2
TCGA-BP-5191-01A,-39.7227035507331,-23.2851399989442,-30.2282499993703,2
TCGA-BP-5192-01A,-38.2125837485194,-31.8389661986856,-39.0512602653131,2
TCGA-BP-5196-01A,-39.4026479447395,-26.1629525868063,-29.893257624455,2
TCGA-BP-5199-01A,-31.388991726752,-35.7984646866143,-25.6149435821059,2
TCGA-BP-5201-01A,-39.4864317218306,-22.5952583251587,-30.8598105593301,2
TCGA-BP-5202-01A,-26.7298441112049,-32.4869938078624,-43.575971727249,2
TCGA-CJ-4642-01B,-25.3541562298599,-35.2458984878895,-27.2835580370091,2
TCGA-CJ-4868-01A,-33.3082125255303,-24.133726407789,-44.837066443469,2
TCGA-CJ-4870-01A,-36.5428370460924,-27.4287575647687,-43.4491606375675,2
TCGA-CJ-4872-01A,-27.4778718056463,-25.7428834953309,-43.1148000970158,2
TCGA-CJ-4875-01A,-21.2250312373381,-31.1895274006299,-24.3739762750188,2
TCGA-CJ-4876-01A,-38.310369264808,-18.5678236287851,-31.1347340095674,2
TCGA-CJ-4892-01A,-34.6621549067745,-29.1366643429265,-35.8960642115848,2
TCGA-CJ-4916-01A,-22.2448785519397,-30.8815046147181,-30.1904732522344,2
TCGA-CJ-4920-01A,-24.3179080781519,-33.6375157564344,-21.9651521654456,2
TCGA-CJ-5671-01A,-33.2656737102143,-20.8931309862902,-38.7423555631273,2
TCGA-CJ-5672-01A,-37.6093344497685,-25.903388481938,-36.557670082424,2
TCGA-CJ-5676-01A,-40.2319406511174,-22.5543060111027,-37.3463066398306,2
TCGA-CJ-5678-01A,-41.0410353043144,-25.597877561161,-32.7856215682135,2
TCGA-CJ-5680-01A,-39.8256475979264,-25.0143831829796,-31.8963395066717,2
TCGA-CJ-5683-01A,-36.8792874823669,-19.6120328951856,-38.4693391001905,2
TCGA-CJ-5684-01A,-37.1841781294248,-26.1496846304412,-42.3423410661464,2
TCGA-CJ-5689-01A,-33.7919858949925,-25.4969083047628,-46.2902709757408,2
TCGA-CJ-6033-01A,-43.5226346828356,-25.8588824713862,-39.5734376595156,2
TCGA-CW-5581-01A,-36.4722644511783,-28.6621194848409,-39.3198111898292,2
TCGA-CW-5585-01A,-38.3448297630253,-28.6346054870965,-40.3331031471481,2
TCGA-CW-5588-01A,-38.8778938697351,-31.5650701733747,-33.9674369140713,2
TCGA-CW-5589-01A,-30.4192109980686,-33.3795839922098,-47.2253615508335,2
TCGA-CW-5590-01A,-37.5881036592288,-29.2480402006057,-39.9641838124818,2
TCGA-CW-5591-01A,-40.4108157103788,-22.8359514424445,-27.3557696124267,2
TCGA-CW-6090-01A,-39.0846731789276,-37.0722071598581,-35.5370933224158,2
TCGA-CZ-4856-01A,-31.4052450806413,-27.002392752869,-48.4807063202273,2
TCGA-CZ-4859-01A,-41.245500129879,-25.6346621194868,-38.5099386997579,2
TCGA-CZ-5451-01A,-29.3252468388404,-31.3995964465455,-44.6006167160324,2
TCGA-CZ-5452-01A,-34.2054997487889,-22.0428510381026,-28.804137463139,2
TCGA-CZ-5453-01A,-38.8343629457139,-23.4064015777742,-38.6406968800385,2
TCGA-CZ-5454-01A,-44.4374386001466,-28.1513974951355,-25.6289665563865,2
TCGA-CZ-5456-01A,-40.433825514321,-26.8925705655596,-24.5590673127449,2
TCGA-CZ-5459-01A,-35.4458712501891,-20.7086874987986,-37.8881658768262,2
TCGA-CZ-5461-01A,-44.0903188403322,-21.671310443078,-34.4606132383777,2
TCGA-CZ-5464-01A,-46.0247881568238,-22.0202753893154,-27.9030327395285,2
TCGA-CZ-5466-01A,-36.8661046147274,-27.0336673099823,-28.6997376598001,2
TCGA-CZ-5469-01A,-36.7077196835283,-19.9557991580133,-34.5112453745503,2
TCGA-CZ-5470-01A,-39.7301994918415,-26.1549628739955,-32.6941771524758,2
TCGA-DV-5566-01A,-39.9868838818903,-22.3277863690541,-32.5856025981761,2
TCGA-DV-5567-01A,-42.1003455726319,-30.8458373286106,-36.5082265036801,2
TCGA-DV-5568-01A,-38.4197951781875,-23.9687522816382,-36.6115091967886,2
TCGA-DV-5569-01A,-41.7933630405066,-26.1654102932282,-37.9747228939925,2
TCGA-DV-5575-01A,-32.0211332797104,-33.1512637609308,-32.9268882124066,2
TCGA-DV-5576-01A,-36.9866641273793,-31.8425936678206,-42.515377516589,2
TCGA-EU-5905-01A,-29.621917613331,-29.3355715528274,-48.0729926024433,2
TCGA-G6-A5PC-01A,-39.6828848864962,-19.6735962056369,-37.1089698980476,2
TCGA-G6-A8L6-01A,-32.7303187150269,-23.7912477783712,-33.1132531604058,2
TCGA-G6-A8L8-01A,-24.7717946488806,-35.1268097526172,-29.0942268212203,2
TCGA-MM-A563-01A,-18.6341578387991,-32.1779656366709,-34.2957951200117,2
TCGA-MM-A564-01A,-26.7519338176684,-30.6280594615514,-27.0523529569027,2
TCGA-MM-A84U-01A,-38.3655661608517,-21.0303829563232,-29.9753106771714,2
TCGA-6D-AA2E-01A,11.1786852813811,-44.454546530145,-22.9245922467362,3
TCGA-A3-3313-01A,28.4231100210217,-46.1172841036769,-24.3173323766249,3
TCGA-A3-3328-01A,19.3290283252033,-45.0055121135378,-24.7385837753134,3
TCGA-A3-3335-01A,22.6890498918248,-42.027605956267,-28.115507493864,3
TCGA-A3-3363-01A,24.80424384281,-47.3398231317428,-30.5235346988134,3
TCGA-A3-3374-01A,18.7121090438802,-45.9500695334532,-33.9803388187279,3
TCGA-AK-3425-01A,16.0143582453291,-45.6517143163492,-36.4171344435791,3
TCGA-AK-3427-01A,20.2455982368177,-41.7646573128801,-27.0772088063223,3
TCGA-AK-3433-01A,17.9463814588965,-50.2002498885543,-26.604620313043,3
TCGA-AK-3436-01A,15.4747454473362,-40.8256908434085,-33.4105889855701,3
TCGA-AK-3440-01A,18.7823899302573,-47.0400370636076,-27.8883148018004,3
TCGA-AK-3443-01A,13.7031648360771,-48.9327543358278,-26.4374736820027,3
TCGA-AK-3445-01A,5.58703986939577,-33.7473830148277,-34.4372764256509,3
TCGA-AK-3447-01A,15.0442874598356,-43.3100150762784,-30.3507517202656,3
TCGA-AK-3451-01A,13.7037067407933,-44.838082705296,-36.0458161418195,3
TCGA-AK-3455-01A,9.92938501735102,-46.7841425177396,-35.0489080345979,3
TCGA-AK-3456-01A,24.5092140627704,-42.6474332240617,-31.2659107102418,3
TCGA-AK-3458-01A,19.4356739766218,-46.2698316144603,-30.946309887953,3
TCGA-AK-3465-01A,14.8329323031039,-45.8974045752721,-24.5677383653757,3
TCGA-AS-3777-01A,24.4853447720551,-44.0226738635548,-30.8260811111725,3
TCGA-B0-4688-01A,12.9595425984878,-48.3774489972865,-31.3916303486321,3
TCGA-B0-4690-01A,26.9867880535415,-44.320072194132,-26.4319308438122,3
TCGA-B0-4691-01A,17.8170145815114,-47.389046505608,-34.0337398724817,3
TCGA-B0-4694-01A,16.810499782577,-44.1363440342618,-34.3738658894567,3
TCGA-B0-4696-01A,14.7788174031396,-46.6184825601546,-26.6702427147438,3
TCGA-B0-4699-01A,18.9157156532638,-45.2359055008243,-22.2754914560514,3
TCGA-B0-4700-01A,12.2350659078051,-37.0421322664111,-39.9595964662889,3
TCGA-B0-4707-01A,7.41980717118732,-34.2230696883392,-35.9751623019407,3
TCGA-B0-4710-01A,14.2571903629422,-47.377184063585,-24.9600547002351,3
TCGA-B0-4712-01A,24.4481597044218,-42.1719932152577,-31.1707027579551,3
TCGA-B0-4713-01A,20.9994955908453,-42.6269796187654,-30.9970864578576,3
TCGA-B0-4834-01A,28.9836379859285,-42.2633849171761,-23.6625381108582,3
TCGA-B0-4837-01A,8.10382300088309,-35.4238237398242,-41.3430862382573,3
TCGA-B0-4844-01A,7.69044157192357,-34.7652066316534,-37.0860025549241,3
TCGA-B0-4852-01A,27.6277442327467,-41.6251663644618,-24.4910513450647,3
TCGA-B0-5083-01A,15.3834651908295,-46.0693242305837,-32.2021905299766,3
TCGA-B0-5084-01A,19.1696443118875,-41.5907520460625,-27.562866892611,3
TCGA-B0-5096-01A,22.4729361516795,-41.137800624879,-28.2850666358474,3
TCGA-B0-5098-01A,20.2705465863291,-41.1272729345969,-31.2734201080104,3
TCGA-B0-5109-01A,12.952564358876,-43.5924533203321,-23.5803790666095,3
TCGA-B0-5117-01A,15.861027633358,-43.7770749409742,-23.5150045941198,3
TCGA-B0-5400-01A,10.6917891952371,-38.1668078365129,-40.5076955249368,3
TCGA-B0-5698-01A,9.89608897983124,-41.7006246987661,-36.575730447756,3
TCGA-B0-5701-01A,14.3016554792306,-42.9727949436887,-33.7509667401339,3
TCGA-B0-5703-01A,10.4526358062358,-37.3122665096869,-36.5615954580568,3
TCGA-B2-4098-01A,22.6759700557915,-37.6483183113348,-28.3140077562863,3
TCGA-B2-4099-01A,17.566203131838,-41.3505885621087,-33.1708137464347,3
TCGA-B4-5835-01A,21.0001250086082,-45.4108491439085,-30.4430400713079,3
TCGA-B8-4143-01A,15.5770895787486,-40.749532431136,-24.552132430834,3
TCGA-B8-4154-01A,14.1599864251479,-45.0522645633469,-36.8983909778303,3
TCGA-B8-4619-01A,29.9497208427396,-45.1465595473681,-22.8172966154646,3
TCGA-B8-5546-01A,23.0590264850614,-43.4510767141573,-25.8005450134962,3
TCGA-B8-A54I-01A,22.7779932663728,-42.9809311495796,-24.6130262216668,3
TCGA-BP-4167-01A,18.0906415922422,-44.3760049011609,-30.6506020490019,3
TCGA-BP-4338-01A,23.4111164762249,-42.539416761516,-31.254455828253,3
TCGA-BP-4352-01A,8.56031462868975,-46.1786798435432,-34.2541207787907,3
TCGA-BP-4354-01A,25.8329771537757,-43.3240885395896,-28.4582064106061,3
TCGA-BP-4756-01A,14.4982733016767,-43.7854410782734,-24.6608620842671,3
TCGA-BP-4759-01A,16.3521548920536,-42.7365418690653,-33.2619761008001,3
TCGA-BP-4768-01A,6.49739958740986,-32.4437337429889,-39.5320493414693,3
TCGA-BP-4770-01A,12.7872253670703,-44.9483818351867,-35.3533361699873,3
TCGA-BP-4787-01A,22.646525536374,-43.6751981368474,-27.6666071269996,3
TCGA-BP-4799-01A,25.5129968542621,-44.9688758087892,-30.2170588009622,3
TCGA-BP-4962-01A,17.8820106236362,-45.1568759346718,-35.5068974825752,3
TCGA-BP-4983-01A,20.7858942667118,-44.7765001207658,-24.5615984050119,3
TCGA-BP-5010-01A,4.41340922409829,-35.7450291564532,-42.949738671735,3
TCGA-BP-5169-01A,19.6796765282913,-41.9770999766353,-29.0742486506152,3
TCGA-BP-5178-01A,13.1242211523031,-37.5446712211134,-39.6093839455631,3
TCGA-BP-5180-01A,5.51238413474361,-36.5642553626643,-38.7061810223764,3
TCGA-BP-5183-01A,6.12196983808957,-38.171067794946,-34.7440318332714,3
TCGA-BP-5198-01A,15.1523594432156,-45.1304174078925,-38.3432534043786,3
TCGA-CJ-4636-01A,23.8752574471198,-44.2738554628569,-29.0978404768762,3
TCGA-CJ-4638-01A,11.6925287582562,-44.7257086673867,-34.262713104472,3
TCGA-CJ-4869-01A,7.44761436768096,-39.62986596083,-38.1761691820637,3
TCGA-CJ-4873-01A,10.0815202004753,-34.7838826121763,-37.697015933066,3
TCGA-CJ-4881-01A,25.742159651789,-46.1982556941024,-27.8299862275607,3
TCGA-CJ-4882-01A,6.27462480648074,-38.1860519553702,-36.5972777558233,3
TCGA-CJ-4885-01A,18.7834879746039,-41.1329168353796,-27.6650157372879,3
TCGA-CJ-4891-01A,13.078803113932,-43.2280106706524,-35.1231044445285,3
TCGA-CJ-4901-01A,17.7389614250455,-49.4256825661585,-29.7013867806223,3
TCGA-CJ-5675-01A,5.97389564983671,-36.2059787910698,-38.7263131624228,3
TCGA-CJ-5677-01A,14.0321215637363,-44.1035453296484,-33.9315284615695,3
TCGA-CJ-5681-01A,22.2607063329099,-42.8593557736049,-28.1877886079335,3
TCGA-CJ-5682-01A,8.26562623480749,-40.9535842530069,-37.7441520324807,3
TCGA-CJ-6027-01A,19.6946852515756,-39.4268845580663,-23.6346905749179,3
TCGA-CW-6087-01A,24.1125034513328,-44.0206830206067,-29.9075621190803,3
TCGA-CW-6097-01A,27.4681567021387,-40.9463293007755,-25.549880407936,3
TCGA-CZ-4854-01A,22.1293540888341,-40.4199306222278,-26.5262313190451,3
TCGA-CZ-4858-01A,20.6500707463981,-40.5211202721546,-30.8538989183518,3
TCGA-CZ-4860-01A,19.3787586029156,-43.5846671864068,-28.7659644613052,3
TCGA-CZ-4865-01A,17.8756258492057,-40.3366462979806,-33.1969401024675,3
TCGA-CZ-5460-01A,15.5252862530882,-46.6117779340588,-28.9016389307613,3
TCGA-CZ-5468-01A,24.4301303910501,-47.3714649944271,-26.160572981143,3
TCGA-CZ-5987-01A,6.77992209278852,-36.0252711821285,-43.6063475229836,3
TCGA-DV-5565-01A,18.4736031707672,-42.8420008817533,-35.7361329207009,3
TCGA-DV-A4VX-01A,6.78899481371892,-41.7023532889644,-37.5537142760635,3
TCGA-DV-A4VZ-01A,16.005008503822,-49.1389749400166,-29.7353882391353,3
TCGA-G6-A8L7-01A,8.89372821163469,-38.5431637367093,-38.026513912006,3
TCGA-MW-A4EC-01A,7.12207831248766,-37.8875088659053,-39.4862721497465,3
