Sample,X,Y,Z,Cluster
TCGA-3Z-A93Z-01A,-34.9593068799259,-19.4712428902284,-29.7673641640777,1
TCGA-A3-3306-01A,-28.6198738087915,-33.1213782674998,-45.3726678718834,1
TCGA-A3-3307-01A,-30.6167240903707,-17.124528286565,-27.0510272391012,1
TCGA-A3-3308-01A,-38.7526438539279,-28.3051304277495,-40.2210077858071,1
TCGA-A3-3320-01A,-34.5174165976151,-15.87387376182,-40.9340080330295,1
TCGA-A3-3322-01A,-34.6907286322871,-13.5336623237357,-37.8367575161597,1
TCGA-A3-3323-01A,-39.7618780407591,-26.6261493482585,-37.1086222453524,1
TCGA-A3-3325-01A,-30.4002410197264,-23.4328469899648,-42.3368303905224,1
TCGA-A3-3326-01A,-30.2759972136968,-24.0771063138728,-42.4227715003839,1
TCGA-A3-3329-01A,-37.6651232744151,-15.1734883621735,-41.4353932646125,1
TCGA-A3-3331-01A,-36.5724296193994,-36.0138544662978,-25.8354760139348,1
TCGA-A3-3343-01A,-28.9731556830455,-35.047794912227,-45.0891093326222,1
TCGA-A3-3349-01A,-38.3519112926016,-20.0185480934711,-31.6904819981955,1
TCGA-A3-3351-01A,-39.6718824935293,-22.1384968161712,-36.3712399766905,1
TCGA-A3-3352-01A,-28.6404862167201,-32.5095458043686,-45.1720903285611,1
TCGA-A3-3358-01A,-39.3694363978936,-23.951032038858,-32.8387102667408,1
TCGA-A3-3359-01A,-35.9021218338032,-21.1563845643072,-30.8550537651109,1
TCGA-A3-3362-01A,-34.510286425092,-22.8817678713748,-40.5023878483727,1
TCGA-A3-3367-01A,-37.3112274769208,-21.3319944079839,-38.0907079901593,1
TCGA-A3-3370-01A,-31.3139043567348,-16.0870916322273,-25.9944769114426,1
TCGA-A3-3372-01A,-29.0907090496951,-29.0035783027339,-44.1572731840942,1
TCGA-A3-3373-01A,-29.2246683339618,-34.4903377133915,-22.9779721300911,1
TCGA-A3-3376-01A,-34.6217883853606,-29.5351248890485,-27.5540722871364,1
TCGA-A3-3383-01A,-28.9889469832761,-35.0893945818538,-45.0521643487915,1
TCGA-A3-3387-01A,-30.7046197073238,-33.4187869463587,-24.7230061166934,1
TCGA-A3-A6NJ-01A,-33.6063892385893,-24.1821349803287,-26.4131292790935,1
TCGA-A3-A6NL-01A,-35.0886952594672,-15.946361802599,-29.6499750912055,1
TCGA-A3-A6NN-01A,-34.2745272997808,-21.4519573955507,-28.2379521405078,1
TCGA-A3-A8CQ-01A,-36.9395889910771,-17.6513569296294,-37.9623143973976,1
TCGA-A3-A8OU-01A,-36.8100243592573,-22.1634642631307,-38.395338294236,1
TCGA-A3-A8OV-01A,-37.907330674359,-30.1904374433755,-42.0907615544305,1
TCGA-A3-A8OW-01A,-38.811342221034,-21.4558956635274,-30.9647357460195,1
TCGA-A3-A8OX-01A,-32.4729455206052,-36.5693740309317,-24.729143660449,1
TCGA-AK-3429-01A,-32.1772934423187,-34.1813836560161,-26.4831113322767,1
TCGA-AK-3434-01A,-32.5072016844188,-29.7650975666941,-27.9281988257676,1
TCGA-AK-3460-01A,-31.6971070348534,-34.2772684253401,-27.7287940112926,1
TCGA-AK-3461-01A,-31.253393504788,-34.7823443607324,-27.7553816339623,1
TCGA-AS-3778-01A,-34.0450305179449,-23.2724605204515,-40.7817222710612,1
TCGA-B0-4693-01A,-39.4273159561141,-24.1823575011707,-32.8907716179153,1
TCGA-B0-4698-01A,-34.3890787016407,-22.5964202418366,-25.8353791070702,1
TCGA-B0-4810-01A,-30.6851911622088,-16.9046931847824,-26.8538135029888,1
TCGA-B0-4818-01A,-38.9655561977436,-24.2389493346069,-36.8451842481279,1
TCGA-B0-4823-01A,-29.3849212106146,-34.8025519099857,-23.3205716321341,1
TCGA-B0-4824-01A,-35.4836105679684,-21.9805418980907,-26.4605947282553,1
TCGA-B0-4833-01A,-39.0309016533458,-30.1822670659498,-41.322417322473,1
TCGA-B0-4834-01A,-35.0883814297752,-26.4372945400407,-41.521875510298,1
TCGA-B0-4838-01A,-38.5922003752019,-22.4124758524326,-35.5856036629055,1
TCGA-B0-4839-01A,-29.9649129462653,-31.4916388837871,-25.6119866985214,1
TCGA-B0-4845-01A,-30.4503486623443,-24.2923679613591,-42.3432350463249,1
TCGA-B0-4945-01A,-35.3982538340275,-36.1245113838052,-29.6272964709515,1
TCGA-B0-5080-01A,-31.9746304299456,-34.2517022332444,-27.5828726723416,1
TCGA-B0-5095-01A,-28.4556273424659,-35.6407902425979,-24.737277217058,1
TCGA-B0-5099-01A,-34.4432822390183,-15.8694122870501,-40.2425068230038,1
TCGA-B0-5115-01A,-35.4333569977467,-15.1243163725422,-30.9066949436875,1
TCGA-B0-5116-01A,-39.0300474480388,-31.1296429903913,-41.9850547664045,1
TCGA-B0-5119-01A,-38.3008240088877,-19.6368728590465,-31.9001546817233,1
TCGA-B0-5120-01A,-30.9766918264711,-35.704382472753,-24.3442406396349,1
TCGA-B0-5121-01A,-37.4983335473255,-22.1043797542265,-37.7725511901591,1
TCGA-B0-5402-01A,-38.4489323399771,-21.7748219587427,-35.7276294058653,1
TCGA-B0-5690-01A,-36.7930208674602,-23.3359097690797,-27.46058417033,1
TCGA-B0-5691-01A,-37.9612831605561,-24.1627745310715,-28.6910915572001,1
TCGA-B0-5692-01A,-29.2065179844382,-34.5679654635876,-23.021874070167,1
TCGA-B0-5693-01A,-38.237311366825,-20.5807491011882,-35.134159456825,1
TCGA-B0-5694-01A,-36.603361873007,-21.5333445234651,-38.8204300766024,1
TCGA-B0-5695-01A,-35.2429086333037,-16.8195080140616,-30.9533935212123,1
TCGA-B0-5696-01A,-39.0922688983199,-31.3334670490114,-42.0843192940787,1
TCGA-B0-5699-01A,-33.1540769844554,-23.636659898109,-41.2803783377967,1
TCGA-B0-5700-01A,-35.2650138898833,-13.5423832572405,-34.3657272201285,1
TCGA-B0-5705-01A,-34.6972046801405,-15.4318972874404,-38.8940545644737,1
TCGA-B0-5710-01A,-34.1612765294155,-21.6804405035345,-27.4754008007879,1
TCGA-B0-5711-01A,-35.4509465801845,-14.4774595496214,-31.1953501728093,1
TCGA-B0-5713-01A,-37.2479629763619,-21.3018122901077,-38.1140882994903,1
TCGA-B0-5812-01A,-35.9145990925737,-36.5428510457871,-25.7874242708846,1
TCGA-B2-4099-01A,-28.8719039189597,-35.8718266733332,-46.7290957657426,1
TCGA-B2-4101-01A,-35.7010686585944,-14.3359018551362,-31.8486358965965,1
TCGA-B2-4102-01A,-37.7919624549025,-22.1498403137584,-27.0507477836221,1
TCGA-B2-5636-01A,-39.2517679867006,-22.568340090442,-32.025219663508,1
TCGA-B2-A4SR-01A,-35.1546676282681,-16.2003894644727,-30.1981373628846,1
TCGA-B4-5377-01A,-34.219744405163,-37.1452144139279,-26.6054806179581,1
TCGA-B4-5378-01A,-39.8769327871281,-26.7184191534429,-36.8431236845354,1
TCGA-B4-5834-01A,-37.512444033851,-23.7133018169769,-28.1352044739523,1
TCGA-B4-5836-01A,-40.318214546127,-27.7720499635159,-33.5490685018895,1
TCGA-B4-5843-01A,-39.5630685679269,-20.6831252198431,-31.3068641053944,1
TCGA-B4-5844-01A,-33.8503381285393,-23.6930314347839,-27.1158063364324,1
TCGA-B8-4148-01A,-32.9052538690407,-19.0063812210559,-27.2562721168159,1
TCGA-B8-4151-01A,-28.8080145596199,-35.553258936584,-46.4528116727735,1
TCGA-B8-4153-01B,-35.4675213158986,-13.6465046635932,-32.0782163140582,1
TCGA-B8-4154-01A,-36.0054260319594,-15.1881476726037,-39.7820839431242,1
TCGA-B8-4619-01A,-39.9280254319501,-26.9182170528357,-36.8371903210611,1
TCGA-B8-4620-01A,-36.2297244836305,-21.5135658093527,-25.838578951932,1
TCGA-B8-4622-01A,-38.132916427339,-29.9068995892962,-41.7232176043705,1
TCGA-B8-5159-01A,-37.4780913004528,-18.6935014475006,-37.9529854063692,1
TCGA-B8-5165-01A,-32.6396031751294,-29.3484013428324,-27.7176343807848,1
TCGA-B8-5545-01A,-30.1838556061901,-36.0045286206037,-24.0855016517032,1
TCGA-B8-5549-01A,-39.0559701712367,-27.6754335668691,-39.2163466146118,1
TCGA-B8-5552-01B,-35.1697508341159,-29.4395744315299,-27.454319558644,1
TCGA-B8-5553-01A,-29.9333950192011,-30.8457343896743,-26.0200324057507,1
TCGA-B8-A54F-01A,-39.2176722787126,-29.1878556849554,-40.3760770710733,1
TCGA-B8-A54H-01A,-38.7824459867635,-21.5103553410212,-30.7376237997735,1
TCGA-B8-A54J-01A,-33.6765174307248,-21.4414334251067,-27.0607844078321,1
TCGA-B8-A8YJ-01A,-36.1120092350833,-34.8301756666004,-27.2432533413088,1
TCGA-BP-4158-01A,-30.6631425268988,-17.1333921232489,-27.0502405426547,1
TCGA-BP-4160-01A,-29.9448423026017,-35.3294069031234,-23.7102956890315,1
TCGA-BP-4161-01A,-27.8092377317088,-35.567765285033,-25.1915121756924,1
TCGA-BP-4162-01A,-41.0815393670307,-20.4230448785334,-31.2386620629768,1
TCGA-BP-4165-01A,-30.9206775414945,-23.8622351142419,-42.0636586300686,1
TCGA-BP-4169-01A,-32.3377931054291,-29.9810985485773,-27.5477273214644,1
TCGA-BP-4170-01A,-35.5680471675251,-30.5151469438392,-27.4366392195865,1
TCGA-BP-4325-01A,-28.5298776443295,-34.701529653552,-46.4134167705188,1
TCGA-BP-4326-01A,-31.4088661482328,-23.6174938577531,-41.9348766769678,1
TCGA-BP-4327-01A,-29.0377087655718,-28.7866670667096,-44.053075779996,1
TCGA-BP-4329-01A,-33.6934988558535,-26.2356609134391,-27.5686432275219,1
TCGA-BP-4330-01A,-31.2801996895447,-16.1202026198966,-26.0213952510245,1
TCGA-BP-4332-01A,-36.1104889467208,-15.100122824961,-39.6163536348552,1
TCGA-BP-4335-01A,-28.5070507798801,-34.6481139723974,-46.4789771231214,1
TCGA-BP-4341-01A,-37.3238090380047,-20.7125999853803,-38.0198031914088,1
TCGA-BP-4344-01A,-37.5217774079509,-33.3654580611962,-26.6832626185203,1
TCGA-BP-4347-01A,-35.3733643519692,-15.9170983331833,-37.7241613971837,1
TCGA-BP-4349-01A,-37.3595317950043,-19.2413972582688,-37.9557529620636,1
TCGA-BP-4353-01A,-34.4405682482286,-25.1657540819539,-27.7297016666378,1
TCGA-BP-4355-01A,-37.7757244503641,-18.916506406602,-31.3821101206109,1
TCGA-BP-4758-01A,-36.9479008529351,-21.7453614845489,-38.4772484807127,1
TCGA-BP-4759-01A,-36.8194200209262,-19.023469580057,-37.7403444091788,1
TCGA-BP-4760-01A,-40.3095517566031,-27.7199431256396,-33.621335514743,1
TCGA-BP-4762-01A,-32.8784435890251,-35.6280225011721,-26.0835769800322,1
TCGA-BP-4763-01A,-40.6024059990721,-20.4842916421739,-31.4235139989453,1
TCGA-BP-4765-01A,-34.8005346972659,-20.7886712450654,-29.35181719184,1
TCGA-BP-4766-01A,-34.8254873634076,-13.9205864362996,-38.1229172877104,1
TCGA-BP-4771-01A,-35.5102287678333,-36.8424797324334,-26.0905679151193,1
TCGA-BP-4774-01A,-35.8050589514442,-15.9381847983425,-36.6493355327928,1
TCGA-BP-4776-01A,-31.243199136908,-34.8205541677718,-27.6325901920774,1
TCGA-BP-4782-01A,-39.0661162734811,-27.8944767561286,-39.4151474430771,1
TCGA-BP-4784-01A,-42.0576184671358,-29.4671669159315,-34.9929964771304,1
TCGA-BP-4789-01A,-37.9521730388171,-32.6234457701246,-26.6781370419098,1
TCGA-BP-4795-01A,-32.6603342688085,-28.7661740179245,-27.7565709037067,1
TCGA-BP-4801-01A,-35.1694875295199,-36.0644872080718,-27.4272109987803,1
TCGA-BP-4961-01A,-33.1507730795465,-28.0553671127662,-27.6991884262326,1
TCGA-BP-4963-01A,-39.681629857832,-29.6347692750594,-40.3002061418636,1
TCGA-BP-4964-01A,-34.1501212427031,-23.2306155090628,-40.7355891726381,1
TCGA-BP-4965-01A,-37.3114180177275,-18.5736073751582,-37.6059319405827,1
TCGA-BP-4970-01A,-32.2887441400005,-31.0367840765307,-26.6768752992181,1
TCGA-BP-4974-01A,-35.0439805218393,-16.7170043147143,-29.9146240306061,1
TCGA-BP-4975-01A,-35.2101517936608,-17.1144576639711,-30.6852066253075,1
TCGA-BP-4982-01A,-35.9292249770116,-35.5799942220637,-26.3129660234732,1
TCGA-BP-4987-01A,-29.9882883408215,-17.1095813830994,-27.3634767453801,1
TCGA-BP-4991-01A,-32.7361595348308,-18.3701725736646,-27.3538240132555,1
TCGA-BP-4993-01A,-37.6184645431459,-23.9799827428388,-28.2672539593442,1
TCGA-BP-4994-01A,-35.6016277661273,-13.8495097117885,-31.7288141564845,1
TCGA-BP-4995-01A,-35.5757803063357,-14.3034845390202,-31.4042659491336,1
TCGA-BP-4998-01A,-33.7206945506326,-36.9950686383862,-25.3274908064563,1
TCGA-BP-4999-01A,-37.4487266167129,-33.6047047064902,-26.6784797186848,1
TCGA-BP-5006-01A,-31.2893390606129,-16.1114980510041,-25.9668087548467,1
TCGA-BP-5007-01A,-36.0847392886662,-21.0913966906696,-31.0515061466061,1
TCGA-BP-5168-01A,-33.8035484189173,-24.702651087066,-41.2625681191855,1
TCGA-BP-5170-01A,-31.7631881891368,-35.9247640302114,-23.4292035936856,1
TCGA-BP-5173-01A,-30.0549595735962,-24.8880651576954,-42.5962281490826,1
TCGA-BP-5176-01A,-39.3917863239901,-24.8799018677124,-34.4761933952056,1
TCGA-BP-5177-01A,-34.3569402765383,-17.595320369936,-29.0657982267387,1
TCGA-BP-5181-01A,-37.1385187708755,-22.694724089394,-38.07781606245,1
TCGA-BP-5184-01A,-35.1538809727909,-20.1269575467341,-29.8739612926269,1
TCGA-BP-5186-01A,-37.2484194290922,-18.6773104299154,-37.8738011983816,1
TCGA-BP-5189-01A,-39.5825493925409,-26.2740259911692,-33.683518268722,1
TCGA-BP-5192-01A,-31.2859795868764,-23.3499238741648,-41.8636295284999,1
TCGA-BP-5194-01A,-37.988487754789,-19.2498272879698,-31.5453457808502,1
TCGA-BP-5195-01A,-31.0628751302248,-35.5343960579841,-24.2054446814318,1
TCGA-BP-5196-01A,-35.4466246802394,-16.1285859082499,-39.0995992459885,1
TCGA-BP-5200-01A,-32.307015561473,-31.2568254301913,-26.3787835651707,1
TCGA-BP-5202-01A,-37.2416691013067,-33.962744330766,-26.8761842681414,1
TCGA-CJ-4634-01A,-36.8405688178341,-17.4897117485608,-37.1404037698626,1
TCGA-CJ-4639-01A,-34.9654559913746,-16.8365875397167,-29.6882930926169,1
TCGA-CJ-4643-01A,-36.2036959382365,-34.9304151882993,-26.6976283562629,1
TCGA-CJ-4644-01A,-29.9780992209024,-30.3757091852779,-26.4473976291204,1
TCGA-CJ-4868-01A,-35.2376313971361,-37.4543539673631,-26.0321889660389,1
TCGA-CJ-4870-01A,-34.3425312856612,-24.7774887937052,-27.8234309369076,1
TCGA-CJ-4871-01A,-30.2535663913034,-34.5704452685535,-23.8284988009673,1
TCGA-CJ-4872-01A,-37.5000128462391,-24.8162223916843,-28.3065457499728,1
TCGA-CJ-4874-01A,-32.8116002398624,-30.8890567701513,-27.4652304681683,1
TCGA-CJ-4886-01A,-33.5323190007617,-30.9380269284374,-27.6288568133537,1
TCGA-CJ-4889-01A,-33.5220948335353,-36.4105793283174,-25.6733108366096,1
TCGA-CJ-4893-01A,-39.2025983308402,-21.1741261069409,-30.6434884229665,1
TCGA-CJ-4894-01A,-28.6156342185809,-32.8809895372454,-45.2892927396126,1
TCGA-CJ-4897-01A,-29.6042673309763,-29.6195986161945,-27.2599409470668,1
TCGA-CJ-4899-01A,-37.1199564587928,-35.9849685230612,-25.6751298909711,1
TCGA-CJ-4902-01A,-32.9336406565657,-18.1986419770181,-27.5435095556485,1
TCGA-CJ-4903-01A,-38.2982811039452,-26.9323701916184,-39.4680545623674,1
TCGA-CJ-4904-01A,-36.4818947258225,-22.8297069110395,-26.7705201628722,1
TCGA-CJ-4905-01A,-36.7193324335783,-19.564028775829,-31.1475498509808,1
TCGA-CJ-4907-01A,-32.3332100918335,-35.2276212665617,-26.0406829465436,1
TCGA-CJ-4908-01A,-33.6020129798436,-22.5586827984074,-28.0474831015778,1
TCGA-CJ-4918-01A,-31.7804275573557,-36.0401265586034,-24.6884445435619,1
TCGA-CJ-4920-01A,-33.3584065703404,-24.6241103467719,-41.3219144931037,1
TCGA-CJ-5671-01A,-32.4926230766337,-30.2748576691974,-25.464969701336,1
TCGA-CJ-5672-01A,-40.0608271878648,-26.9424232116642,-34.0401937013939,1
TCGA-CJ-5683-01A,-39.4037917514967,-26.3442985482208,-33.3727965167325,1
TCGA-CJ-5684-01A,-38.8923900850892,-23.3532837326353,-35.3760637081848,1
TCGA-CJ-5689-01A,-31.9288146234078,-29.5269159820568,-27.5261449847158,1
TCGA-CJ-6028-01A,-28.9390568127423,-28.0726764136297,-43.7354857358098,1
TCGA-CJ-6030-01A,-41.507383150315,-29.1563722265204,-35.4923992667435,1
TCGA-CJ-6032-01A,-33.1919039229122,-29.0921641112788,-24.3546389438749,1
TCGA-CJ-6033-01A,-41.655938339973,-29.1988972238346,-35.1587798385385,1
TCGA-CW-5580-01A,-33.6946652777625,-25.661134952289,-27.1617303187892,1
TCGA-CW-5581-01A,-28.9817234209345,-28.5545301507855,-43.9402776027952,1
TCGA-CW-5583-01A,-37.7378712954473,-20.5285290919813,-32.730875231925,1
TCGA-CW-5584-01A,-30.6369790461301,-24.6569710242193,-42.3000768102867,1
TCGA-CW-5587-01A,-39.4301107674505,-24.9618087209883,-34.7366134618314,1
TCGA-CW-5589-01A,-37.0083220959975,-22.9939129034321,-27.2262902402229,1
TCGA-CW-5590-01A,-35.447337643075,-13.5279149622578,-32.0070119668136,1
TCGA-CW-6088-01A,-34.1223804936151,-22.444773128781,-26.9609255422391,1
TCGA-CW-6093-01A,-36.4591807201009,-35.2796099272082,-26.3340400723736,1
TCGA-CW-6097-01A,-35.5095071241936,-14.7691916237978,-31.0093397125941,1
TCGA-CZ-4856-01A,-39.8126641257306,-26.8138009348372,-36.9686819146406,1
TCGA-CZ-4859-01A,-34.4600315224832,-15.8385552414877,-40.5722188445511,1
TCGA-CZ-4863-01A,-38.7593768982755,-27.1419109048726,-39.2068098974817,1
TCGA-CZ-4864-01A,-29.9583842121162,-29.7570220233067,-26.9891423945476,1
TCGA-CZ-4865-01A,-40.4977273644735,-28.1755167436151,-33.5280516018561,1
TCGA-CZ-5451-01A,-38.8527236831675,-23.185224861937,-35.4494059419141,1
TCGA-CZ-5453-01A,-38.6733956373121,-20.9415250544436,-31.4957868398688,1
TCGA-CZ-5455-01A,-38.2364496640816,-24.7284943084062,-29.4241400585392,1
TCGA-CZ-5457-01A,-33.4287692694859,-37.6717128204261,-24.6834888315413,1
TCGA-CZ-5458-01A,-34.4795904699417,-25.5458252497611,-41.3830220749209,1
TCGA-CZ-5460-01A,-31.7970886134689,-23.4659218131376,-41.6796687535664,1
TCGA-CZ-5461-01A,-39.6242225171184,-29.0875792426839,-39.815367428822,1
TCGA-CZ-5463-01A,-39.166619741344,-24.8467724634684,-37.0343053090316,1
TCGA-CZ-5466-01A,-38.2840400858623,-28.5116828291947,-40.8109182245363,1
TCGA-CZ-5982-01A,-31.8180488173502,-28.7239157645511,-27.6652498618978,1
TCGA-CZ-5988-01A,-35.3810695183096,-36.1167969454774,-29.6176364274269,1
TCGA-DV-5565-01A,-33.4502845060933,-22.6336501397485,-27.2113330568779,1
TCGA-DV-5567-01A,-38.8898283959398,-31.2129579554281,-42.1281667391811,1
TCGA-DV-5569-01A,-35.2367449694506,-13.4942459918629,-34.4313251246996,1
TCGA-DV-5573-01A,-36.3909006131958,-20.5412150978563,-32.8415842729893,1
TCGA-DV-5574-01A,-32.5020794435428,-30.5958913620518,-27.7125683406473,1
TCGA-DV-5575-01A,-36.7358547210181,-34.9980954180648,-26.3291310267788,1
TCGA-DV-A4W0-01A,-28.6375041170224,-33.264564595322,-45.3518183595301,1
TCGA-EU-5904-01A,-37.4580427210818,-23.7151036865216,-28.0586692727767,1
TCGA-EU-5905-01A,-39.9924451064122,-30.3910789282727,-40.7384043394182,1
TCGA-EU-5906-01A,-34.2827056612809,-21.6591249593062,-27.2024010986092,1
TCGA-G6-A8L6-01A,-35.1693882444065,-15.0213196074549,-38.8639205620135,1
TCGA-GK-A6C7-01A,-35.9278066469123,-22.6583014207236,-26.9525306977434,1
TCGA-MM-A84U-01A,-40.0212568965796,-30.5356409968126,-40.8404015887198,1
TCGA-MW-A4EC-01A,-37.0580496728261,-17.6890511940201,-37.2331802574843,1
TCGA-6D-AA2E-01A,44.2874821291132,42.9167986807468,34.3741681407165,2
TCGA-A3-3313-01A,48.682209273461,38.5719131923718,31.6414057906247,2
TCGA-A3-3316-01A,51.0177210680976,45.3585990396177,20.5822575590597,2
TCGA-A3-3317-01A,47.3573700166385,36.1286437776474,29.1304320677195,2
TCGA-A3-3319-01A,40.1973819064325,46.7859755134341,35.2010165678088,2
TCGA-A3-3347-01A,47.3634331233865,43.3564565702998,21.4790696668268,2
TCGA-A3-3357-01A,40.4498335426847,46.7829747047131,33.3087983579558,2
TCGA-A3-3363-01A,45.3659409802463,40.5778852270319,33.0622195000576,2
TCGA-A3-3374-01A,43.7533188158508,44.2840763712035,28.4933098098259,2
TCGA-A3-3378-01A,45.7518822019724,44.7533028524022,24.7596146517516,2
TCGA-A3-3382-01A,51.7694881690553,45.8026628153749,20.3547388918352,2
TCGA-AK-3426-01A,41.8433905778288,44.5168986674107,31.7669224291575,2
TCGA-AK-3427-01A,53.4359351329882,46.7112956118846,19.9903126342161,2
TCGA-AK-3436-01A,41.3555289136494,48.8330173851209,33.1483601547825,2
TCGA-AK-3443-01A,44.5885398970714,41.7704623046208,33.444528736477,2
TCGA-AK-3445-01A,40.9105125000864,46.5706264347426,35.648528293944,2
TCGA-AK-3447-01A,50.6856818610139,45.1115659488888,20.7159779051058,2
TCGA-AK-3450-01A,52.3517768715888,46.1699465392184,20.2127351627192,2
TCGA-AK-3451-01A,47.1353802153978,43.6448493480458,22.2607472677582,2
TCGA-AK-3458-01A,46.9837994961466,38.7453962689337,31.8793114839684,2
TCGA-B0-4688-01A,46.5155521944026,43.4040806857914,23.5974028463766,2
TCGA-B0-4690-01A,46.0802922530113,43.7178728971868,24.4239156869514,2
TCGA-B0-4696-01A,47.5721435932533,38.7790925145433,29.6025108105868,2
TCGA-B0-4712-01A,42.9976921813387,46.9444928046477,27.6535105377412,2
TCGA-B0-4713-01A,41.7240156566583,45.8695724669073,37.8840718216656,2
TCGA-B0-4819-01A,47.6388103795931,41.4748821158036,18.6229805330409,2
TCGA-B0-4827-01A,44.1742170059766,46.9646762127693,26.017664351661,2
TCGA-B0-4836-01A,40.1557845344268,45.6768636048827,34.4817318913829,2
TCGA-B0-4837-01A,43.2936886214311,48.019319730349,35.4233881973321,2
TCGA-B0-4842-01A,41.3097059449034,46.5995567870773,36.2477822713982,2
TCGA-B0-4843-01A,47.3643584546632,38.4651121863976,29.4565771429358,2
TCGA-B0-4844-01A,39.9848546001099,45.3148817918624,34.1354769412358,2
TCGA-B0-4848-01A,44.6335100720778,46.8002697821285,25.4291940758908,2
TCGA-B0-5075-01A,41.5532085910291,46.682425702562,36.0738226201407,2
TCGA-B0-5081-01A,47.6408030531108,41.9742360966517,19.2958581701564,2
TCGA-B0-5084-01A,49.399912105595,37.523667267638,34.5334663047695,2
TCGA-B0-5097-01A,47.6273814722581,41.7994697538668,19.008357336599,2
TCGA-B0-5100-01A,43.9620010957963,44.4103013450614,28.1192359735212,2
TCGA-B0-5109-01A,48.7746318929076,35.3135923115972,34.1744034029671,2
TCGA-B0-5400-01A,42.4044250446906,44.6172510794464,30.6121729208425,2
TCGA-B0-5702-01A,45.9814183458514,39.781520687258,31.8574314636761,2
TCGA-B0-5712-01A,47.2385034897247,34.9672100442396,29.6309225954576,2
TCGA-B2-3923-01A,46.8990409359522,40.2418556872983,28.284156501327,2
TCGA-B2-3923-01B,47.5979799727956,39.6756383071205,26.9360412497521,2
TCGA-B2-3924-01B,47.9341145839356,38.9658300646723,26.4867201488261,2
TCGA-B2-4098-01A,40.4828364632208,46.2050263044595,34.837167766515,2
TCGA-B2-5633-01A,50.7770793263306,45.1476554589978,20.7115147181172,2
TCGA-B2-5633-01B,46.0417330971646,39.7014223777239,30.7130913345095,2
TCGA-B2-5635-01A,48.297699197708,43.8791672205453,20.760465147424,2
TCGA-B2-5635-01B,47.5110854586602,40.1043918488383,26.7665397703354,2
TCGA-B2-5639-01A,45.9638260794714,41.9277430472669,27.8609691052962,2
TCGA-B2-5641-01A,43.2943149934943,48.234008546526,27.0069640992736,2
TCGA-B8-4143-01A,46.7984597940368,34.5567314061209,33.1131359433129,2
TCGA-B8-5164-01A,47.4278408863156,43.7925105854753,21.6075653342269,2
TCGA-B8-5550-01A,46.8995744941568,43.5949864463188,21.3546765273924,2
TCGA-B8-A54D-01A,43.1956529335664,45.0903235735927,34.3956195999966,2
TCGA-B8-A54E-01A,43.3356619482657,47.2689148513005,35.5967303871835,2
TCGA-B8-A54G-01A,47.8044787904606,36.7468377557856,32.4509506932565,2
TCGA-BP-4163-01A,39.7871648283998,46.7777412825829,34.2193649574472,2
TCGA-BP-4164-01A,43.1958461930988,45.0967276387298,34.4285864015199,2
TCGA-BP-4167-01A,45.909066247024,44.4766690417515,24.5133574384352,2
TCGA-BP-4173-01A,47.7570361821291,43.3578556941875,20.7641054110063,2
TCGA-BP-4176-01A,42.6397918807091,46.6389753265768,28.0504641178075,2
TCGA-BP-4346-01A,47.520999483194,37.3419373059413,32.0140780321566,2
TCGA-BP-4354-01A,48.7392569780105,35.4702862708804,33.1077241574416,2
TCGA-BP-4770-01A,46.9735673646908,38.8611187893851,30.1345946809933,2
TCGA-BP-4797-01A,47.6479857080575,45.0407991349213,21.5214691254973,2
TCGA-BP-4799-01A,44.6114246693533,46.579734770376,25.5409275291086,2
TCGA-BP-4959-01A,47.688637214282,44.6067135353951,21.1890230878977,2
TCGA-BP-4960-01A,41.0657734103067,44.9784685573385,33.2121272920109,2
TCGA-BP-4962-01A,46.5845533691222,43.4462620300362,23.5189978612839,2
TCGA-BP-4967-01A,41.1707110423514,44.3457684271652,32.3702865295257,2
TCGA-BP-4968-01A,45.4300798080793,40.5030931550017,32.9391217473154,2
TCGA-BP-4971-01A,47.9722955306463,37.5541189878562,32.3885174153898,2
TCGA-BP-4976-01A,47.6600061909778,41.4932382932605,18.736007847988,2
TCGA-BP-4983-01A,44.4444924090445,43.9389393832669,27.784282849245,2
TCGA-BP-4985-01A,42.8883639497063,46.8872510961022,28.1742646970121,2
TCGA-BP-4986-01A,46.0213674004302,44.4063782896703,24.504513596333,2
TCGA-BP-4989-01A,47.0996210073543,38.6778102483284,31.5063794743058,2
TCGA-BP-5000-01A,47.2347616586546,34.970929367391,29.5779571908623,2
TCGA-BP-5008-01A,47.7450305176772,40.8346273523422,18.3171117440562,2
TCGA-BP-5009-01A,43.2175039641723,48.3416852745303,35.1608338273587,2
TCGA-BP-5198-01A,40.8943415981677,48.1661026397363,33.4696923304124,2
TCGA-CJ-4635-01A,47.3797642289979,37.7438014775993,32.2614278273366,2
TCGA-CJ-4636-01A,47.2804551587693,44.0536615334454,21.8503958630311,2
TCGA-CJ-4637-01A,47.3689202391025,36.2050591592774,29.0124241473601,2
TCGA-CJ-4640-01A,42.6016583183,44.3371622442804,30.8555381473651,2
TCGA-CJ-4641-01A,44.2287054866094,44.183368593523,27.8897017830699,2
TCGA-CJ-4869-01A,42.4121261147375,46.4901104660176,28.198222091506,2
TCGA-CJ-4873-01A,40.5645189746894,46.8742659883731,34.6830861891612,2
TCGA-CJ-4882-01A,45.8176551503368,42.2264860585856,27.6317030619671,2
TCGA-CJ-4884-01A,42.0372568092108,46.43430465852,35.7141367573136,2
TCGA-CJ-4885-01A,42.5579433031207,44.2322715321959,31.2883491257162,2
TCGA-CJ-4888-01A,48.3919888258153,37.5645413633762,32.6763115164277,2
TCGA-CJ-4891-01A,41.5794969293825,46.439025590064,35.9791911461046,2
TCGA-CJ-4892-01A,48.5928313084786,37.1788865751737,33.482043790528,2
TCGA-CJ-4895-01A,46.1287259362459,44.0561908450164,24.9573134485009,2
TCGA-CJ-4916-01A,47.8936640494904,39.0248715007726,29.4089829373494,2
TCGA-CJ-5675-01A,41.7031911703534,46.2638183556184,28.4866043151395,2
TCGA-CJ-5677-01A,40.9164704065391,46.2721449877785,32.4985297094695,2
TCGA-CJ-5678-01A,44.7983598286612,41.4276933540595,33.2942897690274,2
TCGA-CJ-5679-01A,40.9134928162939,48.3483652020475,33.5792706233126,2
TCGA-CJ-5682-01A,46.8173662434886,34.5760192003942,33.1553238201203,2
TCGA-CJ-5686-01A,49.5239708410939,35.9502459149816,34.0598228921456,2
TCGA-CJ-6027-01A,49.3873383758406,36.7561336181218,34.1969290134784,2
TCGA-CW-5588-01A,47.6019139822631,45.8918970933557,20.7246606394481,2
TCGA-CW-6087-01A,47.6124014849099,42.7830768109533,20.2912923692656,2
TCGA-CW-6090-01A,47.0992318251376,40.1564866687482,27.908609190788,2
TCGA-CZ-4854-01A,41.7128488879467,45.841626176812,37.9559690851623,2
TCGA-CZ-4857-01A,41.5415680308298,48.9393533452188,32.7652596809865,2
TCGA-CZ-4860-01A,48.1335949688862,36.277851216718,33.2672432658242,2
TCGA-CZ-4861-01A,49.4678637599061,37.1542015077043,34.3932039010849,2
TCGA-CZ-4866-01A,43.3998866148316,46.6437120743328,28.1732739825584,2
TCGA-CZ-5456-01A,42.941286048825,48.1409450163381,27.5448386484842,2
TCGA-CZ-5467-01A,53.3382136742368,46.6635913554462,20.0072965095039,2
TCGA-CZ-5468-01A,42.9115377373257,47.3199095435668,27.7853071171484,2
TCGA-CZ-5470-01A,48.5619806157771,35.3933320201986,33.9490085075404,2
TCGA-DV-5568-01A,43.2882572622593,44.9708965583735,28.7511668643228,2
TCGA-DV-A4VZ-01A,49.3010000330307,37.0358171558306,34.0261362873733,2
TCGA-EU-5907-01A,41.6771484668934,44.6588545649889,32.2611701386137,2
TCGA-G6-A5PC-01A,41.6256916204804,45.9617865663338,37.5862957198749,2
TCGA-T7-A92I-01A,43.3864398109152,43.1407857885115,31.1297055654488,2
TCGA-A3-3324-01A,-48.9453634376472,-76.2681471768292,-35.9322093474921,3
TCGA-A3-3365-01A,-53.3453328288444,-76.8588868912147,-35.4544455247275,3
TCGA-A3-3380-01A,-53.5644873121638,-79.5134355706924,-36.156081514677,3
TCGA-AK-3428-01A,-52.4621767163197,-77.600695731721,-36.0173290856171,3
TCGA-AK-3431-01A,-53.9728885403998,-75.2498297574164,-33.2133700456831,3
TCGA-B0-4694-01A,-52.0154230997218,-72.4520919090246,-29.4915127095947,3
TCGA-B0-4699-01A,-49.8145324969267,-74.9992626802652,-33.555176111611,3
TCGA-B0-4700-01A,-51.3641945458215,-71.5380023867899,-28.1259190389566,3
TCGA-B0-4703-01A,-50.1864029970755,-71.0244962389935,-27.4792734358188,3
TCGA-B0-4816-01A,-53.9560257874858,-75.8707738410485,-35.8919456547027,3
TCGA-B0-4841-01A,-50.2950159682163,-71.427463525669,-28.0846362590683,3
TCGA-B0-4846-01A,-53.6134909985262,-75.8927319667101,-36.1508849250815,3
TCGA-B0-4849-01A,-53.5576141155473,-79.5784273624772,-36.1713850874936,3
TCGA-B0-5083-01A,-55.0492232227295,-77.5685414323916,-34.1824759875801,3
TCGA-B0-5104-01A,-52.174985147885,-76.602129656453,-32.5046820058772,3
TCGA-B0-5106-01A,-53.6520894790933,-74.6532859341066,-33.6414196589191,3
TCGA-B0-5108-01A,-51.9333898970964,-73.8396825686255,-31.5750568481626,3
TCGA-B0-5110-01A,-53.5038126749357,-75.9926333742898,-35.9979686695438,3
TCGA-B0-5698-01A,-49.3945382580974,-75.8910596256954,-35.04181859788,3
TCGA-B0-5709-01A,-51.8535843381584,-76.1657353824106,-36.1240611838994,3
TCGA-B2-3924-01A,-50.3594729552967,-74.281261755634,-32.019138164536,3
TCGA-B4-5832-01A,-49.8512345592426,-70.4642178870214,-26.6937507643022,3
TCGA-B8-4146-01B,-54.6268018391131,-77.2644686529482,-34.532708255999,3
TCGA-B8-5162-01A,-49.6632223898166,-70.2888029040452,-26.4760512090749,3
TCGA-B8-5163-01A,-51.1307378136027,-70.8581236056872,-27.1372514360541,3
TCGA-B8-A7U6-01A,-53.9372812961224,-76.9318385506607,-35.4116601013948,3
TCGA-BP-4159-01A,-53.7391486517164,-76.1349537684894,-34.9058752307,3
TCGA-BP-4166-01A,-50.2904652398608,-74.5110773398589,-32.5896005241971,3
TCGA-BP-4331-01A,-49.6258036994327,-74.7091467698089,-32.2512983220749,3
TCGA-BP-4343-01A,-50.1465863916246,-71.0532610224211,-27.5314216500838,3
TCGA-BP-4345-01A,-50.5555023564886,-74.2170673010891,-32.0450580028708,3
TCGA-BP-4775-01A,-51.9691115306814,-77.2786788726528,-36.0183150231284,3
TCGA-BP-4777-01A,-53.9134080982253,-75.7512810331344,-34.6238195203203,3
TCGA-BP-4781-01A,-50.1938123400985,-70.3391203696552,-26.491760002307,3
TCGA-BP-4790-01A,-51.9608877892653,-74.0489337953465,-31.8681475566017,3
TCGA-BP-4798-01A,-49.4902494329601,-70.6714601509636,-27.0288878196537,3
TCGA-BP-4803-01A,-48.9833411136381,-76.2741807416564,-36.1111426130297,3
TCGA-BP-4804-01A,-50.3913332175885,-70.6432940441395,-26.9075325887408,3
TCGA-BP-4807-01A,-51.1991843514046,-71.5848578482658,-28.2189067194336,3
TCGA-BP-4972-01A,-52.0582291544961,-73.5476920233983,-31.1432079693776,3
TCGA-BP-5182-01A,-51.5799155280334,-71.6528561440127,-28.2735397315184,3
TCGA-BP-5187-01A,-54.5183058119391,-75.4610329232955,-35.1801403880361,3
TCGA-CJ-4875-01A,-47.1539202486825,-77.9406598211228,-36.3767950522036,3
TCGA-CJ-4887-01A,-53.0369757689716,-77.8448410485492,-35.9762257527452,3
TCGA-CJ-4890-01A,-51.9674715380471,-72.5114768551177,-29.5700378683379,3
TCGA-CJ-6031-01A,-54.9427663333393,-75.902537961849,-35.0474992908812,3
TCGA-CZ-4862-01A,-53.7379998779018,-74.5547930952387,-33.0799494591969,3
TCGA-CZ-5454-01A,-46.9509337767751,-77.7696673604289,-36.3596002311345,3
TCGA-CZ-5986-01A,-46.036822282785,-76.8945130719769,-36.2552861778852,3
TCGA-CZ-5989-01A,-52.1957043517435,-74.0217253372315,-31.8099143059266,3
TCGA-MM-A563-01A,-47.2176650718937,-77.3165485277666,-36.2569760380386,3
TCGA-MM-A564-01A,-47.1210427649192,-78.1347191930736,-36.419374823495,3
TCGA-A3-3311-01A,47.1398915410337,48.5779272157696,44.52942030599,4
TCGA-A3-3328-01A,49.2838723541061,37.8295597445343,48.8072473407162,4
TCGA-A3-3335-01A,48.3823528679456,33.2493123628834,51.0000712266807,4
TCGA-A3-3346-01A,46.9636116344257,40.0062643173057,54.0797914789677,4
TCGA-A3-3385-01A,45.1097383621152,37.6979964461025,55.2847445975859,4
TCGA-A3-A6NI-01A,47.406768647531,46.3405662092207,45.5100036734271,4
TCGA-AK-3425-01A,46.6190853439505,47.741553528961,40.7515224704816,4
TCGA-AK-3433-01A,47.3746162301926,36.479555750156,52.6571857523735,4
TCGA-AK-3440-01A,48.1429944495263,33.3475983545762,51.8443268558268,4
TCGA-AK-3453-01A,49.1988486772281,38.1057963902109,50.9917462990951,4
TCGA-AK-3454-01A,51.6498996516275,39.6022347727543,50.6895976053472,4
TCGA-AK-3455-01A,49.0517522563,38.3405532676234,46.4747349577017,4
TCGA-AK-3456-01A,48.4392294220907,33.2963295604527,50.7484083646002,4
TCGA-AK-3465-01A,46.5337264548251,35.9501210136608,54.3912013322934,4
TCGA-AS-3777-01A,46.9435382633236,44.4568630207518,50.0946774022658,4
TCGA-B0-4691-01A,49.5341543149856,37.6862802704812,49.0452164324042,4
TCGA-B0-4697-01A,46.9171188674108,42.7552699213087,44.0625343377109,4
TCGA-B0-4701-01A,40.3152951241199,34.713614279456,54.5359264285657,4
TCGA-B0-4706-01A,37.2165385807687,36.7162376187812,56.5766837653368,4
TCGA-B0-4707-01A,46.9774876694723,39.5632193485966,53.9188113221674,4
TCGA-B0-4710-01A,36.7196497865692,36.8732319127832,56.6208455270825,4
TCGA-B0-4714-01A,43.1959462802308,37.4845595185594,56.159611755888,4
TCGA-B0-4718-01A,44.4763889457144,35.845532119761,55.0821601482783,4
TCGA-B0-4811-01A,48.0935790631896,39.3205323004487,51.6945560338606,4
TCGA-B0-4813-01A,50.1627967042922,38.188580929538,48.9161749929841,4
TCGA-B0-4814-01A,36.2425716694144,37.072824843248,56.7092283573195,4
TCGA-B0-4815-01A,46.6430142270584,35.3168647621813,54.2701885763292,4
TCGA-B0-4817-01A,49.8740315867932,37.7505507497977,49.7942266473806,4
TCGA-B0-4821-01A,47.7396980266346,41.8552664775445,46.1627367637018,4
TCGA-B0-4822-01A,51.6304636953999,39.3986033430715,50.6170655829959,4
TCGA-B0-4828-01A,46.4521331602881,39.3290533450461,54.3635553892984,4
TCGA-B0-4847-01A,49.5485482968025,37.7781134200511,50.6516407972837,4
TCGA-B0-4852-01A,37.9652654558748,36.2121077414684,56.1706439099037,4
TCGA-B0-5077-01A,47.8201708238729,38.2760238783275,52.0377814149752,4
TCGA-B0-5085-01A,48.0258964109629,34.06851523569,52.1333168047419,4
TCGA-B0-5088-01A,37.7048288597129,36.3316881631107,56.2770799953089,4
TCGA-B0-5092-01A,47.7891618136376,33.7217218137901,52.5895872639352,4
TCGA-B0-5094-01A,47.4036426172639,45.4210519585301,45.7527185539792,4
TCGA-B0-5096-01A,51.1502462972454,38.3825398769686,49.6265721703019,4
TCGA-B0-5098-01A,47.9781443649862,40.1318777683412,51.5042165183367,4
TCGA-B0-5102-01A,47.9125070938459,34.7377007373373,52.2058328371086,4
TCGA-B0-5107-01A,45.9055692240076,36.7845719375051,54.6998542242019,4
TCGA-B0-5113-01A,37.4193153604843,36.6259916564227,56.5328316761206,4
TCGA-B0-5117-01A,47.8879671968094,33.0189090230334,52.4557895847635,4
TCGA-B0-5399-01A,35.227184667606,37.454168135018,56.8733123066848,4
TCGA-B0-5697-01A,46.1793844486175,47.2341157273888,43.9743184683464,4
TCGA-B0-5701-01A,49.4599313657596,37.3267229245578,47.0267136779217,4
TCGA-B0-5703-01A,43.2564564132247,37.914074938477,56.3946146548188,4
TCGA-B0-5706-01A,47.7849443940742,45.7834508208373,43.992751226514,4
TCGA-B0-5707-01A,47.1339716203119,40.073389272934,53.7356627653439,4
TCGA-B4-5835-01A,47.9970297587698,32.4050329249773,52.2260249273387,4
TCGA-B4-5838-01A,50.7893987710495,38.0469155037846,48.8853710840482,4
TCGA-B8-4621-01A,47.8085523003305,46.4616874082871,42.7457196848619,4
TCGA-B8-5158-01A,47.7030076713414,45.7396879339715,43.650561470862,4
TCGA-B8-5546-01A,48.9985683142444,35.0209263079404,48.9561189278139,4
TCGA-B8-5551-01A,40.3165513492253,33.817934413148,52.7467962446208,4
TCGA-B8-A54I-01A,46.9442162730528,43.6727442641141,43.5538005709684,4
TCGA-B8-A54K-01A,46.6665367376767,48.0629613619103,46.67744425325,4
TCGA-BP-4174-01A,49.541233049426,36.8820495495602,50.7960267631314,4
TCGA-BP-4177-01A,45.6236245882236,50.657811533074,44.2291887604507,4
TCGA-BP-4334-01A,47.7177249044667,33.438919043243,52.73579948418,4
TCGA-BP-4337-01A,47.7823944284987,40.7951085957007,51.5285418454929,4
TCGA-BP-4338-01A,47.6419306684514,45.7669643253477,43.4648673956183,4
TCGA-BP-4340-01A,47.4879487716936,42.1269190767253,50.6978269835178,4
TCGA-BP-4342-01A,44.6693996066086,35.9287766101268,55.0651395287231,4
TCGA-BP-4351-01A,47.4273645509649,42.3673471835497,50.8310644469784,4
TCGA-BP-4352-01A,43.9787611153413,37.5851530295412,56.0911166222416,4
TCGA-BP-4756-01A,45.8422856886909,42.7822085677163,42.6079461819848,4
TCGA-BP-4761-01A,47.5298990554563,45.0695484844587,44.3663505301465,4
TCGA-BP-4768-01A,47.6680737996722,41.2914443319109,51.1473315142116,4
TCGA-BP-4769-01A,45.8685261767686,50.0926962932405,42.9583304801481,4
TCGA-BP-4787-01A,47.4817373406099,46.5951507628065,42.2101777622753,4
TCGA-BP-4969-01A,40.1175206752281,34.1754200923,53.6057412922321,4
TCGA-BP-4973-01A,44.4045252675218,39.2033462146824,55.7675602203878,4
TCGA-BP-4977-01A,47.6749556088935,41.9148805456939,45.875401927253,4
TCGA-BP-4981-01A,48.7955595978662,39.8739924550333,48.0499497884196,4
TCGA-BP-4992-01A,48.2456176056178,35.0002020207247,51.4145305470578,4
TCGA-BP-5001-01A,45.2657941283551,38.5475479526918,55.2609477302854,4
TCGA-BP-5004-01A,47.7450994497901,35.6353049619256,52.2919900654312,4
TCGA-BP-5010-01A,46.0402111579042,49.9589468473554,43.4100084796886,4
TCGA-BP-5169-01A,47.9720719259958,41.447068744797,46.5659483935578,4
TCGA-BP-5174-01A,46.6150741885228,47.8995191211161,46.9592603549018,4
TCGA-BP-5175-01A,47.2156958827417,43.8714137859913,44.2496494551549,4
TCGA-BP-5178-01A,47.6854018882228,47.952505412713,45.0525077385928,4
TCGA-BP-5180-01A,48.168985606571,39.8808114597011,51.2953617867028,4
TCGA-BP-5183-01A,35.2096017470519,37.4960088223902,56.8628013561021,4
TCGA-BP-5185-01A,46.9072876693909,37.3599421029395,54.0495851493417,4
TCGA-BP-5190-01A,50.9401969662447,38.2096177435114,49.0450636165772,4
TCGA-BP-5191-01A,46.9812277756653,43.2993841093458,43.8736387639317,4
TCGA-BP-5199-01A,39.4158765955721,34.2613520732872,53.9060686939654,4
TCGA-BP-5201-01A,39.7915641244363,34.9280389949563,54.9451181937635,4
TCGA-CJ-4638-01A,48.8548021692511,39.922377598986,48.0689329780696,4
TCGA-CJ-4642-01B,49.3768861266135,36.5085702547836,46.788732961386,4
TCGA-CJ-4876-01A,47.5332224470219,40.3953800754732,52.4151430538409,4
TCGA-CJ-4878-01A,47.0846295319325,43.8726159517328,50.2784559248437,4
TCGA-CJ-4881-01A,46.7772494682069,43.3810574889102,43.3677034025634,4
TCGA-CJ-4900-01A,42.5117360420328,37.5903017447342,56.5588305502066,4
TCGA-CJ-4901-01A,39.5495634300677,34.7420475729797,54.6418447912405,4
TCGA-CJ-4912-01A,47.2792571048206,45.6162694015647,46.6416821407319,4
TCGA-CJ-5676-01A,47.0578411862443,47.2460094612971,41.3979373378772,4
TCGA-CJ-5680-01A,48.4704357499635,38.6484794770298,51.4743385903969,4
TCGA-CJ-5681-01A,46.1305807747815,43.2708117012129,42.5652009587909,4
TCGA-CW-5585-01A,38.2148583070282,36.0728749400081,56.0346447274867,4
TCGA-CW-5591-01A,47.238062497338,48.4340837012654,44.6722018542693,4
TCGA-CZ-4853-01A,47.7598885223063,34.2331475135629,52.5925228442756,4
TCGA-CZ-4858-01A,40.2420056450589,34.6334488934574,54.4086889561981,4
TCGA-CZ-5452-01A,43.445806536995,37.6234775848077,56.4547666110075,4
TCGA-CZ-5459-01A,47.4518660921,42.0623211137207,49.4081742166195,4
TCGA-CZ-5462-01A,47.5121888933794,45.1630087797882,44.7064097475584,4
TCGA-CZ-5464-01A,47.2603590096952,48.1222255094529,45.560822374146,4
TCGA-CZ-5465-01A,43.8430347099397,37.4005209371504,55.8933540787636,4
TCGA-CZ-5469-01A,46.6348493671665,43.4377957517691,43.2178687352362,4
TCGA-CZ-5984-01A,47.4835847686637,44.992882817104,45.1658236653645,4
TCGA-CZ-5985-01A,48.222678515994,46.8719752101402,43.6721727504694,4
TCGA-CZ-5987-01A,49.8127589502696,37.9179499481539,48.5613157923569,4
TCGA-DV-5566-01A,35.2425406955133,37.413923917319,56.8819233535819,4
TCGA-DV-5576-01A,46.2935034875768,48.5031680767332,46.9306363558144,4
TCGA-DV-A4VX-01A,47.1882126308424,42.6444379987365,44.6177353213559,4
TCGA-G6-A8L7-01A,45.5989280739808,37.025110798553,54.9195078356717,4
TCGA-G6-A8L8-01A,45.1962637345824,38.1671913599204,55.2780377527309,4
