Sample,X,Y,Z,Cluster
TCGA-3Z-A93Z-01A,-60.3760575289724,-15.8695646351155,43.3836038857679,1
TCGA-6D-AA2E-01A,-54.7325246713466,-17.852680468835,41.7842538170553,1
TCGA-A3-3306-01A,-71.4171019018154,-10.6354524037409,33.1711658724462,1
TCGA-A3-3307-01A,-68.6317696410979,-16.7267952576416,33.5659100463193,1
TCGA-A3-3313-01A,-70.2158108868399,-1.65112640603935,54.4416684997081,1
TCGA-A3-3317-01A,-59.6149435698023,-21.4811253255707,26.9966639174777,1
TCGA-A3-3319-01A,-44.1629317966195,-6.86606353068299,38.3264800055534,1
TCGA-A3-3320-01A,-57.2673422517397,3.01782115622975,43.8656143764438,1
TCGA-A3-3322-01A,-39.4749832573769,-21.0791446639601,58.5260393203736,1
TCGA-A3-3324-01A,-50.5423801788228,-3.42917139707994,38.7027039394152,1
TCGA-A3-3325-01A,-63.3323374819432,-18.4731880439173,33.6112697365028,1
TCGA-A3-3326-01A,-62.9837466078605,-15.8427140578154,46.5463558396676,1
TCGA-A3-3328-01A,-56.8727780200748,-4.82992499937601,68.0801013605485,1
TCGA-A3-3329-01A,-65.9702883238465,-6.64022254689392,54.54614686001,1
TCGA-A3-3331-01A,-74.316460470126,-12.7120939842261,28.4308160286191,1
TCGA-A3-3343-01A,-34.336449060353,-15.3968081453511,19.5677441160886,1
TCGA-A3-3351-01A,-55.6370300775862,-4.73047920672159,18.1201077632633,1
TCGA-A3-3352-01A,-55.0247515531311,-4.83031619693032,15.296812928543,1
TCGA-A3-3357-01A,-66.9529982018365,-11.9421068570414,50.1610589844718,1
TCGA-A3-3359-01A,-67.3143714597606,-3.47505659313213,34.7702937272895,1
TCGA-A3-3362-01A,-55.3620767888544,-6.62071084003682,82.4188962187903,1
TCGA-A3-3363-01A,-64.6392400222414,-3.6484211360205,64.4013172989935,1
TCGA-A3-3365-01A,-57.9871786957777,-17.5568896634901,21.6343599352531,1
TCGA-A3-3370-01A,-66.3586797199589,-10.2085551345541,54.7628792820594,1
TCGA-A3-3373-01A,-57.9373129057755,-8.71601333688306,39.129658173398,1
TCGA-A3-3374-01A,-58.4521186756195,-2.84859045110773,64.600934517486,1
TCGA-A3-3376-01A,-54.5764767080223,-4.43438915411681,33.9641034186285,1
TCGA-A3-3378-01A,-51.824153154091,-7.26177491843395,51.0862182967783,1
TCGA-A3-3380-01A,-47.3825132311777,-11.9610827294132,25.6043950568662,1
TCGA-A3-3382-01A,-70.6254536487431,-12.1496483154991,45.21679994999,1
TCGA-A3-3383-01A,-53.6828458649476,-19.5709290751666,47.0558839760864,1
TCGA-A3-3385-01A,-54.9054771756563,-0.168855244100647,62.3915523384222,1
TCGA-A3-A6NI-01A,-46.4284534601421,-18.1781690261649,46.5337680280048,1
TCGA-A3-A6NJ-01A,-60.514593686437,-0.346721080781411,53.8968785050078,1
TCGA-A3-A6NL-01A,-60.5742977848062,-0.721996702656429,29.7926869396004,1
TCGA-A3-A8CQ-01A,-57.0124657768497,-27.1040760353237,54.6631791144381,1
TCGA-A3-A8OV-01A,-45.9177655329545,-0.990732374892308,50.9782738562601,1
TCGA-A3-A8OW-01A,-67.5500520629224,-23.4631587205712,30.1966899292031,1
TCGA-A3-A8OX-01A,-62.1122196114836,4.17720661817011,69.4497052092532,1
TCGA-AK-3425-01A,-48.2511168637276,-0.666307851195824,28.1574230924212,1
TCGA-AK-3427-01A,-43.5555447317441,-6.32649974024978,68.214910889365,1
TCGA-AK-3428-01A,-56.6733341928438,1.22574149924853,20.0116569847887,1
TCGA-AK-3429-01A,-50.6694456746778,-29.4416685856952,39.0140668601669,1
TCGA-AK-3433-01A,-49.9066917749908,-2.87435636799311,71.6189607975012,1
TCGA-AK-3434-01A,-40.4240199532192,-26.8216995144544,27.5326965732821,1
TCGA-AK-3440-01A,-58.6961694301087,-0.833839944341992,59.5228710337435,1
TCGA-AK-3443-01A,-46.2373311891501,-2.66698567086357,69.7960627293871,1
TCGA-AK-3447-01A,-61.5443553468318,1.70965584573385,54.3472695553101,1
TCGA-AK-3450-01A,-62.5681123420868,-7.74528823603507,40.7505593808071,1
TCGA-AK-3451-01A,-43.4906987861013,-15.6133523702302,28.1903492157503,1
TCGA-AK-3455-01A,-63.6647151448558,-10.0081809850771,50.8933450196254,1
TCGA-AK-3456-01A,-55.8346855260769,2.63669873979268,44.7992711208491,1
TCGA-AK-3458-01A,-62.8233660946864,-2.9439154510597,51.1878394741464,1
TCGA-AK-3460-01A,-60.7102306487476,-4.40552726920161,36.6376918385708,1
TCGA-AK-3461-01A,-71.3045130614455,-20.1434214817796,42.708480460913,1
TCGA-AK-3465-01A,-47.6277967069039,-14.1296732896041,67.1586514199509,1
TCGA-AS-3777-01A,-61.8606323276827,-4.94306939930169,54.8258264028079,1
TCGA-AS-3778-01A,-37.6439717536787,-6.40742247595709,53.2374957057919,1
TCGA-B0-4691-01A,-32.7583712268191,-10.4038186605097,19.0040598754359,1
TCGA-B0-4693-01A,-72.2416539622306,-10.4728822959724,44.0764364445827,1
TCGA-B0-4698-01A,-51.8155606350943,-13.2560115960237,52.2788019325249,1
TCGA-B0-4699-01A,-55.2888962272279,-8.90952491452096,36.9134453231179,1
TCGA-B0-4701-01A,-55.4087641924816,-5.36021684474191,58.4225374999117,1
TCGA-B0-4706-01A,-51.1473379221338,-7.3979948314926,44.7049895207677,1
TCGA-B0-4710-01A,-43.0907089581221,-9.20272149352763,46.4830781574456,1
TCGA-B0-4712-01A,-35.0721205663046,-8.40720689144997,36.2090384181968,1
TCGA-B0-4713-01A,-38.6168223326929,-3.16329571964733,56.8159454155206,1
TCGA-B0-4714-01A,-55.5621480488926,-23.541962085334,57.0178062059735,1
TCGA-B0-4718-01A,-41.8329221605136,-18.9886214439968,27.3390380778137,1
TCGA-B0-4810-01A,-54.5742188147881,-23.6088406185902,31.9155823929594,1
TCGA-B0-4814-01A,-59.1942376868559,3.20474436289438,49.0767676851031,1
TCGA-B0-4815-01A,-49.2480821746329,-5.79432297766966,45.897418642673,1
TCGA-B0-4818-01A,-48.6407141207435,-19.4621649684487,41.6042721729173,1
TCGA-B0-4821-01A,-33.0081219280627,-15.5578283843683,55.6452865860035,1
TCGA-B0-4823-01A,-60.982839395427,-5.3893792725386,32.5949657758784,1
TCGA-B0-4824-01A,-53.1448430377599,-11.9247268140766,45.0642311940964,1
TCGA-B0-4827-01A,-54.8315879735454,-4.32065001465251,30.0606438689706,1
TCGA-B0-4828-01A,-50.6044179464507,4.20194091674514,71.1551528956738,1
TCGA-B0-4833-01A,-59.6178080089544,-21.5021342411275,41.4816748207202,1
TCGA-B0-4834-01A,-65.3681961471471,0.429023531108675,68.6239583166269,1
TCGA-B0-4838-01A,-70.5162723513407,-0.810580080923671,51.8139212511967,1
TCGA-B0-4842-01A,-37.4380665245781,-8.91513126162196,54.9955116212332,1
TCGA-B0-4844-01A,-38.8345549872206,-6.37709452649323,50.2068643476946,1
TCGA-B0-4845-01A,-49.3223871907837,-12.6919991863116,49.7542230074095,1
TCGA-B0-4846-01A,-67.9124314847445,-6.50631041356501,36.1996343694709,1
TCGA-B0-4847-01A,-36.339206281772,-11.7963368530956,59.9216613364197,1
TCGA-B0-4849-01A,-62.0857480948146,-20.6639877005967,45.7661687167453,1
TCGA-B0-4852-01A,-62.9217562176119,-3.52511338083997,35.1428629892506,1
TCGA-B0-4945-01A,-70.992758244895,-7.40104735772015,33.7414221454094,1
TCGA-B0-5075-01A,-53.7903087759153,-11.8828355521426,55.8665572954491,1
TCGA-B0-5077-01A,-54.1633566663219,-10.6144594758209,54.8728972449722,1
TCGA-B0-5081-01A,-34.9256744411018,-9.38361160608726,38.3427311843235,1
TCGA-B0-5085-01A,-33.9002255598528,0.283476954151386,57.9840803738351,1
TCGA-B0-5088-01A,-39.6742649087294,-10.2395613620836,38.5432838306148,1
TCGA-B0-5092-01A,-41.9363163033511,-24.9888862082278,25.9745283517811,1
TCGA-B0-5096-01A,-50.4921893122551,5.31961990282257,50.178693482295,1
TCGA-B0-5098-01A,-38.0234233290067,-1.71671811035751,61.9966229529147,1
TCGA-B0-5099-01A,-59.2278629842098,-3.09852423723926,42.6955775309993,1
TCGA-B0-5102-01A,-48.0912864314893,-13.1864965304628,53.83082216789,1
TCGA-B0-5106-01A,-42.5256362914528,-11.4606903130173,32.6426018103312,1
TCGA-B0-5107-01A,-43.9048719525148,-1.54599419167977,62.9976058942874,1
TCGA-B0-5108-01A,-49.9913211550793,-6.49953717447954,25.3139940094641,1
TCGA-B0-5110-01A,-51.6854234871688,-6.63596161106777,18.3722499004342,1
TCGA-B0-5115-01A,-59.2945234632561,-17.3771207333721,34.522487471169,1
TCGA-B0-5117-01A,-49.7833957636549,5.61589621523513,61.9536957691966,1
TCGA-B0-5119-01A,-64.2521606106383,-14.9992452045442,49.6597899016836,1
TCGA-B0-5121-01A,-52.8592982398591,-5.88843231631479,16.3631369398367,1
TCGA-B0-5399-01A,-43.7267334744849,-15.6379325890943,52.0001253891288,1
TCGA-B0-5690-01A,-66.0071218946106,-18.5286864590571,21.2954966768972,1
TCGA-B0-5691-01A,-48.8151171735937,-11.0225938329936,71.3515302364663,1
TCGA-B0-5692-01A,-59.0802243695763,-12.2137146162413,52.5345931176023,1
TCGA-B0-5693-01A,-66.1914536824703,-2.44646312532557,25.367048773976,1
TCGA-B0-5696-01A,-72.3398654026889,-8.55817609883008,32.7811535806511,1
TCGA-B0-5697-01A,-70.4628654338328,-7.18482754059221,56.5549292157858,1
TCGA-B0-5698-01A,-59.1159573163365,-12.7784931804861,39.3558156299234,1
TCGA-B0-5699-01A,-43.5818585994643,-6.17668144413028,54.1407395026146,1
TCGA-B0-5700-01A,-70.9161542301756,-26.8551208306242,38.6390088555359,1
TCGA-B0-5702-01A,-67.5286143857928,-6.62499282649467,22.3352259990841,1
TCGA-B0-5703-01A,-38.9590295677444,-8.10355410722188,57.5034577733123,1
TCGA-B0-5705-01A,-70.0500353868756,-9.46045916183627,35.9035364027556,1
TCGA-B0-5707-01A,-45.7271321942768,-16.3068088279219,70.5644528641565,1
TCGA-B0-5710-01A,-53.1511566903647,-10.5582046281018,24.026796806651,1
TCGA-B0-5711-01A,-45.2147700662191,-18.0717226634282,31.7477954335824,1
TCGA-B0-5712-01A,-46.8685109495427,-3.16292555579584,42.6878361525662,1
TCGA-B0-5713-01A,-58.173592419444,-9.95869042107319,32.4991100285146,1
TCGA-B0-5812-01A,-55.2971515852874,-8.32156843033735,32.7672060519315,1
TCGA-B2-3923-01A,-51.1625758718778,-14.5116563201749,55.3765914374821,1
TCGA-B2-3923-01B,-46.7757318751558,-11.4214515224068,68.8528676183783,1
TCGA-B2-3924-01A,-58.9842886318946,-17.3880996484118,43.4360800344312,1
TCGA-B2-3924-01B,-73.3965065124007,4.85565390148296,36.280712162189,1
TCGA-B2-4098-01A,-69.5884711813519,-6.70842452602265,52.027806546284,1
TCGA-B2-4099-01A,-72.1237753127618,-8.27736648657165,20.1631659661647,1
TCGA-B2-4101-01A,-41.9507959962694,-15.0105182648885,24.3270199984926,1
TCGA-B2-4102-01A,-52.2736741549897,-7.79437853398168,52.1276992535475,1
TCGA-B2-5635-01A,-66.6195716417697,-11.7860492903755,36.4902580959419,1
TCGA-B2-5635-01B,-57.5478737820702,-17.4506545439144,27.5508271998461,1
TCGA-B2-5639-01A,-65.3191049163128,-11.6157189396014,47.8045183407045,1
TCGA-B2-5641-01A,-63.6251492696373,-16.0293099607867,34.3848192040426,1
TCGA-B2-A4SR-01A,-57.4333549308512,-20.91687716964,35.2261407246665,1
TCGA-B4-5377-01A,-45.3754039053526,-8.05194097177476,57.1269223920662,1
TCGA-B4-5832-01A,-67.4825847000686,-10.848877709691,42.6880210062839,1
TCGA-B4-5834-01A,-54.2029159988503,-15.4459449186004,34.0425720865338,1
TCGA-B4-5835-01A,-48.9003434320376,3.55598941767649,50.943843173731,1
TCGA-B4-5838-01A,-59.5209417620815,-14.683981314778,25.6658769735408,1
TCGA-B4-5843-01A,-58.6742672684134,-18.3936726678569,45.8713989929609,1
TCGA-B4-5844-01A,-59.5334322752538,-10.9414921034064,24.0677623421402,1
TCGA-B8-4143-01A,-67.4442306389164,-16.4844471620908,38.2339819609659,1
TCGA-B8-4146-01B,-68.9614136789919,-15.8075622452287,27.1060082510314,1
TCGA-B8-4148-01A,-62.1473269318024,-23.064759345364,55.3991918355749,1
TCGA-B8-4151-01A,-66.9352428340878,-18.2186382485803,34.3906830353752,1
TCGA-B8-4153-01B,-62.4576747509969,-4.54226529901729,57.3850742177692,1
TCGA-B8-4154-01A,-50.5358329918927,-4.06392641618043,27.9123768784957,1
TCGA-B8-4619-01A,-62.8994786708575,-0.283629994827495,62.3959173115071,1
TCGA-B8-4621-01A,-57.1316399757857,-10.2554746789467,58.0083632305015,1
TCGA-B8-5159-01A,-51.9461759744013,-3.63996746781197,60.0898677044654,1
TCGA-B8-5162-01A,-43.5137808409393,-17.202243314775,34.2108071518717,1
TCGA-B8-5164-01A,-64.2803750759109,-7.2584861604455,59.617740811352,1
TCGA-B8-5165-01A,-65.5337256020415,-14.2782657733121,20.3289193166461,1
TCGA-B8-5546-01A,-41.158001637802,-0.562846423144583,77.2562019680649,1
TCGA-B8-5549-01A,-71.905092241179,-15.0811814393507,36.0603592499902,1
TCGA-B8-5551-01A,-61.8256263120851,2.86380094118818,48.2354833319296,1
TCGA-B8-5552-01B,-64.876743258705,1.64580761343777,34.6245530578704,1
TCGA-B8-5553-01A,-64.4335554979172,-17.4232568968701,28.1486805114967,1
TCGA-B8-A54D-01A,-49.7404159948939,-8.16083358791566,60.1681406311051,1
TCGA-B8-A54E-01A,-40.1547394441827,4.27325828474556,58.786004986825,1
TCGA-B8-A54G-01A,-61.6887703686577,-14.8453315250702,46.31900706427,1
TCGA-B8-A54H-01A,-51.0226875927649,-17.0787411985491,29.7249352301263,1
TCGA-B8-A54I-01A,-53.9006591372247,-8.85844267976305,47.9633431678657,1
TCGA-B8-A54J-01A,-60.0480367288822,-7.54114768416529,47.7059970377247,1
TCGA-B8-A7U6-01A,-53.732569321852,-9.74490317217423,24.8771429897615,1
TCGA-BP-4158-01A,-44.8553455968168,-12.0960598328719,32.8599453632566,1
TCGA-BP-4159-01A,-52.5978279751896,-3.96332819445067,29.4067045206974,1
TCGA-BP-4160-01A,-59.7631449329169,-6.41802627678328,32.4316128864333,1
TCGA-BP-4161-01A,-76.4068250584595,-7.43610015017391,32.3174576895557,1
TCGA-BP-4162-01A,-73.1614491110795,-20.5842547982415,28.9378497136829,1
TCGA-BP-4163-01A,-56.2996662365319,-15.2440431614456,37.1476783991077,1
TCGA-BP-4164-01A,-56.2943874663369,-7.85578464614628,48.572929683279,1
TCGA-BP-4165-01A,-31.8101813236705,-10.7784514075337,33.6591080077702,1
TCGA-BP-4166-01A,-42.1867585580978,-19.6360563154091,16.6494123556257,1
TCGA-BP-4173-01A,-48.9942179265818,-16.6968907572673,34.9429094469719,1
TCGA-BP-4174-01A,-48.0405938415253,-14.6126480596669,30.5544921245595,1
TCGA-BP-4325-01A,-47.2433714450468,-1.35698234870742,59.6735152681834,1
TCGA-BP-4330-01A,-67.4522071203898,-14.7889504921096,41.8135235496429,1
TCGA-BP-4331-01A,-59.2728113514307,-8.47626653541286,42.3891461163748,1
TCGA-BP-4332-01A,-71.7324974036331,-8.58724587670348,39.2429935493097,1
TCGA-BP-4334-01A,-58.7305689322919,4.99967104707422,66.4099274841652,1
TCGA-BP-4335-01A,-41.8149811143085,-26.7140903439654,22.2717618460896,1
TCGA-BP-4338-01A,-56.4316936927178,3.29078381858189,54.5085496330501,1
TCGA-BP-4340-01A,-52.4641539483266,-10.3197672076439,47.123371170814,1
TCGA-BP-4341-01A,-40.9710312588624,-14.715192629613,63.2038796660957,1
TCGA-BP-4342-01A,-48.3286225423726,-6.13613804082941,20.9302827711566,1
TCGA-BP-4344-01A,-49.0093742302394,-9.13469616175861,20.3523687068965,1
TCGA-BP-4346-01A,-36.9732905091003,-10.3230199771104,43.5384355384418,1
TCGA-BP-4347-01A,-53.6925426563583,-1.07704107887453,35.0405131094979,1
TCGA-BP-4349-01A,-44.0652236070592,-26.4711881024595,28.2907033742688,1
TCGA-BP-4351-01A,-45.5449009066554,-26.535479340612,25.9649877721047,1
TCGA-BP-4353-01A,-37.81493092889,-9.8788857996579,32.8322722083306,1
TCGA-BP-4354-01A,-74.9612952939462,-8.63071508516335,29.3833643068967,1
TCGA-BP-4355-01A,-59.7629152089375,-25.046624358794,31.0390922864835,1
TCGA-BP-4756-01A,-56.03897330172,-13.1465456662811,47.4023965865586,1
TCGA-BP-4758-01A,-48.9783427145127,-8.47565409682293,35.6748676301473,1
TCGA-BP-4759-01A,-52.0371144697718,-19.6055640385469,37.2316162834735,1
TCGA-BP-4761-01A,-32.9891403801585,-3.9238658315839,50.3938478949085,1
TCGA-BP-4762-01A,-34.7550602215214,-15.8821085198909,33.438033223138,1
TCGA-BP-4765-01A,-58.388599325842,-12.4066734759289,51.9899867065861,1
TCGA-BP-4766-01A,-61.7552834485355,-20.5505001263171,47.4601984813753,1
TCGA-BP-4768-01A,-64.5265699015081,-15.4099695424881,45.4433681586133,1
TCGA-BP-4771-01A,-44.7322891566102,-26.9464135385942,39.1136191401304,1
TCGA-BP-4774-01A,-40.0679949726129,-20.0300049049708,22.2909306879088,1
TCGA-BP-4775-01A,-56.9072904023906,3.83623424593825,61.4005113057659,1
TCGA-BP-4776-01A,-52.0284996511414,-13.5285872445422,26.8130199806193,1
TCGA-BP-4777-01A,-47.2666383629501,-9.5775402585212,25.2534120422949,1
TCGA-BP-4781-01A,-62.2889678503401,-3.75586624503203,26.1714168323564,1
TCGA-BP-4782-01A,-59.5389611225451,-26.6066663701475,44.0437557270181,1
TCGA-BP-4789-01A,-57.3268625018852,-13.8198439164973,38.2279957491948,1
TCGA-BP-4797-01A,-59.1474503182605,-0.395180585902793,31.7380836234016,1
TCGA-BP-4799-01A,-58.128583166139,-1.45358593126543,20.9659902412645,1
TCGA-BP-4801-01A,-46.0504359811035,-20.133427661058,32.8849730140253,1
TCGA-BP-4803-01A,-54.1372631544085,-5.68323792125078,23.2921488040363,1
TCGA-BP-4807-01A,-55.2399283800407,-15.8469953664617,42.9299761896405,1
TCGA-BP-4959-01A,-39.0682881995162,-2.75600247873608,53.8144597618505,1
TCGA-BP-4960-01A,-54.6712921575692,-11.7760464024455,26.3308340234729,1
TCGA-BP-4961-01A,-68.5343669346744,3.30888011336802,18.1996158626449,1
TCGA-BP-4963-01A,-55.973211574602,-13.8097818513791,15.0090607071592,1
TCGA-BP-4965-01A,-60.9706438192996,1.4499996157212,24.0486147990665,1
TCGA-BP-4967-01A,-48.1904044605175,-16.3268810355696,54.3595481826978,1
TCGA-BP-4968-01A,-54.7652635313558,-14.9010749608199,16.5256729346217,1
TCGA-BP-4969-01A,-48.8635808832227,-8.1370110600662,59.9823587122638,1
TCGA-BP-4971-01A,-45.0493464971235,-23.7657923647864,25.6626347113681,1
TCGA-BP-4972-01A,-46.2361602843644,-11.7517887318808,25.0386716965723,1
TCGA-BP-4973-01A,-62.9961274930333,-8.43803947965487,46.2316092490059,1
TCGA-BP-4974-01A,-51.8994349780463,-10.3973671090107,23.3149179024928,1
TCGA-BP-4976-01A,-62.176318832887,-5.75533828218092,24.2774252967019,1
TCGA-BP-4977-01A,-62.6702530987355,-10.5515745376206,51.9815710772689,1
TCGA-BP-4981-01A,-39.6115278598873,-6.34681070544156,42.0031530798429,1
TCGA-BP-4982-01A,-42.3735912816825,-8.33892737820848,25.0032980879927,1
TCGA-BP-4985-01A,-53.0020722850246,-15.3247451029314,28.5339719524072,1
TCGA-BP-4987-01A,-51.1708378300792,0.737229987384926,49.5297553394039,1
TCGA-BP-4989-01A,-55.5756618488467,-24.2327553295294,38.3332731841492,1
TCGA-BP-4991-01A,-43.4569239735112,-17.0811937301673,35.8643481287387,1
TCGA-BP-4992-01A,-42.5272426127676,-16.9690487467406,64.710590476806,1
TCGA-BP-4993-01A,-67.5869898823529,-24.872706513586,41.4166095151481,1
TCGA-BP-4994-01A,-67.5936704176881,-17.7077636581021,43.8658659623101,1
TCGA-BP-4995-01A,-57.8111675523392,-18.9790471589684,42.960145893053,1
TCGA-BP-4999-01A,-71.9116894690753,-9.936835230087,31.5523769661061,1
TCGA-BP-5001-01A,-38.3482764489864,-16.452771201448,59.5027249178418,1
TCGA-BP-5004-01A,-61.209670621251,-2.32079667955541,51.4174615389055,1
TCGA-BP-5006-01A,-70.0734166754375,-12.48262263182,30.7608020406749,1
TCGA-BP-5008-01A,-35.6638598205685,-9.44877924074938,24.5111797468828,1
TCGA-BP-5168-01A,-64.588216325356,-17.8913802120628,51.9602599795631,1
TCGA-BP-5173-01A,-69.0122399185731,-18.3535439327629,48.111662059202,1
TCGA-BP-5174-01A,-55.763962842242,-1.22628843183119,51.4490636945341,1
TCGA-BP-5176-01A,-66.1723531140754,-19.1069708071869,39.6277288680555,1
TCGA-BP-5177-01A,-49.6078429893484,-23.7352370744702,29.0778035854863,1
TCGA-BP-5178-01A,-53.0760925916565,-18.4869280815784,40.5975795144438,1
TCGA-BP-5181-01A,-46.4795174044593,-10.0870937942007,57.9339158907176,1
TCGA-BP-5183-01A,-46.2759654268163,-19.9475811572255,53.5965202057798,1
TCGA-BP-5184-01A,-45.509633424483,-12.7298980673618,25.5602463480236,1
TCGA-BP-5185-01A,-37.453282144007,-17.9011635180842,59.4236001245115,1
TCGA-BP-5186-01A,-50.4969137552678,-11.0333736048941,43.4324004396225,1
TCGA-BP-5189-01A,-64.398324543038,-5.1894857125975,24.1357012410157,1
TCGA-BP-5190-01A,-47.2533046222134,-10.4726700589684,45.8407661537587,1
TCGA-BP-5191-01A,-37.7077818697773,-3.71922139710301,48.6440770719548,1
TCGA-BP-5192-01A,-36.7886489911519,-22.2108306868856,45.1652039232419,1
TCGA-BP-5194-01A,-58.7410920031346,-2.45474251048038,25.6590595662807,1
TCGA-BP-5200-01A,-68.8634063294473,-7.61261612649874,21.9504847453855,1
TCGA-BP-5201-01A,-35.7893775686183,-5.40620001701631,59.1296933873083,1
TCGA-BP-5202-01A,-60.3086823056523,-14.0377549114807,33.8976378844505,1
TCGA-CJ-4636-01A,-45.6134296467615,-9.08683411927342,37.8747144574384,1
TCGA-CJ-4637-01A,-50.2696581795633,-11.6972307595895,59.5939025798728,1
TCGA-CJ-4638-01A,-41.0091690102324,-19.919731774711,52.2536951197633,1
TCGA-CJ-4639-01A,-50.5816967923363,-3.76221274464582,23.5487336428671,1
TCGA-CJ-4643-01A,-71.5239398465935,-3.63612352501019,36.4198768516256,1
TCGA-CJ-4644-01A,-68.0032778438021,-10.4567908995413,26.8332342643611,1
TCGA-CJ-4869-01A,-48.2955141565288,-18.6534173764212,32.0589248663316,1
TCGA-CJ-4870-01A,-53.8834377865644,-20.5133861595646,49.1700391677704,1
TCGA-CJ-4874-01A,-55.7682060265257,-7.94125074524513,32.38186705588,1
TCGA-CJ-4875-01A,-40.1135184839527,-25.979588389989,26.674933058765,1
TCGA-CJ-4876-01A,-49.5353398523688,-4.57196745677027,60.1523934990574,1
TCGA-CJ-4878-01A,-44.4888519192021,-8.81819202191338,40.4245763014291,1
TCGA-CJ-4882-01A,-35.0816105799625,-10.8669635346995,24.3566155282061,1
TCGA-CJ-4884-01A,-39.4494063306461,-20.9443618610314,35.7013112417423,1
TCGA-CJ-4887-01A,-46.918686567771,-7.80550231935107,36.9710947056256,1
TCGA-CJ-4888-01A,-47.7702826526052,-3.40060399913134,47.2431316554059,1
TCGA-CJ-4892-01A,-54.7179784755098,-1.13457309723588,45.061252981016,1
TCGA-CJ-4893-01A,-46.0612185591914,-10.4165570475367,18.6464555996396,1
TCGA-CJ-4894-01A,-53.899011841947,-18.6452759149242,40.9551297608284,1
TCGA-CJ-4897-01A,-49.4588505864099,0.69403900371421,27.8406652533089,1
TCGA-CJ-4899-01A,-41.7157901968139,-12.7529525430266,20.5150311665695,1
TCGA-CJ-4900-01A,-41.3791781050616,-20.0743546673657,30.4271801073325,1
TCGA-CJ-4901-01A,-32.46743608758,-26.2338093928139,38.3233973838784,1
TCGA-CJ-4902-01A,-46.5007820974872,-7.9969127884481,28.9428475839905,1
TCGA-CJ-4903-01A,-55.1376317401576,-7.64306558173534,50.6733106955365,1
TCGA-CJ-4904-01A,-57.2435439999277,-6.5804265755621,29.5322539602099,1
TCGA-CJ-4905-01A,-52.2968498910707,0.306446083398825,34.521148375488,1
TCGA-CJ-4907-01A,-52.4480717414703,-10.7044807245482,38.5806509902351,1
TCGA-CJ-4908-01A,-50.7845443691028,-1.18586529381855,30.9105039632903,1
TCGA-CJ-4912-01A,-62.1574490166291,-18.2162996936797,50.3344699213985,1
TCGA-CJ-4916-01A,-46.8961535465238,-12.5089464587599,34.9052409904437,1
TCGA-CJ-5672-01A,-48.6111429827836,-13.3917858170393,33.1143967268716,1
TCGA-CJ-5675-01A,-44.0610497651864,-9.69842392888487,59.3808732469496,1
TCGA-CJ-5678-01A,-59.8321144606373,-2.53482382553942,26.6031937431384,1
TCGA-CJ-5680-01A,-49.3197420789439,-5.3883138956776,47.243283941828,1
TCGA-CJ-5681-01A,-53.731599016999,-11.9676031442721,47.521999951382,1
TCGA-CJ-5683-01A,-57.1933727662783,-3.19876813728281,50.0079507742562,1
TCGA-CJ-5684-01A,-72.354274186807,-6.32264184810243,28.3830994320055,1
TCGA-CJ-5686-01A,-70.2556678722829,-4.95464001516282,44.3077128934417,1
TCGA-CJ-6028-01A,-68.0736523853752,-13.3390954017006,54.3541479101118,1
TCGA-CJ-6032-01A,-54.2390111353,-9.77564303558593,34.0447862344306,1
TCGA-CW-5581-01A,-61.1358660110007,-10.9218047493268,34.0677628883462,1
TCGA-CW-5583-01A,-66.5465775249397,-12.0030775907454,48.3449429791916,1
TCGA-CW-5584-01A,-57.1254750636975,-18.5767961608757,15.5636610619016,1
TCGA-CW-5585-01A,-60.6535065748054,-1.51036223007556,54.6527772238872,1
TCGA-CW-5587-01A,-67.2880940630895,-5.68140402763964,39.8899345850756,1
TCGA-CW-5589-01A,-60.6236073156444,-23.4663219845063,51.6732331848276,1
TCGA-CW-5591-01A,-54.4848755392119,-0.281998589458226,71.5469940691577,1
TCGA-CW-6088-01A,-58.4805046309457,-15.9289268034172,43.4467088587197,1
TCGA-CW-6090-01A,-38.9326145700431,-5.32207953753342,19.234240668604,1
TCGA-CW-6093-01A,-67.4889164031169,-11.4138132754955,32.0130453129358,1
TCGA-CW-6097-01A,-38.4069533982158,-5.18912567210143,36.6476456273658,1
TCGA-CZ-4853-01A,-46.5505537465218,0.246624270132772,52.5432693261876,1
TCGA-CZ-4856-01A,-63.3458159583179,-8.05981163722043,18.3600517251875,1
TCGA-CZ-4857-01A,-55.8907407701034,-17.0068370738378,50.5037610693547,1
TCGA-CZ-4858-01A,-34.0644093536664,-29.0253389537318,24.7979635883385,1
TCGA-CZ-4859-01A,-74.4026199944152,-15.8811219194663,31.1450861315518,1
TCGA-CZ-4861-01A,-43.3692243827549,-1.64955056311791,15.3258004842707,1
TCGA-CZ-4863-01A,-58.8684082617659,-17.1753626414296,16.3961330541894,1
TCGA-CZ-4864-01A,-71.8626427405251,-25.0773956292199,37.259610870044,1
TCGA-CZ-4866-01A,-63.2861171450702,-6.0218159481246,53.2375225320222,1
TCGA-CZ-5451-01A,-55.2515915212218,-7.54228354798499,50.4331219658802,1
TCGA-CZ-5452-01A,-52.6903467954943,-2.98268476143047,50.3075626494509,1
TCGA-CZ-5453-01A,-65.1373536930223,-18.8519806603786,51.0192019384487,1
TCGA-CZ-5454-01A,-49.2240482373861,-15.2735868679114,35.0643711001236,1
TCGA-CZ-5455-01A,-55.719471642184,-17.5575124909903,23.7223293533179,1
TCGA-CZ-5456-01A,-67.0727767235542,0.319223104625726,27.2026883260222,1
TCGA-CZ-5457-01A,-70.6560311816095,-8.88041404188687,20.2208374092452,1
TCGA-CZ-5458-01A,-64.8309923376408,-17.1126844558552,33.967312363207,1
TCGA-CZ-5459-01A,-46.9531961149083,-3.85884287632709,36.3863777840347,1
TCGA-CZ-5460-01A,-53.34060289592,-14.9036361980562,60.0394320610719,1
TCGA-CZ-5462-01A,-57.2711141668233,-19.1045828699866,29.1407127456824,1
TCGA-CZ-5463-01A,-61.4647378229187,-14.3923368026115,49.6232435086291,1
TCGA-CZ-5464-01A,-65.8815723817959,-15.2595108164883,18.4871001366136,1
TCGA-CZ-5465-01A,-67.6767539403706,-15.4361208214129,42.8967521218294,1
TCGA-CZ-5466-01A,-52.4863655394154,-2.82316318628049,62.7846985182211,1
TCGA-CZ-5467-01A,-55.4340913585884,0.260334051529523,23.255953943374,1
TCGA-CZ-5468-01A,-50.6154209739567,-6.86204882390197,58.3428823009276,1
TCGA-CZ-5469-01A,-54.0897846813906,-2.53854378597804,49.5959295918561,1
TCGA-CZ-5470-01A,-51.8537592550268,3.0000557066303,60.170971178469,1
TCGA-CZ-5982-01A,-56.4206318763113,-13.5278140131851,49.8364258808437,1
TCGA-CZ-5985-01A,-50.3643910956583,-1.05880204900802,42.4254187726297,1
TCGA-CZ-5986-01A,-56.8661175269719,-20.9947659922546,30.4789498548614,1
TCGA-CZ-5988-01A,-51.0060765153605,-13.6852002759783,22.5056515370236,1
TCGA-CZ-5989-01A,-53.6879185895219,-3.355434751068,26.994975260116,1
TCGA-DV-5565-01A,-74.0792389549895,-7.71118041746887,24.0658006604524,1
TCGA-DV-5569-01A,-73.0867134509946,-12.5330625829268,29.9766958652037,1
TCGA-DV-5573-01A,-53.9312821036449,-4.59152356619445,62.2921431443062,1
TCGA-DV-5575-01A,-47.5702282021362,5.2461530931937,53.2545047222528,1
TCGA-DV-A4VX-01A,-37.2164594271552,-13.5018933202804,66.8718478620448,1
TCGA-DV-A4VZ-01A,-56.1313343247443,-8.34545683300095,65.8991743443756,1
TCGA-DV-A4W0-01A,-72.9691617907516,-13.3737455078048,38.044817801529,1
TCGA-EU-5904-01A,-56.8095676326591,-24.3774801861365,42.7418504138085,1
TCGA-EU-5906-01A,-68.7653009194074,-0.674930944798338,31.0724353261758,1
TCGA-EU-5907-01A,-49.3270669334555,-7.54440195890192,41.1028502702619,1
TCGA-G6-A5PC-01A,-41.9569667845848,-19.9385062433632,60.4420052367691,1
TCGA-G6-A8L7-01A,-33.6944924451,-11.6427607170908,50.2721655551454,1
TCGA-G6-A8L8-01A,-39.2860877568081,-9.20778318866414,56.2222250081146,1
TCGA-GK-A6C7-01A,-64.6504495757186,-28.5149543897469,35.6977703160365,1
TCGA-MM-A564-01A,-58.2161279819635,-8.0309942295012,37.5911193910717,1
TCGA-MM-A84U-01A,-53.3215477624314,-5.35785013070819,50.6854632293461,1
TCGA-MW-A4EC-01A,-55.114826974385,-18.2392717744888,34.2068752992,1
TCGA-T7-A92I-01A,-66.5681562025823,1.88850518062201,53.5930256594096,1
TCGA-A3-3308-01A,157.719994133607,46.3729232490057,-134.975358056765,2
TCGA-A3-3311-01A,162.868438439724,35.8918095137437,-144.847099240473,2
TCGA-A3-3316-01A,159.020764348935,82.9196730237876,-142.450100435232,2
TCGA-A3-3323-01A,159.282042486258,59.8222615555264,-148.286506239608,2
TCGA-A3-3346-01A,163.023938758125,49.2773149216298,-131.145523769207,2
TCGA-A3-3358-01A,161.412429806811,35.1336541114981,-132.24384592554,2
TCGA-A3-3367-01A,156.705782576007,48.9539287760443,-146.279094047737,2
TCGA-A3-3372-01A,152.067245485538,54.8756902163231,-145.683206525328,2
TCGA-A3-A6NN-01A,166.200940689634,39.6627914767212,-140.831664335601,2
TCGA-A3-A8OU-01A,164.404697649824,46.6012345751845,-141.591018531603,2
TCGA-AK-3426-01A,176.352903319376,46.9080413398693,-136.989202508214,2
TCGA-AK-3431-01A,160.723095321967,50.1408594061627,-143.106059454028,2
TCGA-AK-3445-01A,161.670491068886,43.6153695553745,-136.183877288645,2
TCGA-AK-3454-01A,167.118637046213,45.5074262324302,-132.149262817885,2
TCGA-B0-4688-01A,167.762087935195,39.0750768843038,-133.944993719164,2
TCGA-B0-4694-01A,168.933261112901,42.0343516793187,-147.27583106172,2
TCGA-B0-4816-01A,152.215192843393,46.857916898071,-148.885031118222,2
TCGA-B0-4819-01A,169.635845223392,43.8669052281323,-133.48336649197,2
TCGA-B0-4836-01A,159.440422592368,35.3042349644923,-131.646831192727,2
TCGA-B0-4839-01A,148.173016745323,39.5620169413313,-134.764546642468,2
TCGA-B0-4841-01A,160.951013430027,43.4987748492305,-155.657814710147,2
TCGA-B0-4848-01A,169.611511065416,41.177455226432,-146.909841790244,2
TCGA-B0-5094-01A,168.833977441109,52.0081608976216,-126.083489392717,2
TCGA-B0-5095-01A,172.460791450315,49.6030582961468,-138.838519692592,2
TCGA-B0-5097-01A,153.731770973048,56.8089955899145,-130.521454948048,2
TCGA-B0-5100-01A,170.853123501007,37.4702277171179,-131.810936408462,2
TCGA-B0-5104-01A,162.185231128871,46.1419928367668,-133.783581902286,2
TCGA-B0-5113-01A,153.68179325859,47.788641223279,-154.941005742802,2
TCGA-B0-5116-01A,162.245681975858,51.9710574738056,-146.994360754835,2
TCGA-B0-5120-01A,176.274104503884,35.2136099317107,-134.035607379454,2
TCGA-B0-5402-01A,160.420476266198,47.9724082805655,-139.585925568006,2
TCGA-B0-5694-01A,149.229307957512,56.0287533216378,-139.576804705677,2
TCGA-B0-5695-01A,147.697064863594,49.0062882532263,-143.914833839637,2
TCGA-B0-5701-01A,167.834876981764,35.3495172260107,-134.031232407116,2
TCGA-B0-5706-01A,173.408998672784,37.1547866377937,-141.01611581796,2
TCGA-B2-5633-01A,158.191155594794,47.3259741335851,-144.899999426652,2
TCGA-B2-5633-01B,169.304859253149,46.079677550992,-137.34330729204,2
TCGA-B2-5636-01A,169.842436304338,47.3525666426313,-138.941158945828,2
TCGA-B4-5378-01A,156.363278128191,40.0400787263864,-154.53550716823,2
TCGA-B4-5836-01A,153.602576274781,39.4474724077289,-154.903438359809,2
TCGA-B8-4620-01A,153.507090650375,52.8997867945784,-129.837650404879,2
TCGA-B8-4622-01A,153.375350394962,59.3567100211782,-151.874926853848,2
TCGA-B8-5158-01A,151.536263581417,56.232050450281,-147.821393175248,2
TCGA-B8-5163-01A,155.207147492691,62.6479676389888,-148.026398601249,2
TCGA-B8-5545-01A,165.923575689813,47.5784202661338,-148.434634736749,2
TCGA-B8-5550-01A,159.32272744459,54.7825240899134,-135.506588562764,2
TCGA-B8-A54F-01A,158.651224727255,35.9286753262665,-148.700737521599,2
TCGA-B8-A54K-01A,164.388106938184,33.2882285938205,-155.173656749527,2
TCGA-B8-A8YJ-01A,169.082240204476,34.0199169895298,-138.285822622923,2
TCGA-BP-4169-01A,171.054848739194,37.9891183694164,-137.219740667853,2
TCGA-BP-4170-01A,155.552476306627,35.6372068488192,-142.336919187145,2
TCGA-BP-4176-01A,167.403485920993,39.3307923943354,-147.83371023055,2
TCGA-BP-4177-01A,162.102513556868,41.4228782163217,-144.123948470458,2
TCGA-BP-4327-01A,166.26698003213,48.1047892497868,-143.727838765616,2
TCGA-BP-4329-01A,163.640190210753,55.2055309825417,-150.362318191568,2
TCGA-BP-4760-01A,175.527343219093,57.450284712115,-135.426798606608,2
TCGA-BP-4763-01A,171.340700831151,48.7872858238782,-130.738928707465,2
TCGA-BP-4787-01A,170.236444101126,33.3596955232192,-141.20190355237,2
TCGA-BP-4795-01A,166.206290710277,43.5302983001227,-146.57667211126,2
TCGA-BP-4798-01A,158.824132753766,37.2408644017191,-138.674169115614,2
TCGA-BP-4964-01A,157.930638734894,39.3766239824288,-135.986077403665,2
TCGA-BP-4970-01A,171.750121969592,38.4507916880106,-144.285060011124,2
TCGA-BP-4975-01A,155.719035709405,48.7289624903432,-149.590438372391,2
TCGA-BP-4986-01A,171.337698690313,50.8836094744638,-134.73434968971,2
TCGA-BP-5009-01A,162.730914507738,43.6030167340237,-142.091575624562,2
TCGA-BP-5010-01A,168.278917544101,32.8871788248294,-148.354566094456,2
TCGA-BP-5170-01A,157.89163212157,35.3345795544962,-131.727675264371,2
TCGA-BP-5175-01A,155.181681766978,41.0022232642898,-129.22795716378,2
TCGA-BP-5180-01A,156.07713598335,49.1889389258629,-137.819426589646,2
TCGA-BP-5187-01A,173.652727269579,47.5699506611922,-130.570586969092,2
TCGA-BP-5195-01A,170.84604371267,43.3063220449809,-144.511938934818,2
TCGA-BP-5196-01A,170.817437161904,32.4616757510534,-136.425618761432,2
TCGA-BP-5199-01A,163.113477437279,45.1498327030318,-146.122259781067,2
TCGA-CJ-4634-01A,163.901330325329,49.6436193622734,-129.809320050977,2
TCGA-CJ-4635-01A,164.908308381163,49.3702397731944,-148.530553376094,2
TCGA-CJ-4640-01A,168.985432927902,42.0423331816188,-146.504110788983,2
TCGA-CJ-4642-01B,167.996963178584,43.3102988355466,-149.784071934986,2
TCGA-CJ-4868-01A,164.169770927783,33.301393829413,-141.373161423698,2
TCGA-CJ-4871-01A,155.206410079681,49.6380404190724,-152.035474444512,2
TCGA-CJ-4881-01A,157.108419894552,41.5555703192478,-138.236151620658,2
TCGA-CJ-4885-01A,166.489632072252,36.3822605794007,-143.812546519209,2
TCGA-CJ-4886-01A,152.458443144378,51.0402196531101,-142.351427657183,2
TCGA-CJ-4890-01A,164.223522826632,41.9476978646936,-150.761751301813,2
TCGA-CJ-4891-01A,179.660241950414,38.5349532630797,-132.924947341422,2
TCGA-CJ-4895-01A,171.912629949073,43.2621925209211,-132.371915325262,2
TCGA-CJ-4918-01A,155.834566718841,45.3936367039894,-136.583401440882,2
TCGA-CJ-5671-01A,169.488565385239,53.1790853873876,-133.39124320033,2
TCGA-CJ-5676-01A,166.03837763001,43.2590539498544,-150.281918813302,2
TCGA-CJ-5677-01A,174.262939080703,33.7212021480003,-137.699605868255,2
TCGA-CJ-5679-01A,168.965197370209,39.0280092467654,-143.107974367816,2
TCGA-CJ-5682-01A,173.122391816163,46.7983524046221,-131.187318200391,2
TCGA-CJ-5689-01A,161.426662108759,55.3157286790754,-137.67107784122,2
TCGA-CJ-6027-01A,173.257097460374,34.2350147132659,-137.027958868691,2
TCGA-CJ-6030-01A,164.494235949722,42.4611870749033,-150.688965853329,2
TCGA-CW-5580-01A,158.709562363309,38.0803989266025,-146.186675072694,2
TCGA-CW-5588-01A,150.169325766834,59.9211606511252,-149.006102606353,2
TCGA-CW-5590-01A,152.507516816936,54.091528455311,-146.510184214643,2
TCGA-CW-6087-01A,169.088026489744,44.5371717184194,-144.397880808346,2
TCGA-CZ-4854-01A,163.1128886307,35.4146271882993,-130.01165032074,2
TCGA-CZ-4860-01A,177.437327410149,47.7251415410266,-134.575486943332,2
TCGA-CZ-4862-01A,154.515403494985,45.7501937326448,-143.935106763474,2
TCGA-CZ-4865-01A,154.707751873035,34.783944357303,-147.828162658824,2
TCGA-CZ-5461-01A,157.887981619173,37.6610826046846,-139.380445579382,2
TCGA-CZ-5984-01A,161.509001021989,37.7867788633572,-131.152616024481,2
TCGA-CZ-5987-01A,161.27940247501,37.2924695054888,-141.40258418498,2
TCGA-DV-5566-01A,159.094705341679,47.5151159128,-138.021156286617,2
TCGA-DV-5567-01A,146.451466381247,51.1318755741588,-142.07820069266,2
TCGA-DV-5576-01A,168.715917967744,36.1365343878538,-134.598907374885,2
TCGA-G6-A8L6-01A,159.067942988907,34.9553150242481,-151.797118137409,2
TCGA-A3-3335-01A,37.0487981879075,-20.9235476455652,-4.03972932942451,3
TCGA-A3-3347-01A,34.8547658548411,-17.4705511994684,0.742019767369291,3
TCGA-A3-3349-01A,41.1892934774823,-13.2076760880692,9.49255389997118,3
TCGA-A3-3387-01A,54.0815226415031,-22.7922053265658,-8.67855281579705,3
TCGA-AK-3436-01A,55.3239434012144,-27.1750235119404,-1.17407518490151,3
TCGA-AK-3453-01A,55.855631801604,-19.8539895328371,4.04657066304003,3
TCGA-B0-4690-01A,51.2679108503795,-17.5259563003528,9.28186188372538,3
TCGA-B0-4696-01A,41.8673840243018,-23.7960239553294,-11.827146953733,3
TCGA-B0-4697-01A,56.438343514866,-29.0113880964489,-8.33873130245573,3
TCGA-B0-4700-01A,52.4678932899197,-16.7527661360221,-5.88299351499058,3
TCGA-B0-4703-01A,51.5332030659725,-12.287451366466,4.04482401051555,3
TCGA-B0-4707-01A,43.5379413718433,-30.15828146985,10.3760105588831,3
TCGA-B0-4811-01A,50.8874098657235,-14.7352309261184,6.38899500387878,3
TCGA-B0-4813-01A,37.7901140518551,-23.5429870347366,8.99901826232554,3
TCGA-B0-4817-01A,50.424865774807,-35.0994271273637,3.52129672836872,3
TCGA-B0-4822-01A,52.8450889441429,-33.6345689811128,3.42341236375294,3
TCGA-B0-4837-01A,52.670462931705,-23.7163682743764,-5.50775935304718,3
TCGA-B0-4843-01A,37.4294569264761,-23.8064999568239,-9.40772198066796,3
TCGA-B0-5080-01A,40.4360808876811,-23.6265228783552,-9.95161987106256,3
TCGA-B0-5083-01A,51.6366431757401,-17.4637509026884,-1.78094988405716,3
TCGA-B0-5084-01A,50.8295883814613,-13.9718506634508,11.1521529581988,3
TCGA-B0-5109-01A,56.9735991395795,-26.6238197286494,12.4339950057083,3
TCGA-B0-5400-01A,39.4826790680181,-11.5449314503994,12.927564256521,3
TCGA-B0-5709-01A,53.9160090201657,-7.21049249156598,1.64979927352599,3
TCGA-BP-4167-01A,38.6936786092237,-6.22309407156038,11.1907440156407,3
TCGA-BP-4326-01A,59.764442945464,-7.19318638739324,-5.91320295592755,3
TCGA-BP-4337-01A,43.9123893241355,-11.1050332934027,-6.93976138076331,3
TCGA-BP-4343-01A,53.5520912578938,-7.48304778572358,-2.92937025279069,3
TCGA-BP-4345-01A,36.708960730764,-10.2167824678161,-7.62700448787222,3
TCGA-BP-4352-01A,36.9912624419499,-31.8981217904559,-0.18460106734662,3
TCGA-BP-4769-01A,40.2997733161028,-12.0080174791312,-8.69349292604693,3
TCGA-BP-4770-01A,45.2507746329013,-30.9726127871414,6.28172533126826,3
TCGA-BP-4784-01A,45.5860922583465,-7.52703737183813,9.31703559520366,3
TCGA-BP-4790-01A,34.1154308063749,-9.16309179579352,4.65321775600585,3
TCGA-BP-4804-01A,41.7569135512462,-16.6932631098719,-8.70925838329357,3
TCGA-BP-4962-01A,46.2228877248025,-16.5550237643086,11.9260072027661,3
TCGA-BP-4983-01A,48.0641164150595,-21.5499068788238,2.1729245160805,3
TCGA-BP-4998-01A,50.064111535381,-8.21339651481836,-6.10683099580494,3
TCGA-BP-5000-01A,43.3309668509708,-14.869620971024,10.6600396011206,3
TCGA-BP-5007-01A,42.8710500935448,-24.5800754868518,-0.346757930957266,3
TCGA-BP-5169-01A,37.618175359279,-34.4002935481084,-7.78442774744627,3
TCGA-BP-5182-01A,45.5464969814467,-20.5043385570345,11.1304074980203,3
TCGA-BP-5198-01A,54.6961701362357,-20.3590386986909,9.98641558887531,3
TCGA-CJ-4641-01A,39.4095254204257,-23.7837082568395,-4.46652038260299,3
TCGA-CJ-4872-01A,46.9951650192581,-11.1284472412761,6.60806333509213,3
TCGA-CJ-4873-01A,44.5868784335835,-34.1016445294555,8.85723038854271,3
TCGA-CJ-4889-01A,49.7310712687095,-11.9247738777795,-8.50125901458337,3
TCGA-CJ-4920-01A,36.6630448157026,-13.7492731520934,-9.9121110635133,3
TCGA-CJ-6031-01A,39.335044725193,-16.3262227226472,-8.28686116520268,3
TCGA-CJ-6033-01A,53.380821591543,-11.7699047595258,8.81367908213688,3
TCGA-DV-5568-01A,48.6176161627602,-15.063962092837,-8.58007358957849,3
TCGA-DV-5574-01A,40.2003144017955,-6.84848850067002,7.21942733195749,3
TCGA-EU-5905-01A,50.7220500486168,-5.84380324583865,1.02661495638014,3
TCGA-MM-A563-01A,37.7558127863402,-10.8200640517559,6.9465675250275,3
