Sample,X,Y,Z,Cluster
TCGA-4P-AA8J-01A,-29.0275567102117,-116.255440549434,51.7579095510775,1
TCGA-BA-4074-01A,-26.6200551461342,-119.979798805714,50.6860667440422,1
TCGA-BA-4077-01B,-26.7461093516234,-101.663870805574,45.8239196525229,1
TCGA-BA-5152-01A,-26.3083912663365,-120.318439484353,46.857936936422,1
TCGA-BA-5153-01A,-23.8302271518745,-110.149095520194,38.637129810801,1
TCGA-BA-5555-01A,-28.1599352912912,-122.069125252129,42.6584383797584,1
TCGA-BA-5556-01A,-27.8483808588112,-129.59123863583,25.066978720392,1
TCGA-BA-5557-01A,-32.0632153882141,-124.371238326804,28.9462630838589,1
TCGA-BA-5558-01A,-31.622393803043,-126.001596293095,25.4093205763088,1
TCGA-BA-5559-01A,-23.8543226025467,-109.929255616132,39.4932044574677,1
TCGA-BA-6873-01A,-31.7616637853034,-126.450622168448,41.0928738773648,1
TCGA-BA-A4IF-01A,-25.6332274899054,-125.670834630965,45.0551175855696,1
TCGA-BA-A4IG-01A,-26.1795396655313,-103.321204746323,44.5607983917717,1
TCGA-BA-A4IH-01A,-23.8362208999524,-107.242884758257,38.4634259528405,1
TCGA-BA-A6D8-01A,-26.9237534745194,-116.663152381062,47.920155694502,1
TCGA-BA-A6DA-01A,-28.473561284962,-98.921380006735,48.929771370134,1
TCGA-BA-A6DB-01A,-34.5256818302834,-123.396162774102,28.0031080555826,1
TCGA-BA-A6DD-01A,-28.7400804010109,-115.647004734762,51.4791041565996,1
TCGA-BA-A6DI-01A,-29.9049915277697,-127.644340145375,25.9856367792146,1
TCGA-BA-A8YP-01A,-29.3070484353868,-124.826196225952,45.1100822596341,1
TCGA-BB-4223-01A,-24.0307222427432,-108.693209613566,38.9333117002771,1
TCGA-BB-4224-01A,-24.3688806795028,-104.039053775313,49.1416088806134,1
TCGA-BB-4225-01A,-21.2022769922761,-116.772272468048,42.050895947686,1
TCGA-BB-4228-01A,-23.8793785262053,-107.26712212977,38.6883782250308,1
TCGA-BB-8601-01A,-28.2069208919819,-109.802555814215,45.7478012848978,1
TCGA-BB-A5HY-01A,-27.3247822853425,-116.75108684621,48.9125773346686,1
TCGA-BB-A6UM-01A,-26.7303488229946,-101.38584002809,45.3468060274548,1
TCGA-BB-A6UO-01A,-27.6035896084861,-129.543148072771,27.2192658906717,1
TCGA-C9-A47Z-01A,-32.6050426466796,-124.011133044,27.9657719520489,1
TCGA-C9-A480-01A,-30.7387873149272,-127.322461205454,27.0296998100828,1
TCGA-CN-4722-01A,-34.5091835549496,-126.397014289045,30.3906806945698,1
TCGA-CN-4723-01A,-26.648138450001,-125.505027454146,46.5505677221106,1
TCGA-CN-4736-01A,-29.4186155136669,-128.358710382293,27.1066589098144,1
TCGA-CN-4737-01A,-30.0876145027909,-127.029590762975,22.8246508279928,1
TCGA-CN-4740-01A,-27.7814337348295,-117.570787451197,50.5755026873771,1
TCGA-CN-4741-01A,-25.0659887033875,-100.131266315347,48.9543888181421,1
TCGA-CN-5356-01A,-28.196775378459,-119.147395275571,50.1092517742037,1
TCGA-CN-5359-01A,-18.8196870361498,-120.609829959762,41.4693491097785,1
TCGA-CN-5360-01A,-28.784635987246,-125.519992345971,41.5387891606907,1
TCGA-CN-5370-01A,-25.1203600985136,-127.604060095156,37.2172257926678,1
TCGA-CN-5373-01A,-31.5044090574759,-125.921190078161,24.5658064278859,1
TCGA-CN-5374-01A,-25.4486387373212,-101.125252519997,47.7489248478351,1
TCGA-CN-6010-01A,-19.043515145311,-119.839383492092,41.8044264822727,1
TCGA-CN-6017-01A,-34.5373318007492,-122.10612278375,23.4077809237596,1
TCGA-CN-6021-01A,-33.3649428860514,-124.911907963713,32.6289569864179,1
TCGA-CN-6023-01A,-26.0648665513774,-121.976637140999,46.5428424815219,1
TCGA-CN-6024-01A,-34.0599619500086,-126.283152574223,38.781354263023,1
TCGA-CN-6988-01A,-20.2684155840017,-122.775460610766,38.8435384681333,1
TCGA-CN-6992-01A,-25.5165853421048,-123.216397529562,47.8500653988545,1
TCGA-CN-A497-01A,-29.9147216365626,-127.212532113667,49.0433998128417,1
TCGA-CN-A499-01A,-25.4674013697201,-100.033495938181,49.0251276960011,1
TCGA-CN-A49A-01A,-30.2191708014044,-124.859497961292,45.164709817663,1
TCGA-CN-A49B-01A,-18.1743394343929,-118.797798295917,43.2200793049776,1
TCGA-CN-A49C-01A,-26.4458692247296,-103.437238276934,42.161299423296,1
TCGA-CN-A63T-01A,-28.2033144307518,-109.866726443862,45.7809525866588,1
TCGA-CN-A63U-01A,-26.7419418202484,-125.724918174366,45.9834094313458,1
TCGA-CN-A63V-01A,-33.4429657393462,-124.021667927862,30.0610722558301,1
TCGA-CN-A641-01A,-35.5818885116079,-113.895865510682,26.783088102899,1
TCGA-CN-A642-01A,-26.4313907682542,-125.211116930411,42.7803936028291,1
TCGA-CN-A6UY-01A,-21.5827032453823,-108.078576511092,39.6110618756458,1
TCGA-CN-A6V3-01A,-20.108574714734,-120.263386110352,40.0569437844912,1
TCGA-CN-A6V6-01A,-26.3312301636904,-103.805491673948,42.107992173515,1
TCGA-CN-A6V7-01A,-25.2128005240833,-106.85252866749,40.7011873706033,1
TCGA-CQ-5323-01A,-27.9526074296415,-98.8358912280604,48.1850452921609,1
TCGA-CQ-5329-01A,-20.0895528541981,-120.203307258228,40.3123815247684,1
TCGA-CQ-5330-01A,-20.1773011285513,-122.857643861444,38.6204814031779,1
TCGA-CQ-5331-01A,-34.8596406685312,-121.44804562149,30.6984566018986,1
TCGA-CQ-5333-01A,-27.1475409473294,-128.449175652998,44.3950120177768,1
TCGA-CQ-5334-01A,-28.0988622488094,-127.489345966699,43.9582140466897,1
TCGA-CQ-6219-01A,-30.5781501394887,-128.75266595744,28.4958307601743,1
TCGA-CQ-6220-01A,-32.9597409754422,-123.156242186131,31.1491783875224,1
TCGA-CQ-6225-01A,-25.3795765433007,-122.60498995057,40.8704910025794,1
TCGA-CQ-6228-01A,-30.9776822085951,-126.956781483495,49.9555345252564,1
TCGA-CQ-6229-01A,-29.6755498936992,-128.38758698755,27.4437223499215,1
TCGA-CQ-7063-01A,-30.5442004438857,-127.210591353175,25.959595120383,1
TCGA-CQ-A4C6-01A,-30.3142171163235,-126.980500270023,23.7497519779732,1
TCGA-CQ-A4C7-01A,-20.4038350871139,-122.965396596054,38.66578296402,1
TCGA-CQ-A4C9-01A,-26.4704093100973,-123.271227073615,46.9079424029154,1
TCGA-CQ-A4CE-01A,-32.9400140019272,-125.686733181248,29.2414194717032,1
TCGA-CQ-A4CI-01A,-27.579886382483,-107.018641307735,41.8813238014757,1
TCGA-CR-5243-01A,-24.5192391529085,-102.604365080975,45.749647504206,1
TCGA-CR-5248-01A,-26.0794166263012,-104.514100168444,42.3100927306835,1
TCGA-CR-5249-01A,-25.5213374162682,-101.121665993661,47.6780253028282,1
TCGA-CR-6467-01A,-23.9465954748277,-109.506161783868,39.4449539085475,1
TCGA-CR-6470-01A,-26.2476093917954,-104.921407407431,41.8020045453768,1
TCGA-CR-6471-01A,-25.3620458295033,-98.9588565470518,51.0454494499009,1
TCGA-CR-6472-01A,-26.8102078924986,-107.138719281189,41.5399976922371,1
TCGA-CR-6473-01A,-23.5708255723222,-107.846120195197,40.8648845913201,1
TCGA-CR-6480-01A,-25.3678449303891,-99.2196623533006,50.5111270929432,1
TCGA-CR-6481-01A,-29.4650635604922,-125.272511818919,42.8239731930043,1
TCGA-CR-6482-01A,-23.8695512167753,-110.473542364302,38.0614059435088,1
TCGA-CR-6484-01A,-25.286251230505,-127.773002061959,36.8795412291464,1
TCGA-CR-6487-01A,-26.529480107409,-105.415635597807,41.5910506211084,1
TCGA-CR-6492-01A,-27.3053705201385,-129.349197567317,25.5468945142667,1
TCGA-CR-7367-01A,-20.8879139587928,-123.413232940852,38.7392033778509,1
TCGA-CR-7368-01A,-23.9171592054657,-99.7764435100043,49.2603485420166,1
TCGA-CR-7369-01A,-31.4706745822829,-124.911047017686,30.1710923466328,1
TCGA-CR-7370-01A,-25.8989427569481,-122.580720474269,41.1206329259707,1
TCGA-CR-7372-01A,-34.0243843684749,-124.135522551381,28.0460659664008,1
TCGA-CR-7373-01A,-28.2061023744862,-126.967713163177,44.1713579964803,1
TCGA-CR-7374-01A,-28.341715947124,-122.842329032902,47.9257817987986,1
TCGA-CR-7376-01A,-29.1262040285937,-127.830385029076,49.7595245858443,1
TCGA-CR-7379-01A,-31.2097378199151,-126.309946811043,24.7641215852255,1
TCGA-CR-7380-01A,-27.2456364235756,-129.805106575281,27.6880468622511,1
TCGA-CR-7385-01A,-25.4912760146219,-103.814466002041,44.292933742049,1
TCGA-CR-7386-01A,-27.8314258191178,-129.020712881641,27.0377791613323,1
TCGA-CR-7388-01A,-25.3506045479967,-103.117929854946,47.1805332701709,1
TCGA-CR-7391-01A,-34.5155266827175,-124.251045795782,28.5285832359144,1
TCGA-CR-7393-01A,-34.5065679766827,-122.163197798358,23.3960944029172,1
TCGA-CR-7394-01A,-35.2040304451898,-125.505569047257,31.0532260819725,1
TCGA-CR-7395-01A,-34.4324717138418,-123.258022820715,30.1944204375024,1
TCGA-CR-7398-01A,-26.9674019808804,-122.609987644759,41.5737138547561,1
TCGA-CR-7402-01A,-26.7647566889744,-103.993763092064,43.5002509330028,1
TCGA-CR-7404-01A,-25.4823235927971,-103.482645878035,44.7807490456715,1
TCGA-CV-5432-01A,-29.6086372838745,-124.925285110681,44.7377842401695,1
TCGA-CV-5434-01A,-26.3559285346236,-124.779020925643,43.1745053842988,1
TCGA-CV-5435-01A,-28.5630791486462,-117.6311454765,50.6222776383301,1
TCGA-CV-5436-01A,-25.7755256379348,-123.282670811255,47.4167570417906,1
TCGA-CV-5439-01A,-28.6650123024244,-129.144795526134,24.7577715144523,1
TCGA-CV-5440-01A,-18.1486434002337,-122.987033299217,37.6775078098724,1
TCGA-CV-5442-01A,-25.3346477647232,-98.8536896814825,51.2554207690537,1
TCGA-CV-5443-01A,-23.3182923149739,-108.194394928809,40.5156993165464,1
TCGA-CV-5444-01A,-25.4660348133935,-127.906459770596,36.5340538138582,1
TCGA-CV-5966-01A,-26.7912744515815,-126.362381482711,47.7972168959774,1
TCGA-CV-5971-01A,-24.6155747416934,-104.82863206876,49.8261958623726,1
TCGA-CV-5976-01A,-17.6799887782002,-123.03340528291,37.4259340455197,1
TCGA-CV-5978-01A,-19.4403370894388,-120.039630445053,41.3125191897573,1
TCGA-CV-6003-01A,-20.1865654528575,-107.537475039177,42.5818217078018,1
TCGA-CV-6433-01A,-27.0766063397521,-102.37198655577,42.9291998350647,1
TCGA-CV-6441-01A,-18.6825235963814,-118.110388224873,43.7725185428212,1
TCGA-CV-6933-01A,-24.7189362732575,-105.121362134368,49.9398410802366,1
TCGA-CV-6934-01A,-36.4666525624636,-121.577576088415,29.0170466575556,1
TCGA-CV-6938-01A,-32.9337789886868,-127.207827597202,39.8336504499897,1
TCGA-CV-6939-01A,-23.9183525863815,-109.355004243423,40.161892205497,1
TCGA-CV-6940-01A,-18.2189227996121,-118.602724052396,43.6127893044967,1
TCGA-CV-6941-01A,-33.8415329595074,-126.161437111351,39.8066016301711,1
TCGA-CV-6942-01A,-29.2648757000303,-125.494892679187,42.8503729313736,1
TCGA-CV-6943-01A,-31.3394007953564,-126.306539296108,27.3697697312204,1
TCGA-CV-6948-01A,-23.7924215313468,-114.75972866612,43.6485638601224,1
TCGA-CV-6951-01A,-17.6632899798943,-122.977814932438,37.2624614428185,1
TCGA-CV-6952-01A,-32.4761333580338,-125.057656728137,26.7613402201432,1
TCGA-CV-6953-01A,-33.7830274775499,-124.090203885536,30.0651958274071,1
TCGA-CV-6954-01A,-31.2700052300541,-126.783636677398,27.4580886552619,1
TCGA-CV-6956-01A,-27.7232195453764,-127.670893675713,49.4707863582935,1
TCGA-CV-6962-01A,-25.8465575304325,-125.565017558577,41.6090036100268,1
TCGA-CV-7089-01A,-27.7206915036696,-130.16081637014,26.1347464798399,1
TCGA-CV-7090-01A,-26.3956373616276,-129.496259064587,24.9720495284446,1
TCGA-CV-7091-01A,-33.3645919372296,-127.333078980554,40.3229268032307,1
TCGA-CV-7095-01A,-30.2019880538349,-126.782429864131,22.1174824742909,1
TCGA-CV-7099-01A,-35.551291842721,-127.616441069126,31.2103259082252,1
TCGA-CV-7100-01A,-20.5096489747539,-117.631061724555,42.2102302625476,1
TCGA-CV-7103-01A,-29.0527613896303,-125.370501102187,41.5758954007937,1
TCGA-CV-7180-01A,-33.9597920966679,-127.25668319065,40.267910890482,1
TCGA-CV-7242-01A,-28.7609622649331,-107.70905161635,41.5354967942294,1
TCGA-CV-7248-01A,-18.7533884652127,-118.939408428727,42.7952844253897,1
TCGA-CV-7250-01A,-33.5326453890631,-123.640762691364,30.5250341052791,1
TCGA-CV-7254-01A,-22.7150832699135,-117.886638397435,42.0070316290686,1
TCGA-CV-7261-01A,-29.7936534068618,-127.03229032541,48.5249096259846,1
TCGA-CV-7263-01A,-27.3648321144973,-125.285598613868,42.4526741429648,1
TCGA-CV-7406-01A,-27.6633285085746,-99.2045752397048,48.9147808752652,1
TCGA-CV-7407-01A,-27.524174654393,-116.453370297409,49.6551823490131,1
TCGA-CV-7413-01A,-34.0606634614077,-126.739829856084,30.3514471123217,1
TCGA-CV-7414-01A,-15.8566708082012,-123.525254510159,39.0981299895639,1
TCGA-CV-7421-01A,-34.9121307296123,-125.944683698014,39.8517156984595,1
TCGA-CV-7422-01A,-19.8296633082972,-118.697000265622,41.8466968466626,1
TCGA-CV-7424-01A,-26.1206748769525,-123.492733036465,45.7527477861139,1
TCGA-CV-7428-01A,-34.5461791781367,-126.869496044563,30.6762461997982,1
TCGA-CV-7429-01A,-28.2103508832369,-118.233305479755,50.4492466956291,1
TCGA-CV-7437-01A,-19.8819622226234,-119.928303044243,40.8311131049046,1
TCGA-CV-7440-01A,-28.1183046243924,-119.582777227004,49.798731424263,1
TCGA-CV-7568-01A,-33.8427595785873,-126.424050098527,38.5680413920471,1
TCGA-CV-A45P-01A,-34.6073963580683,-122.059163869954,30.4320290302747,1
TCGA-CV-A45R-01A,-30.576583780407,-128.277241952033,28.6207111410047,1
TCGA-CV-A45T-01A,-26.4719216206674,-99.4904134335373,49.4730714544341,1
TCGA-CV-A45V-01A,-33.1649630643903,-122.847205788282,27.6498680258236,1
TCGA-CV-A45W-01A,-26.8505439278174,-122.565065523172,41.5594837912085,1
TCGA-CV-A45Z-01A,-28.0312050492875,-123.444014013513,42.6404727043112,1
TCGA-CV-A468-01A,-27.2681582333743,-99.2028531237333,49.3077741953933,1
TCGA-CV-A6JO-01B,-33.7900280929164,-122.191104779198,27.368537433539,1
TCGA-CV-A6JT-01A,-31.7919352129911,-125.124730741462,28.2597539644439,1
TCGA-CV-A6JU-01A,-29.3718066857509,-115.680240022076,52.2678295602818,1
TCGA-CV-A6K0-01B,-18.8013565619848,-121.677339519849,40.8692071741405,1
TCGA-D6-6515-01A,-27.426638525724,-125.599473732326,42.7507796389601,1
TCGA-D6-6516-01A,-31.0018539933047,-126.812851751082,26.3404854589396,1
TCGA-D6-6823-01A,-27.4716191757521,-127.531151903342,49.2994062885512,1
TCGA-D6-6827-01A,-18.5258915554319,-118.947809405461,42.7090866719942,1
TCGA-D6-A6EM-01A,-27.9291219614822,-121.591948562263,42.7065483330525,1
TCGA-D6-A74Q-01A,-28.5949078102029,-107.355540241932,41.7027894917938,1
TCGA-DQ-5624-01A,-17.1723962340596,-122.457470306987,36.2002967092177,1
TCGA-DQ-5629-01A,-26.1894848229421,-123.752317468647,45.6992211442818,1
TCGA-DQ-7591-01A,-23.5505573809897,-108.303203008435,40.9972547681528,1
TCGA-DQ-7592-01A,-32.7859310179882,-126.652100048433,40.0282707627124,1
TCGA-F7-8489-01A,-33.4142788349981,-122.686698787373,27.3815945500838,1
TCGA-F7-A50I-01A,-30.0057824170544,-126.944882063166,22.0430460420004,1
TCGA-F7-A50J-01A,-32.4504115795769,-124.239460844465,29.3086286073654,1
TCGA-F7-A61S-01A,-33.8334948523358,-127.459412550963,30.6738665630189,1
TCGA-F7-A61V-01A,-26.2922322092977,-125.035055119086,42.6819455590425,1
TCGA-F7-A620-01A,-33.1439732809336,-124.757733866165,32.3017668639209,1
TCGA-F7-A623-01A,-24.7311254130535,-115.852957062371,45.3425866689168,1
TCGA-F7-A624-01A,-20.5103209444065,-118.132634762804,42.6797151382926,1
TCGA-H7-7774-01A,-27.290710494089,-129.114802791801,27.222871901872,1
TCGA-H7-8501-01A,-27.6252373511047,-123.242976325473,46.4358225614391,1
TCGA-H7-A76A-01A,-25.7025118821652,-99.6270136202577,49.6215358704893,1
TCGA-HD-7831-01A,-34.7652409850474,-125.961458310873,29.2432807534061,1
TCGA-HD-7832-01A,-23.2391481777372,-99.4951801005617,49.4675885933462,1
TCGA-HD-8224-01A,-18.8833844741828,-122.331394280603,40.5845300500118,1
TCGA-HD-8314-01A,-23.9990858025924,-106.049199071327,43.9223502260098,1
TCGA-HD-A633-01A,-28.0362710529491,-107.130772891601,41.786730971606,1
TCGA-HD-A634-01A,-23.1295082637925,-108.218254783323,39.5234766056358,1
TCGA-HD-A6HZ-01A,-29.0764054947585,-126.287024163349,42.7383348718614,1
TCGA-HL-7533-01A,-26.9512373904003,-102.87381982539,43.6980385366659,1
TCGA-IQ-7630-01A,-27.8248282943121,-127.476666141226,44.4906866248027,1
TCGA-IQ-A61I-01A,-22.2466161092036,-108.223982111532,39.3637734701018,1
TCGA-IQ-A61J-01A,-28.3712454479777,-128.768865877791,26.8071227149734,1
TCGA-IQ-A61O-01A,-28.8881529071193,-117.064018659132,51.4305731372288,1
TCGA-IQ-A6SG-01A,-29.2142845605343,-116.520603416438,51.9531572247567,1
TCGA-IQ-A6SH-01A,-28.6548119587846,-99.4710943751598,48.425090304718,1
TCGA-KU-A66S-01A,-27.9206929840439,-122.304167308588,48.1528689659474,1
TCGA-KU-A6H7-01A,-27.0524771825461,-102.219520451623,43.4046092881023,1
TCGA-KU-A6H8-01A,-30.874099315592,-127.101685430503,50.0244833691137,1
TCGA-MT-A67A-01A,-33.5105501146497,-127.540218531887,30.2821232552622,1
TCGA-MT-A7BN-01A,-24.6906983587766,-115.779978900872,45.288524650382,1
TCGA-MZ-A6I9-01A,-24.8637409743959,-107.104718134877,40.3085228294859,1
TCGA-P3-A5Q5-01A,-24.0406654069493,-105.902275213487,43.9856067889956,1
TCGA-P3-A5QA-01A,-17.4773017683144,-120.516997432234,37.708703656427,1
TCGA-P3-A5QE-01A,-23.7421409029102,-110.074543511777,39.7881311424687,1
TCGA-P3-A5QF-01A,-25.8594265706462,-100.653490506754,47.4549983680723,1
TCGA-P3-A6SW-01A,-24.9106465692283,-106.766153995986,41.6245942402011,1
TCGA-P3-A6T2-01A,-31.920865733353,-126.49057203669,41.0049314927399,1
TCGA-P3-A6T4-01A,-31.1147267979772,-126.282476305037,24.1566372139094,1
TCGA-P3-A6T6-01A,-26.3320989264096,-107.08018000285,41.4662153819741,1
TCGA-QK-A64Z-01A,-15.8974165024984,-123.506765544915,39.0712618080914,1
TCGA-QK-A652-01A,-31.1622936835857,-126.733022089881,26.8399117207279,1
TCGA-QK-A6IF-01A,-21.6684318416057,-116.904957557635,42.0738737711448,1
TCGA-QK-A6IG-01A,-29.3976237555324,-123.304883819547,46.1462699368222,1
TCGA-QK-A6IJ-01A,-20.6367705436655,-106.993320376628,41.3851290149563,1
TCGA-QK-A6V9-01A,-23.0779549040984,-108.108755431406,39.1504885849502,1
TCGA-QK-A6VB-01A,-25.9182915144278,-123.710822310629,45.395194554458,1
TCGA-QK-A8Z7-01A,-29.1802819280317,-124.812521791422,45.0397384449707,1
TCGA-QK-A8Z8-01A,-25.1682977726475,-123.455265611492,45.3524050458013,1
TCGA-QK-AA3J-01A,-23.8670990458878,-111.446877886873,37.8154578733692,1
TCGA-RS-A6TO-01A,-35.5801672955317,-113.908974467845,26.7835509989166,1
TCGA-RS-A6TP-01A,-20.9829465837004,-107.30219501788,41.8021430843097,1
TCGA-T2-A6WZ-01A,-29.7347364873122,-114.922987422552,52.7769830998106,1
TCGA-T2-A6X0-01A,-26.7469411664079,-104.434015253413,43.5053437691822,1
TCGA-T3-A92N-01A,-27.6634131333146,-120.395494743114,49.1089288741605,1
TCGA-TN-A7HI-01A,-21.3586663727056,-107.359977927272,41.6103620052933,1
TCGA-TN-A7HJ-01A,-25.8600845223868,-126.986671943756,41.8158796519849,1
TCGA-TN-A7HL-01A,-27.0832366445181,-101.877922901096,44.0840242276445,1
TCGA-UF-A719-01A,-28.6910908449057,-128.187752241154,50.1589776925562,1
TCGA-UF-A71A-01A,-28.1621169463797,-123.300219753788,46.5617081448521,1
TCGA-UF-A71D-01A,-36.1657136099014,-122.583310181614,24.5683367587891,1
TCGA-UF-A7J9-01A,-30.5166336645008,-125.982678016553,41.8182366597932,1
TCGA-UF-A7JJ-01A,-26.9250690295746,-128.600153246083,27.2234178511094,1
TCGA-UF-A7JK-01A,-34.1173953625925,-121.132887730001,25.6436680263735,1
TCGA-UF-A7JO-01A,-26.4501794924853,-120.128594574637,47.4598267950306,1
TCGA-UP-A6WW-01A,-25.2368933370339,-106.622342953917,40.7052978485547,1
TCGA-WA-A7GZ-01A,-27.5118533527783,-128.235577259044,44.5714255356743,1
TCGA-BA-4075-01A,95.5155889692487,146.225156137913,-95.931587316015,2
TCGA-BA-4076-01A,80.7318667949441,154.528984948809,-91.44095219921,2
TCGA-BA-5151-01A,91.7680806459979,146.100787172084,-105.190636556493,2
TCGA-BA-6868-01B,96.0433064301481,148.136608142366,-98.4093008412135,2
TCGA-BA-6869-01A,88.6932548974693,147.077995247121,-96.6998791636443,2
TCGA-BA-6870-01A,87.7063667582445,156.03197887805,-96.7417745446885,2
TCGA-BA-A4II-01A,85.0313158675363,153.642024163922,-92.2736751131555,2
TCGA-BA-A6DE-01A,93.9753610171126,151.343074822063,-98.5214203957178,2
TCGA-BA-A6DG-01A,85.1426921052097,147.759412322402,-91.4884576192823,2
TCGA-BA-A6DJ-01A,91.1096607703561,146.824614083984,-98.5038046028931,2
TCGA-BA-A6DL-01A,95.4932969107614,147.817583468454,-101.738904319244,2
TCGA-BB-8596-01A,83.9935949047354,156.696028243291,-97.2942425877096,2
TCGA-BB-A5HU-01A,84.5467958505927,147.538410536505,-96.3490981213679,2
TCGA-BB-A5HZ-01A,89.5631207695612,146.733680839621,-99.2267807133904,2
TCGA-CN-4725-01A,93.1532863411906,154.143517897454,-101.073127819478,2
TCGA-CN-4726-01A,87.0032725983155,145.58023894937,-97.2641712094582,2
TCGA-CN-4727-01A,88.5842136981686,155.835670566025,-100.420383218874,2
TCGA-CN-4729-01A,94.6260856559459,150.989767211006,-99.2213866114755,2
TCGA-CN-4730-01A,92.5731479633951,149.934899251884,-104.33635196527,2
TCGA-CN-4731-01A,81.296252036879,152.829649461858,-91.2032811341517,2
TCGA-CN-4733-01A,93.6506288092596,146.9918552387,-106.281944050811,2
TCGA-CN-4734-01A,94.3255598310096,147.412188448674,-102.444072179575,2
TCGA-CN-5355-01A,90.6529978058243,154.834156541823,-100.243563628106,2
TCGA-CN-5358-01A,92.9584724361924,147.638291327885,-107.076660090358,2
TCGA-CN-5365-01A,82.0477980910199,154.012845006651,-91.7237149406283,2
TCGA-CN-5369-01A,93.212698556452,147.106819577214,-105.039673583168,2
TCGA-CN-6011-01A,80.592646633853,154.355349466645,-91.334621479798,2
TCGA-CN-6016-01A,85.6311385779644,154.621475940496,-93.4425769722428,2
TCGA-CN-6018-01A,93.1772169558398,148.879777217056,-104.52264053292,2
TCGA-CN-6019-01A,93.9904348117487,147.181417032498,-102.434888605283,2
TCGA-CN-6020-01A,84.7033662667511,150.534905125476,-91.6091104988893,2
TCGA-CN-6022-01A,93.9251714610606,153.089876113199,-100.27256797501,2
TCGA-CN-6995-01A,81.0472514122145,153.59449905647,-90.204428172974,2
TCGA-CN-6996-01A,90.9465466956893,145.34604884222,-105.855832358971,2
TCGA-CN-6998-01A,87.302556771504,146.034923125937,-97.4792516771905,2
TCGA-CN-A63W-01A,97.647448289231,148.193016239802,-99.4997742925533,2
TCGA-CQ-5325-01A,80.5418064844635,152.203102380242,-89.8800124226036,2
TCGA-CQ-5327-01A,93.5543317792249,147.518526434256,-105.002171898397,2
TCGA-CQ-5332-01A,89.1410174358967,143.867133473252,-105.948471117041,2
TCGA-CQ-6218-01A,87.0158803243678,146.351860004946,-97.2000400072899,2
TCGA-CQ-6222-01A,96.6836577452851,149.936392241787,-98.7410430188401,2
TCGA-CQ-6223-01A,94.3078920118564,149.649080118324,-95.4934298983392,2
TCGA-CQ-6224-01A,91.785097432936,147.168048006409,-97.7938732646136,2
TCGA-CQ-6227-01A,94.3942191464442,150.404210858643,-94.8484294352368,2
TCGA-CQ-7065-01A,85.8989576486248,151.252624162099,-91.1404516542795,2
TCGA-CQ-7068-01A,87.7083981596383,156.140125689832,-97.139330476802,2
TCGA-CQ-7069-01A,86.8135663905767,146.369151549862,-98.2125334281451,2
TCGA-CQ-7071-01A,95.6061462325539,150.066529407649,-98.633760936665,2
TCGA-CQ-7072-01A,92.9512684076465,147.78648598822,-106.978952764424,2
TCGA-CQ-A4CD-01A,83.0873893097361,151.909820020361,-91.1515585107934,2
TCGA-CQ-A4CH-01A,90.8293580719268,145.313718607146,-105.757035857928,2
TCGA-CR-5247-01A,84.7482719108095,144.312037029364,-95.0048393287842,2
TCGA-CR-6491-01A,85.4923063988163,145.054252634358,-96.3840570305293,2
TCGA-CR-7364-01A,94.255580823798,151.637052476879,-100.352822014956,2
TCGA-CR-7365-01A,90.408491048708,154.942252023819,-100.186179344848,2
TCGA-CR-7389-01A,83.7915607725892,146.356219048633,-90.8015872133341,2
TCGA-CR-7401-01A,84.9944080662355,147.573716927522,-91.6969157997987,2
TCGA-CV-5441-01A,95.7213984616689,146.310565936779,-97.6480188430244,2
TCGA-CV-5970-01A,83.8612880491366,153.64600785708,-92.0942311927279,2
TCGA-CV-5973-01A,87.5847648224059,148.434529029204,-96.1243334197254,2
TCGA-CV-6436-01A,93.2321151093015,146.516849250667,-104.581777017162,2
TCGA-CV-6937-01A,90.7940817673169,145.198096624542,-95.9142256564602,2
TCGA-CV-6955-01A,96.102293116451,150.584759442515,-97.5547468075011,2
TCGA-CV-6959-01A,93.2017323168007,154.182253268429,-101.287397103526,2
TCGA-CV-6961-01A,89.779812936251,149.93665533879,-96.4016960056709,2
TCGA-CV-7104-01A,86.5796567245247,145.764798054175,-97.1775240981732,2
TCGA-CV-7177-01A,81.1210296029125,154.31809335918,-91.6874724774458,2
TCGA-CV-7183-01A,91.3347613237804,145.257027891911,-105.555925107505,2
TCGA-CV-7235-01A,85.5842459181713,153.874250836182,-92.3328571005308,2
TCGA-CV-7236-01A,83.9153027721501,146.480485354275,-91.5804634562498,2
TCGA-CV-7238-01A,94.0587322864694,147.080890217295,-94.4769401965789,2
TCGA-CV-7245-01A,89.6250497063243,147.252379144526,-97.7476057540377,2
TCGA-CV-7252-01A,92.495809048404,146.627575753703,-105.166002579716,2
TCGA-CV-7253-01A,90.4724888750928,147.634310314729,-100.375165037919,2
TCGA-CV-7255-01A,80.739369890605,153.376548177912,-91.8917468342326,2
TCGA-CV-7410-01A,96.4758518647827,150.14964423425,-98.6680147127833,2
TCGA-CV-7411-01A,93.2719885900091,147.354477836231,-97.3351790002577,2
TCGA-CV-7416-01A,90.9426382689299,150.638689631798,-96.564820567586,2
TCGA-CV-7423-01A,84.192187948541,151.788532414753,-92.0743708986411,2
TCGA-CV-7425-01A,93.5124246794639,147.356327208098,-98.1065911617292,2
TCGA-CV-7427-01A,95.8806978378991,150.2900783041,-99.0784115801826,2
TCGA-CV-7430-01A,88.4095446566631,156.050680131254,-100.502206122796,2
TCGA-CV-7434-01A,95.7125428315287,149.009151909285,-98.7102718305422,2
TCGA-CV-7438-01A,88.0750780385422,156.19993442691,-97.7060397938104,2
TCGA-CV-7446-01A,83.5369122873439,154.24665550399,-92.5120286457,2
TCGA-CV-A45O-01A,87.6122198109976,146.534754855527,-97.4216926830833,2
TCGA-CV-A45Q-01A,93.3487088299207,146.939979840331,-97.6740784711329,2
TCGA-CV-A45X-01A,86.3321636655465,153.275610616431,-92.1745308752895,2
TCGA-CV-A45Y-01A,86.2869556302857,156.48999903421,-97.7885951868107,2
TCGA-CV-A461-01A,82.7486527505155,153.398055330762,-89.7156795632541,2
TCGA-CV-A463-01A,95.4785015422699,148.530927683998,-105.034825479094,2
TCGA-CV-A464-01A,85.3909549356427,154.425661276648,-91.9037356952762,2
TCGA-CV-A465-01A,87.7466452651857,148.410315937521,-96.3065664967382,2
TCGA-CV-A6JD-01A,89.6169850709748,147.171251745349,-96.9793547616936,2
TCGA-CV-A6JN-01A,85.8121656033961,151.910639004587,-91.2508042913797,2
TCGA-CV-A6JY-01A,93.476213843423,147.782565635772,-95.7933627349771,2
TCGA-CV-A6K1-01A,95.9307204623793,147.244033064628,-100.237688752747,2
TCGA-CV-A6K2-01A,94.60502397863,147.756949320444,-96.2049756697163,2
TCGA-CX-7085-01A,95.793739368889,149.827114739069,-98.6826436190909,2
TCGA-D6-6517-01A,84.6189369907067,156.317377011624,-97.1391855899233,2
TCGA-D6-A4ZB-01A,85.2565452360436,147.855886397191,-91.293282130927,2
TCGA-D6-A6EK-01A,90.9579494212247,146.517757539281,-98.5366481407173,2
TCGA-D6-A6EN-01A,95.313348973122,146.104545755354,-100.232660875173,2
TCGA-D6-A6EQ-01A,86.9322606565093,155.629657760396,-100.958490254824,2
TCGA-DQ-5625-01A,86.3358394043332,153.206057790977,-92.1195819656127,2
TCGA-DQ-5630-01A,88.9927307131732,146.86198012103,-96.9165389237958,2
TCGA-F7-A50G-01A,93.5820420186647,147.368343477441,-96.8004962592227,2
TCGA-F7-A61W-01A,84.3788692185298,156.636601080659,-97.4157857319839,2
TCGA-F7-A622-01A,94.6531216743131,146.814915899208,-96.8329976115063,2
TCGA-H7-A6C4-01A,87.138864885624,146.482799746662,-97.4765139161779,2
TCGA-HD-7229-01A,93.8186750291668,151.361676782122,-94.1665009162342,2
TCGA-HD-7754-01A,90.9337149964574,144.921249146089,-98.02926299184,2
TCGA-HD-8634-01A,92.7814504422043,147.799718508762,-97.8782911157385,2
TCGA-HD-8635-01A,85.1547203199085,144.966853368928,-96.1409072198879,2
TCGA-HD-A4C1-01A,96.1852339740721,150.733597570887,-99.446165754602,2
TCGA-HD-A6I0-01A,95.4561926025619,147.016484099844,-100.17939715454,2
TCGA-IQ-7632-01A,92.890147746854,148.024004754928,-97.9305823895853,2
TCGA-IQ-A61E-01A,94.1035584068507,153.005896805147,-100.170198968822,2
TCGA-IQ-A61G-01A,82.2560184481211,154.587989998869,-92.2099465747,2
TCGA-MT-A51W-01A,86.4097099713187,145.793561511232,-97.8793604685695,2
TCGA-MT-A51X-01A,85.1233744044158,147.348873207407,-93.1990671173554,2
TCGA-MT-A67D-01A,84.3554843067708,153.100779637872,-91.5928969041186,2
TCGA-MT-A67F-01A,92.9367006424273,147.061272428823,-99.0610924118755,2
TCGA-MZ-A5BI-01A,95.4904218189628,146.521090678916,-103.716060948331,2
TCGA-MZ-A7D7-01A,88.9280473184763,143.733822377218,-105.941329126304,2
TCGA-P3-A6T0-01A,88.0707312753716,143.139541457238,-105.979897769149,2
TCGA-P3-A6T3-01A,83.9302238729889,152.350141244228,-90.40731920556,2
TCGA-P3-A6T5-01A,94.1400511457949,147.26325399297,-95.8475055405529,2
TCGA-P3-A6T8-01A,85.6423702387055,157.213489420902,-98.4853752287565,2
TCGA-QK-A6IH-01A,86.0671457529943,151.117016681747,-91.0892174560135,2
TCGA-QK-A6II-01A,88.1688820641421,148.419003035061,-96.3421816544263,2
TCGA-QK-A6VC-01A,89.9007769730084,145.045441381046,-97.0356735733687,2
TCGA-QK-A8Z9-01B,86.7693011403985,153.686726565683,-92.4753301881093,2
TCGA-QK-A8ZB-01A,86.6906466174183,147.687965206302,-96.3880375037943,2
TCGA-QK-AA3K-01A,86.871642212605,155.842233018048,-100.950877597633,2
TCGA-T2-A6WX-01A,97.0584273562754,148.529294595917,-100.656970853449,2
TCGA-T2-A6X2-01A,97.7627059758109,148.160087629317,-99.200643873031,2
TCGA-UF-A718-01A,83.6283771897963,152.207264791916,-89.5588136549973,2
TCGA-UF-A7JD-01A,86.9598208252511,156.540059516486,-100.837377918575,2
TCGA-UF-A7JF-01A,94.5469639317795,146.720624865505,-95.9351652665046,2
TCGA-UF-A7JH-01A,94.6121997090773,147.792579044323,-102.857314722316,2
TCGA-UF-A7JT-01A,95.6928223952112,147.53341283875,-100.774952672673,2
TCGA-BA-4078-01A,-58.893616835665,92.7416462555347,36.8218824226781,3
TCGA-BA-6871-01A,-57.446974288105,93.4882362339635,31.422791001247,3
TCGA-BA-6872-01A,-53.4723640804891,96.027953544807,40.7888660065407,3
TCGA-BA-7269-01A,-58.4025307367585,92.9194690147533,39.4902401315217,3
TCGA-BB-4217-01A,-58.3628394549729,91.502781236132,34.7776525663547,3
TCGA-BB-4227-01A,-57.0188642834797,91.50212097485,36.5220642368772,3
TCGA-CN-4728-01A,-55.759902574314,89.2363725955657,34.7925673601687,3
TCGA-CN-4735-01A,-58.2919418602895,92.7567614497792,32.8601189353955,3
TCGA-CN-4738-01A,-61.4977932044695,94.62450133646,38.7600163884095,3
TCGA-CN-4739-01A,-56.4409847035996,90.2173828043872,34.1658497689248,3
TCGA-CN-4742-01A,-56.2118153839654,95.6037400115326,39.1322714287397,3
TCGA-CN-5361-01A,-53.8543175968994,92.5910167690516,38.3000569962363,3
TCGA-CN-5363-01A,-58.1352713034624,92.4464953456028,33.7439926645031,3
TCGA-CN-5364-01A,-57.6208111272577,92.0689906802811,32.9807558753083,3
TCGA-CN-5366-01A,-59.281860923378,95.5479414467066,41.0644691837752,3
TCGA-CN-5367-01A,-58.3790135131596,92.571805054513,38.1850129736034,3
TCGA-CN-6012-01A,-58.9494996045452,92.6819958754733,36.8772023899839,3
TCGA-CN-6013-01A,-58.4867356359716,94.3307457197864,40.2189808299037,3
TCGA-CN-6989-01A,-56.5078364973881,90.2616159335517,34.2480687963149,3
TCGA-CN-6994-01A,-59.316806602994,94.3617986673357,40.1599154355605,3
TCGA-CN-6997-01A,-58.9633109032615,94.1779018188357,31.490334528895,3
TCGA-CN-A498-01A,-55.6648952611782,95.757576504656,40.4756136674418,3
TCGA-CQ-5324-01A,-57.7581421377311,91.1770509348607,28.0372334584857,3
TCGA-CQ-5326-01A,-52.9391453238531,89.2947632594777,34.1744092611074,3
TCGA-CQ-6221-01A,-57.9144548821162,92.5839713091043,38.7077383514356,3
TCGA-CQ-A4CA-01A,-54.1113274192572,93.5518928536176,40.1155129241589,3
TCGA-CQ-A4CB-01A,-57.6261841347459,91.8416486038585,35.8639532815834,3
TCGA-CQ-A4CG-01A,-57.6540274983157,91.1157630165197,27.5966387294808,3
TCGA-CR-5250-01A,-59.6209543737525,93.7479815074608,33.817756445158,3
TCGA-CR-6474-01A,-51.3780922497564,96.7023354132708,40.5415533348218,3
TCGA-CR-6477-01A,-50.7108242537224,96.6165010453321,40.2840597990598,3
TCGA-CR-6478-01A,-57.6563789473103,91.5596371221206,31.7697356573438,3
TCGA-CR-6488-01A,-49.6650255544622,97.1890636914553,38.1168830186051,3
TCGA-CR-6493-01A,-60.1857357550892,94.9875870571328,32.0630269653708,3
TCGA-CR-7371-01A,-57.7536231205026,92.9872752123104,31.7287602947469,3
TCGA-CR-7377-01A,-50.7022245081692,97.784709468946,39.8017677117239,3
TCGA-CR-7382-01A,-49.3112869858268,97.3387783528525,37.3091613323281,3
TCGA-CR-7383-01A,-57.2413318133903,92.3624040901485,32.3687645943671,3
TCGA-CR-7390-01A,-52.9160001119141,89.3004312780201,34.1818667813071,3
TCGA-CR-7392-01A,-66.5265546191954,87.5546760820768,27.4304774919722,3
TCGA-CR-7397-01A,-58.2641036210382,90.8935335356629,25.9303425553664,3
TCGA-CR-7399-01A,-58.3175685024194,92.6038451634966,34.0641476247309,3
TCGA-CV-5430-01A,-56.5357379831779,92.9970217134207,32.6237099365597,3
TCGA-CV-5431-01A,-58.39169584678,91.0887793860631,34.9454201738049,3
TCGA-CV-5977-01A,-54.380950923264,96.0627109878137,40.9348323635738,3
TCGA-CV-5979-01A,-58.1037755110581,93.6878709051199,39.5627629785344,3
TCGA-CV-6935-01A,-57.5443684579629,94.7603430819833,40.4278362463269,3
TCGA-CV-6936-01A,-52.6449964984074,95.2446718434578,40.4158972753649,3
TCGA-CV-6945-01A,-53.489781526589,96.031350623892,40.8302918503394,3
TCGA-CV-6950-01A,-58.3059696072995,93.1751853219859,39.0486098427369,3
TCGA-CV-6960-01A,-65.4760017299391,88.3100014172252,28.1019122768177,3
TCGA-CV-7097-01A,-50.700828014541,96.8393990142732,39.6628277777136,3
TCGA-CV-7101-01A,-59.9304361667871,91.1120178079361,32.8160789598938,3
TCGA-CV-7102-01A,-57.9521655185164,92.0911068118868,34.2066449727633,3
TCGA-CV-7178-01A,-59.931693247217,93.6322501796186,39.4990520780355,3
TCGA-CV-7247-01A,-65.7306085258112,87.9621402055032,27.8565806115525,3
TCGA-CV-7415-01A,-53.6751424975077,94.1324854242807,40.2699754883265,3
TCGA-CV-7418-01A,-57.3909022644405,92.4920607097385,33.3750953204974,3
TCGA-CV-7432-01A,-59.423021483416,93.0497041594785,38.9910280884476,3
TCGA-CV-7433-01A,-51.2213623170578,96.4799805670124,40.196207211262,3
TCGA-CV-7435-01A,-54.1565916981908,92.6313652052719,39.9400039606493,3
TCGA-CV-A45U-01A,-54.5516483104551,90.0683797674387,38.1861958788247,3
TCGA-CV-A460-01A,-58.9889631375452,93.0374502882711,35.9202439167438,3
TCGA-CV-A6JE-01A,-60.5041219442837,95.9675892293538,33.9746293137781,3
TCGA-CV-A6JM-01A,-55.3647799945253,93.9635897303309,41.5806783477464,3
TCGA-CV-A6JZ-01A,-56.2848394093042,90.8643634034818,29.7065844643394,3
TCGA-CX-7082-01A,-59.099835296776,93.0060753163714,37.4983741385635,3
TCGA-CX-7086-01A,-60.2908662348444,90.5541137541265,36.0442281247542,3
TCGA-CX-7219-01A,-65.4843718490073,87.5744744935977,27.7322494784594,3
TCGA-CX-A4AQ-01A,-58.2390612029085,93.2292311278949,34.5719261336093,3
TCGA-D6-6824-01A,-59.1222650523905,90.3776049123897,33.5307174648032,3
TCGA-D6-6825-01A,-59.6059494979338,95.0132138337553,40.6653991145626,3
TCGA-D6-6826-01A,-65.1486712661603,88.6768205761653,28.3799589203771,3
TCGA-D6-8568-01A,-50.5261896961199,96.1353464933194,39.7885734525318,3
TCGA-D6-8569-01A,-57.2874881148533,90.9149354989127,27.9806491032933,3
TCGA-D6-A4Z9-01A,-58.2098350511558,92.6938372001456,38.727741254359,3
TCGA-D6-A6EO-01A,-66.273087727568,87.641818643045,27.5420560911567,3
TCGA-D6-A6EP-01A,-56.6809572724713,93.7379866459995,31.1389333369773,3
TCGA-D6-A6ES-01A,-52.1126123524215,96.0814593617795,40.5227947721131,3
TCGA-DQ-5631-01A,-55.2068058739061,93.089872870289,37.8696573574503,3
TCGA-DQ-7588-01A,-57.0976656190885,91.9233519472545,36.9635010168329,3
TCGA-F7-7848-01A,-59.8558318551184,90.7440543803706,36.2214935334708,3
TCGA-F7-8298-01A,-55.6619384696346,92.2905030994625,38.0806987416611,3
TCGA-H7-8502-01A,-55.4635055769569,92.4714689507764,38.1021514794153,3
TCGA-HD-7753-01A,-49.5395128665385,96.3380798409598,39.5392601136835,3
TCGA-IQ-7631-01A,-53.013106526798,98.1801747419163,41.3107787229104,3
TCGA-IQ-A61H-01A,-58.1971383328221,93.8647876301222,31.1812460708584,3
TCGA-KU-A66T-01A,-54.6376575858913,91.6445438921875,38.7636998411998,3
TCGA-P3-A5Q6-01A,-55.4567791980809,88.8664168886194,34.822857628329,3
TCGA-P3-A6SX-01A,-59.6290763967049,93.7731817008107,32.0405232980715,3
TCGA-P3-A6T7-01A,-51.869022432971,95.835597491453,40.351422792156,3
TCGA-QK-A8ZA-01A,-57.5778224080612,92.0696703819782,38.897494649124,3
TCGA-T3-A92M-01A,-55.9425153582449,90.6221005989844,29.7756394663195,3
TCGA-UF-A71B-01A,-54.7169058890658,90.6166262562456,37.6357048538598,3
TCGA-UF-A71E-01A,-54.5760005419561,92.8789292808233,40.0678192911876,3
TCGA-UF-A7JA-01A,-55.1152871172299,92.9469989417021,39.7132312366481,3
TCGA-UF-A7JC-01A,-53.415674693013,97.4428004709165,41.225672599615,3
TCGA-UF-A7JS-01A,-57.6601714163889,92.1606498149472,39.7658917580409,3
TCGA-UF-A7JV-01A,-52.8917606493692,94.8010597288575,40.370920375474,3
TCGA-WA-A7H4-01A,-57.7669704891558,91.0313206749622,29.5046868698171,3
