Sample,X,Y,Z,Cluster
TCGA-BA-5557-01A,-41.4158709739876,-37.5871663047215,157.06882934156,1
TCGA-BA-A6DA-01A,-40.3099379191323,-38.2883822348045,155.583269945177,1
TCGA-CN-4729-01A,-36.8619330919197,-33.9886433726143,159.765399342811,1
TCGA-CN-4734-01A,-41.6436935352652,-32.7200785186096,160.489943105681,1
TCGA-CN-4738-01A,-42.4396960872713,-31.7393402756847,158.183710159981,1
TCGA-CN-4741-01A,-35.3753320904078,-27.5694383365993,157.363122077396,1
TCGA-CN-4742-01A,-36.8030372526248,-33.7864752257581,158.95777032702,1
TCGA-CN-5365-01A,-40.7710626104915,-32.8372264843607,153.238676424351,1
TCGA-CN-5369-01A,-41.3096163188617,-33.1243262910729,160.088481704659,1
TCGA-CN-5373-01A,-40.0610561753461,-36.7367147441079,155.606813803313,1
TCGA-CN-6013-01A,-35.8379465750897,-28.7810867057744,157.355892358778,1
TCGA-CN-6020-01A,-37.947095928484,-34.1391305135035,158.916377089834,1
TCGA-CN-6995-01A,-41.3194611079961,-37.0810675898573,157.098929922915,1
TCGA-CN-6998-01A,-41.5220191319641,-35.3698005736002,156.168607884855,1
TCGA-CN-A498-01A,-40.6885899858902,-38.1395704913523,155.96201430529,1
TCGA-CQ-6220-01A,-40.79278034629,-34.1436412962,158.984630020947,1
TCGA-CQ-6223-01A,-40.1628876076092,-34.5814925197003,157.726630748886,1
TCGA-CQ-7069-01A,-35.5356376505549,-29.6442348882534,157.628329699142,1
TCGA-CQ-A4C9-01A,-40.3562855528667,-32.0448759974843,153.069581372174,1
TCGA-CR-6471-01A,-41.4692404185003,-33.8017439255477,155.186325585493,1
TCGA-CR-7368-01A,-39.5365909550473,-35.6508384814076,155.765137536826,1
TCGA-CR-7372-01A,-42.2283891357307,-33.1029319671827,154.840044189943,1
TCGA-CR-7389-01A,-35.5341380548932,-28.4816648005206,157.435209380065,1
TCGA-CR-7397-01A,-42.3734473929245,-36.690922715444,154.902160070723,1
TCGA-CV-6955-01A,-40.025885788809,-38.7083711373521,155.142316999601,1
TCGA-CV-6961-01A,-37.6548699709404,-34.1399180897378,159.278674598533,1
TCGA-CV-7250-01A,-39.7847211949209,-33.6785529144797,154.591383642001,1
TCGA-CV-7411-01A,-42.2139814936293,-39.2377638773936,157.166119865199,1
TCGA-CV-7423-01A,-40.2230054649099,-31.5189523269314,153.255623689793,1
TCGA-CV-7427-01A,-42.3585517738153,-34.3289585201988,156.045757213763,1
TCGA-CV-A45O-01A,-40.432690027882,-37.1749090395863,155.826502867822,1
TCGA-CX-7085-01A,-41.7235645725887,-35.0690557775891,156.005570058647,1
TCGA-DQ-5625-01A,-41.9613638901126,-32.372127471702,161.063167535419,1
TCGA-H7-A6C4-01A,-41.7642227520231,-33.8755305990205,155.512393861291,1
TCGA-HD-A633-01A,-39.535811714224,-34.5522620573445,157.873945125308,1
TCGA-P3-A6T3-01A,-41.8799256179934,-35.8217712461463,155.404918887902,1
TCGA-QK-A652-01A,-35.5021151446476,-29.9804102010001,157.701850479292,1
TCGA-QK-A6II-01A,-40.5170134186516,-36.2401311783341,155.885767242388,1
TCGA-QK-A6VC-01A,-41.2106814189432,-35.4083319085442,156.804873430236,1
TCGA-QK-A8ZB-01A,-41.9725621359135,-38.6208032863358,157.246861516746,1
TCGA-UF-A719-01A,-39.7774502755285,-33.2634133099154,152.755748436378,1
TCGA-UF-A71D-01A,-41.9963516814667,-37.142801951736,157.71585520005,1
TCGA-UF-A7JC-01A,-36.8175896937656,-33.7694669298358,158.866643967768,1
TCGA-BA-4075-01A,37.9030828488473,54.5620915641856,-46.5850679353621,2
TCGA-BA-5152-01A,25.3541867831253,59.2844635902527,-45.0933052935092,2
TCGA-BA-5555-01A,20.0204624697846,70.37185132826,-46.6997753882959,2
TCGA-BA-6868-01B,44.7128905473575,35.0243069307844,-55.2993639719548,2
TCGA-BA-6870-01A,38.8340042408644,39.0589957753898,-47.8196465953206,2
TCGA-BA-6871-01A,42.1360034096731,20.9898195284788,-54.5747660490121,2
TCGA-BA-6872-01A,40.2989285297334,53.3143968744205,-46.2403262313017,2
TCGA-BA-6873-01A,23.767660690235,68.466836299011,-43.4309449297116,2
TCGA-BA-7269-01A,56.7044106824015,21.0323755893914,-50.8058367617291,2
TCGA-BA-A4IF-01A,36.7946702797989,12.7111611685251,-46.1170474131919,2
TCGA-BA-A4II-01A,28.5436358353507,63.462973006733,-43.0423869501343,2
TCGA-BA-A6DD-01A,55.2469282778923,21.1189292185968,-50.787814370228,2
TCGA-BA-A6DE-01A,25.6770233681171,63.1858231523726,-47.9675989490577,2
TCGA-BA-A6DI-01A,28.6294649265851,59.2796862278216,-47.9357616152508,2
TCGA-BA-A8YP-01A,29.3760461417478,73.4626935948839,-44.1843450099451,2
TCGA-BB-4217-01A,21.0520249883586,71.2565543679602,-48.9663467580598,2
TCGA-BB-4225-01A,56.1888676553812,21.7633812087231,-49.2883982064069,2
TCGA-BB-4228-01A,21.5372281448061,72.1434128713348,-42.3380465877227,2
TCGA-BB-8601-01A,47.2714526931147,19.6717026801968,-55.9287785960463,2
TCGA-BB-A5HU-01A,38.9193094675867,15.2290260528982,-44.1967223377263,2
TCGA-BB-A5HY-01A,22.3908996741454,69.8524235474361,-43.2178704337792,2
TCGA-BB-A5HZ-01A,28.6824960298826,63.7213866769409,-43.1464016568061,2
TCGA-C9-A480-01A,33.2622845764925,62.7282570472529,-42.7983685561588,2
TCGA-CN-4727-01A,26.1195781011022,65.2523497656849,-48.8978190491379,2
TCGA-CN-4730-01A,24.789142457944,71.734751138614,-45.1819188266418,2
TCGA-CN-4737-01A,51.4384625700555,25.6379095997301,-60.3662116666332,2
TCGA-CN-4740-01A,22.0892653021913,73.8253379059171,-45.9824019243839,2
TCGA-CN-5355-01A,29.4163309022243,61.3163174257342,-47.5033375967646,2
TCGA-CN-5356-01A,25.7572418719846,65.9708276182672,-46.647166544977,2
TCGA-CN-5363-01A,44.749914765252,19.542064723911,-55.6797262361116,2
TCGA-CN-5366-01A,51.9453170751791,18.5875834602843,-55.9600086171124,2
TCGA-CN-5367-01A,23.776038365945,72.1852894722706,-42.8499886643011,2
TCGA-CN-5370-01A,24.9963193082454,65.0628026433684,-47.167558588242,2
TCGA-CN-6012-01A,44.7984903501312,34.874375001467,-55.3106953376436,2
TCGA-CN-6017-01A,22.3175691918725,66.4880688121717,-45.7354397221571,2
TCGA-CN-6018-01A,25.6755872163473,65.0596993071906,-46.4460413098094,2
TCGA-CN-6022-01A,53.0860461589591,24.6770650117685,-60.1821890127445,2
TCGA-CN-6996-01A,54.1448041391728,21.2577715031574,-55.5245462854135,2
TCGA-CN-6997-01A,21.218045009492,72.1454253612544,-43.9252232108835,2
TCGA-CN-A497-01A,36.4562966482238,12.3439821745971,-45.375775722418,2
TCGA-CN-A499-01A,24.9446080917826,60.0544632459304,-45.079864167873,2
TCGA-CN-A63T-01A,32.5271892781791,62.7958577107106,-42.7837707023959,2
TCGA-CN-A63V-01A,25.3390810848449,65.528101076042,-39.7710433911074,2
TCGA-CN-A642-01A,22.0658862896797,70.4891229423957,-42.7743772812244,2
TCGA-CN-A6V7-01A,21.5854821665372,69.7793500920841,-42.5044794239412,2
TCGA-CQ-5325-01A,27.4502194440167,70.1188295563907,-41.411685436858,2
TCGA-CQ-5326-01A,30.4778376411513,61.1668895806032,-48.7822162399451,2
TCGA-CQ-5329-01A,37.0843271322554,65.7737112803181,-45.5181811947764,2
TCGA-CQ-5330-01A,24.3351455230661,70.139785658195,-42.9965553997763,2
TCGA-CQ-5334-01A,55.171310089073,20.6913633083195,-53.4284379936546,2
TCGA-CQ-6227-01A,55.3742871491016,22.7166551903026,-58.1161369198321,2
TCGA-CQ-7063-01A,26.1833977266124,63.994326158469,-43.4194361594714,2
TCGA-CQ-7065-01A,38.7824886999998,38.2049795380305,-47.7958104278447,2
TCGA-CQ-7068-01A,21.1764898085985,71.1008861513806,-51.033986930781,2
TCGA-CQ-A4C6-01A,23.1638545303131,66.8483940957853,-43.5668303380364,2
TCGA-CQ-A4C7-01A,25.1691099325907,65.8580471380459,-40.5490887024005,2
TCGA-CQ-A4CB-01A,23.5827134781412,69.4776238138452,-45.8536607250905,2
TCGA-CQ-A4CD-01A,26.9558764027059,61.7138539856016,-45.296555944782,2
TCGA-CQ-A4CG-01A,22.4480677184339,68.8635383807735,-43.7038658264677,2
TCGA-CQ-A4CI-01A,21.716490850102,71.9181243566749,-42.7367953214035,2
TCGA-CR-6478-01A,22.1943099127626,72.5868539950571,-46.6858026435726,2
TCGA-CR-6482-01A,44.013009509891,19.1341373269236,-55.1119787118207,2
TCGA-CR-6484-01A,26.7595224366494,59.4198482604979,-49.4555908171091,2
TCGA-CR-7367-01A,25.2563016497467,64.6206003353637,-47.1373459310468,2
TCGA-CR-7370-01A,51.2266247533376,18.2960228161161,-56.2365681837919,2
TCGA-CR-7373-01A,24.7516449398039,70.167094796884,-45.3383739650149,2
TCGA-CR-7379-01A,28.049544755396,61.6527625621422,-46.3418997291108,2
TCGA-CR-7380-01A,27.6331542618061,70.520677115362,-41.472213181522,2
TCGA-CR-7383-01A,51.161173686596,19.3440147105382,-55.6357169033789,2
TCGA-CR-7385-01A,38.3771220584819,13.2741374432553,-49.1473932161848,2
TCGA-CV-5431-01A,20.5060233985977,69.661203065223,-45.188321606219,2
TCGA-CV-5434-01A,21.525705402174,73.2942183781664,-45.1828813979337,2
TCGA-CV-5435-01A,26.2663106551479,67.5652332895532,-47.9865030153984,2
TCGA-CV-5436-01A,39.5479195349365,51.9801470670118,-46.3982769713685,2
TCGA-CV-5440-01A,27.7573629461513,57.9036268453018,-41.9555412700668,2
TCGA-CV-5441-01A,28.0113135740695,63.4872910571645,-43.1275747135561,2
TCGA-CV-5442-01A,28.1199782725918,64.5597929060385,-42.0760243900774,2
TCGA-CV-5966-01A,50.7055282233171,19.3748224058594,-55.7310300354956,2
TCGA-CV-5976-01A,41.2687669710556,43.5245834677937,-46.0208787267731,2
TCGA-CV-5977-01A,23.5468844208939,67.9378948115588,-43.6391834839694,2
TCGA-CV-6003-01A,55.516232319962,18.9707901443542,-55.3915591247379,2
TCGA-CV-6938-01A,55.7204805121825,21.2630569603804,-51.0070672775205,2
TCGA-CV-6940-01A,20.123188940223,70.6274643778152,-47.9242227007679,2
TCGA-CV-6948-01A,37.8808012636355,13.2127984044443,-48.7604200810592,2
TCGA-CV-6950-01A,22.7091369986168,72.3680554791759,-52.044206497942,2
TCGA-CV-6951-01A,38.5969030337197,14.8025445946183,-44.4221183094321,2
TCGA-CV-6954-01A,38.0989264267374,14.1027437693877,-44.8395293378338,2
TCGA-CV-6960-01A,23.7903551702795,68.6101904078756,-44.367631979425,2
TCGA-CV-6962-01A,29.6787486158094,73.8454579421946,-44.6029358452324,2
TCGA-CV-7090-01A,56.9781953464855,20.2658245577693,-52.8195862658256,2
TCGA-CV-7097-01A,30.3662027739639,61.3955657133952,-48.6976400833636,2
TCGA-CV-7100-01A,45.9876715030397,19.6904698458172,-55.7528664064711,2
TCGA-CV-7101-01A,25.8348533329115,69.8247891968613,-45.785335225525,2
TCGA-CV-7102-01A,53.8193207296738,23.2561049076647,-59.9084444184269,2
TCGA-CV-7104-01A,25.2026024679073,57.5767365790558,-44.0380690005001,2
TCGA-CV-7177-01A,41.3247571406098,43.5010109775487,-46.0025485414506,2
TCGA-CV-7178-01A,25.310684857007,66.4109262115962,-42.5192746901653,2
TCGA-CV-7180-01A,25.2502422093108,67.7105175456838,-42.659928522023,2
TCGA-CV-7236-01A,26.4426948977926,68.3599494324284,-48.5242370345861,2
TCGA-CV-7238-01A,55.655266437559,18.9077336443064,-56.8607787753984,2
TCGA-CV-7245-01A,28.109434837181,62.1771666393425,-46.2037318310754,2
TCGA-CV-7247-01A,54.1296895945903,22.693116002923,-57.4431559184423,2
TCGA-CV-7248-01A,55.7048667245477,19.1762138288189,-54.8153097192673,2
TCGA-CV-7407-01A,27.7292019748987,57.921149770208,-42.012406928753,2
TCGA-CV-7416-01A,29.0809572292328,68.539650046568,-49.0108086123721,2
TCGA-CV-7418-01A,20.2635239848138,70.2345555663136,-45.7744602569876,2
TCGA-CV-7421-01A,28.5891773601475,62.8705386882704,-41.7725630782997,2
TCGA-CV-7428-01A,26.7320526794781,71.7231192281938,-43.4027875719577,2
TCGA-CV-7432-01A,28.5943071188057,63.5205985423917,-44.8542506240017,2
TCGA-CV-7434-01A,25.6964252123629,59.7015590532999,-45.3691572623141,2
TCGA-CV-7437-01A,44.6216313203312,19.4580532791625,-55.5207267019357,2
TCGA-CV-7438-01A,46.4490131203764,31.7630414902567,-56.0593158296538,2
TCGA-CV-7440-01A,25.6056784831188,66.5160241725026,-47.0094151855057,2
TCGA-CV-7446-01A,37.7026173822854,12.8779934113607,-48.7144089223248,2
TCGA-CV-7568-01A,28.7415802776577,62.6059969791098,-41.2912928310743,2
TCGA-CV-A45Q-01A,36.82706952249,42.9405711986536,-48.1484263286206,2
TCGA-CV-A45T-01A,41.434729142992,16.1292902040832,-52.4149806503355,2
TCGA-CV-A45U-01A,38.7783300849811,13.0181209040398,-49.2951631687011,2
TCGA-CV-A45W-01A,36.8254054821324,13.5372209210221,-47.646572919853,2
TCGA-CV-A45Y-01A,43.8330370041069,19.7493448062976,-54.3486970431845,2
TCGA-CV-A461-01A,42.0399192280507,17.6937300637561,-53.4619580911995,2
TCGA-CV-A464-01A,55.9343702769358,20.5083984760907,-53.1550076636102,2
TCGA-CV-A468-01A,25.8946926140366,60.7425535434979,-45.0676290381901,2
TCGA-CV-A6JN-01A,37.676345892318,43.4399090444565,-47.5843179190118,2
TCGA-CV-A6JO-01B,27.4481788023063,60.0838254291918,-48.1220293765835,2
TCGA-CV-A6JZ-01A,24.6986437704174,70.2164633040511,-42.5517553698546,2
TCGA-CV-A6K0-01B,41.4590440864412,16.1173563527826,-52.4183988599376,2
TCGA-CV-A6K1-01A,40.0004657681776,51.9050166061434,-46.3607544479728,2
TCGA-CX-7082-01A,41.4980736239938,49.7872588598331,-46.5055538209484,2
TCGA-D6-6823-01A,25.8746356789544,71.3686709770865,-43.4464424261993,2
TCGA-D6-A6EN-01A,54.3386922787717,22.4891211345521,-50.8084296820326,2
TCGA-D6-A6EO-01A,30.3332551206411,63.4660400595675,-43.1082367444125,2
TCGA-D6-A74Q-01A,31.4354018681644,63.0754349345293,-42.953289628615,2
TCGA-DQ-5631-01A,52.9500966393059,24.6326674011908,-60.0863257359183,2
TCGA-DQ-7588-01A,25.3986740116071,67.4428606710841,-46.8834925870188,2
TCGA-DQ-7592-01A,27.6783722002179,72.2841953258103,-43.5217093584577,2
TCGA-F7-A61V-01A,36.742819784171,12.8145781049185,-46.3869491225542,2
TCGA-F7-A61W-01A,37.5226640849166,66.4919184012213,-46.0160007135804,2
TCGA-F7-A623-01A,41.347441827831,50.0011385592816,-46.4830820533036,2
TCGA-F7-A624-01A,50.9912946735277,19.2165693361318,-55.7424832601344,2
TCGA-H7-8501-01A,37.9186725030382,54.5999981891988,-46.5819873090782,2
TCGA-H7-8502-01A,28.3587235984576,62.7388804244101,-45.9368100696483,2
TCGA-HD-7229-01A,27.2546102179432,59.9375734944744,-48.6101267282128,2
TCGA-HD-7753-01A,54.3502919134581,22.5597151010672,-57.4509513932759,2
TCGA-HD-7832-01A,25.7294729137324,64.8549360454318,-45.9864272935225,2
TCGA-HD-A4C1-01A,21.9609028597299,71.7459781671958,-51.4444569825124,2
TCGA-HD-A634-01A,41.6333288492959,21.9318395126913,-54.5836726969952,2
TCGA-IQ-A61E-01A,27.8116819236918,60.2486748351133,-47.789262733631,2
TCGA-IQ-A6SH-01A,25.1330159802452,58.2925674766742,-44.5864596031877,2
TCGA-KU-A66S-01A,42.5313146975863,19.5783562749505,-54.3596267246626,2
TCGA-KU-A6H8-01A,45.5528378968687,33.6274454828778,-55.3933572432505,2
TCGA-MT-A51W-01A,27.8087855768536,60.3846478677126,-46.4676544029584,2
TCGA-MZ-A7D7-01A,38.1821754839054,53.2252881929308,-46.5680325507492,2
TCGA-P3-A5Q6-01A,37.2309155692907,66.0283753188103,-45.6903384296617,2
TCGA-P3-A5QF-01A,34.2155621373967,63.0890349609103,-43.0186367558672,2
TCGA-P3-A6SW-01A,38.6234996445207,13.806905128325,-49.4726153410144,2
TCGA-P3-A6T0-01A,51.9050379027631,25.283355819714,-60.2621210924232,2
TCGA-P3-A6T2-01A,25.9964061800093,62.8165986495064,-48.1194179114072,2
TCGA-P3-A6T4-01A,22.0174324219449,71.7867121058044,-51.6229273034854,2
TCGA-P3-A6T5-01A,38.8124818606233,38.8385193779198,-47.8060574674534,2
TCGA-P3-A6T6-01A,38.0479944113351,66.9537363830182,-46.4351466559607,2
TCGA-P3-A6T8-01A,55.8965156742586,19.00905344178,-57.7867739202393,2
TCGA-QK-A64Z-01A,53.4731804626452,18.6999527589274,-55.7392267638899,2
TCGA-QK-A6IG-01A,20.5998015924922,69.8042071907787,-45.2515860723926,2
TCGA-QK-A6IH-01A,38.0452764388819,44.3377708784126,-47.1980654565584,2
TCGA-QK-A6VB-01A,29.0595170056918,73.1930490953981,-43.9431295429706,2
TCGA-QK-A8Z9-01B,55.5888820829443,18.8757634216073,-56.059870199103,2
TCGA-QK-AA3K-01A,55.1040548751123,20.6342508961904,-53.8297721555658,2
TCGA-RS-A6TP-01A,25.293554808199,65.561099669273,-39.7439652283459,2
TCGA-T2-A6WX-01A,55.8570390335975,21.3202351165201,-51.3806886251898,2
TCGA-T2-A6WZ-01A,56.9736066131664,22.3265961460712,-51.1176860872772,2
TCGA-T2-A6X2-01A,25.8398454298402,65.2963450244037,-42.821164144897,2
TCGA-T3-A92M-01A,42.3769722202786,20.4210172376797,-54.5113430137278,2
TCGA-T3-A92N-01A,29.8893548363367,63.0938598754033,-49.3803354081958,2
TCGA-TN-A7HJ-01A,38.504614516073,44.9900437755257,-46.8943126212015,2
TCGA-UF-A71B-01A,22.4696276795393,72.5974508543602,-47.9114535122671,2
TCGA-UF-A7JD-01A,46.3963282017461,31.8344192371633,-56.0054914447751,2
TCGA-UF-A7JF-01A,26.8747028071645,62.4077407324939,-44.8369570227827,2
TCGA-UF-A7JH-01A,40.8183028856917,50.7859811157126,-46.4062979725827,2
TCGA-UF-A7JT-01A,55.2030052219566,21.1364702450992,-52.3630374556695,2
TCGA-UF-A7JV-01A,22.4702910233639,72.1727853354573,-48.5120739169552,2
TCGA-WA-A7GZ-01A,23.8676675970895,69.971518857482,-45.8548351524075,2
TCGA-BA-4074-01A,-16.7651782093498,-3.8212317601552,-45.4584092532101,3
TCGA-BA-5151-01A,-29.1888850472303,-13.6402424830807,-40.8389721865276,3
TCGA-BA-5556-01A,-34.6360411696686,-16.3556860689666,-44.0106109968788,3
TCGA-BA-5558-01A,-19.513005181076,1.65931182065134,-43.7319027552724,3
TCGA-BA-6869-01A,-35.8977734857919,-19.7607724663655,-40.6614328029626,3
TCGA-BA-A4IG-01A,-28.2953178581493,-14.1220895429959,-41.0253979792034,3
TCGA-BA-A6DJ-01A,-32.9286941005348,-16.3643834879188,-39.935570368832,3
TCGA-BA-A6DL-01A,-32.2987302016664,-15.8573809047587,-39.5926643334352,3
TCGA-BB-A6UO-01A,-26.0708898535318,-8.20244741896397,-40.4428344624221,3
TCGA-C9-A47Z-01A,-21.6430707026561,-17.7542433451752,-34.0884076316074,3
TCGA-CN-4722-01A,-23.4324216081134,-19.2047594560468,-34.9902556844602,3
TCGA-CN-4725-01A,-21.9140447258614,-2.35478619122964,-42.3540971268181,3
TCGA-CN-4731-01A,-37.4715788975611,-18.2085539507798,-41.4570866087087,3
TCGA-CN-4739-01A,-22.7054571099559,-10.423540640819,-42.2786400489857,3
TCGA-CN-5359-01A,-23.9276404676036,-6.32245417625569,-40.7140062490266,3
TCGA-CN-6021-01A,-20.5562529001659,-18.4605892386353,-32.3745601013043,3
TCGA-CN-6024-01A,-37.4835616028824,-18.4885077431494,-41.2325005111617,3
TCGA-CN-6988-01A,-20.8989643593678,0.114706484176396,-42.5143513936368,3
TCGA-CN-A49B-01A,-18.0449671111516,-2.79327211501963,-45.4765026607459,3
TCGA-CN-A63W-01A,-18.9428441957587,2.6650662618935,-45.467156420703,3
TCGA-CN-A6V3-01A,-38.3319902887949,-14.432579552203,-43.385686423462,3
TCGA-CQ-5323-01A,-21.8390693640577,-4.54520915223034,-44.2019649274069,3
TCGA-CQ-5324-01A,-19.5428561437661,1.76770878124822,-43.8354683499932,3
TCGA-CQ-5327-01A,-37.0112848359614,-15.1344748862607,-44.2547962964556,3
TCGA-CQ-5331-01A,-32.8567734201291,-15.0849477846494,-45.8588931765371,3
TCGA-CQ-5332-01A,-23.5970742193449,-18.6407015818429,-35.1326231412106,3
TCGA-CQ-6218-01A,-24.2979113882635,-9.3806912489989,-41.4025484891999,3
TCGA-CQ-6228-01A,-37.7514413132233,-17.3483380606815,-42.0996307611682,3
TCGA-CQ-7071-01A,-19.4519944464936,2.71295944129841,-44.4744039978001,3
TCGA-CQ-A4CE-01A,-21.0676125201369,1.32545608960483,-43.4930400516929,3
TCGA-CR-6491-01A,-35.9098685723283,-19.8255260226961,-40.6769499165666,3
TCGA-CR-6493-01A,-39.6460856824156,-14.4004614279899,-42.426283337999,3
TCGA-CR-7364-01A,-24.5591123709709,-11.0137127413628,-41.6963126833503,3
TCGA-CR-7365-01A,-24.6033764728126,-7.13551312759304,-44.2788728182847,3
TCGA-CR-7369-01A,-21.3018744142063,-1.17141185416311,-42.5647088455827,3
TCGA-CR-7390-01A,-36.5812866277683,-18.8432561565893,-40.8145363755642,3
TCGA-CR-7393-01A,-36.8900850143736,-16.4720756733577,-43.9748083243476,3
TCGA-CR-7395-01A,-32.1381200543715,-15.9252345948383,-43.9588741667982,3
TCGA-CV-5439-01A,-22.3366610614332,1.91687095563362,-43.9219946367122,3
TCGA-CV-5970-01A,-25.0572167832596,-8.26385233877736,-40.7974458029985,3
TCGA-CV-6935-01A,-28.1610927646585,-13.9718804250837,-41.0666133072765,3
TCGA-CV-6936-01A,-23.6012115630183,-6.99079165266102,-41.1591811341549,3
TCGA-CV-6952-01A,-20.9409531580013,0.715035053929828,-43.2392956381065,3
TCGA-CV-6953-01A,-21.1183766774785,-6.97641261921829,-42.5862605070182,3
TCGA-CV-6956-01A,-22.3891157043896,-10.5092135967721,-44.4541209154136,3
TCGA-CV-6959-01A,-22.4200349350571,-10.5162051136268,-44.4272686084161,3
TCGA-CV-7089-01A,-22.2557404217037,-7.41691516747875,-41.9210434432353,3
TCGA-CV-7091-01A,-35.5694591057822,-16.3285197109954,-43.7745057660518,3
TCGA-CV-7095-01A,-33.65403877765,-17.0248886130075,-40.6897449119116,3
TCGA-CV-7099-01A,-33.8669063336521,-17.0061166383828,-40.780446752717,3
TCGA-CV-7235-01A,-38.5182725004074,-16.1499827680079,-42.4391003871775,3
TCGA-CV-7242-01A,-20.9776465998456,-18.1736877301993,-33.0530493898034,3
TCGA-CV-7252-01A,-18.8270606100691,3.85983299863171,-45.4664630964706,3
TCGA-CV-7253-01A,-38.1285829654312,-14.7875697712599,-43.4214304832635,3
TCGA-CV-7425-01A,-21.9468869888241,-17.9173234326543,-34.2630741137154,3
TCGA-CV-7430-01A,-23.5514052144098,-7.51862117015624,-41.281694217871,3
TCGA-CV-A45P-01A,-37.0700383264658,-18.6429892272655,-41.1725604919264,3
TCGA-CV-A45X-01A,-23.2920786417497,-8.47735133884937,-41.7120614134626,3
TCGA-CV-A463-01A,-37.8464946880505,-14.707707219436,-43.7845275459857,3
TCGA-CV-A465-01A,-18.9323726888558,3.07792050797635,-45.3764847397289,3
TCGA-CV-A6JY-01A,-39.7307567880907,-15.4653854812109,-44.1267822171382,3
TCGA-CV-A6K2-01A,-21.6302591827561,-6.98904406019842,-42.2604233038078,3
TCGA-CX-7086-01A,-23.762359838204,-9.39202197816096,-41.6309656202437,3
TCGA-CX-7219-01A,-24.2317341511705,-9.39448675988055,-41.4461344584535,3
TCGA-D6-6516-01A,-22.5437983093809,-0.118076021820376,-44.9794638492378,3
TCGA-D6-6826-01A,-22.6357760111601,-9.03313110041418,-42.4028892301552,3
TCGA-D6-8568-01A,-34.3807883352728,-17.75186228058,-40.1846171388768,3
TCGA-D6-A4Z9-01A,-19.6951233037295,-1.30849016006844,-44.587592858308,3
TCGA-DQ-5624-01A,-33.4486815674852,-16.1986626431362,-44.1495125360776,3
TCGA-F7-7848-01A,-39.7617200246157,-15.9374695060116,-42.0243629016385,3
TCGA-F7-8489-01A,-32.7554379915221,-16.0870870974677,-43.872379969644,3
TCGA-F7-A50G-01A,-21.5885214637189,-17.0928759861878,-34.5674022646373,3
TCGA-F7-A50I-01A,-22.3133259469341,2.876001560975,-46.235768676386,3
TCGA-F7-A50J-01A,-34.3632583491196,-16.8099485576676,-41.5597851842544,3
TCGA-F7-A620-01A,-22.9823309493823,-0.0915577461483767,-45.900692976812,3
TCGA-HD-8634-01A,-20.7277954182904,0.055343721786075,-41.9259024736462,3
TCGA-HD-8635-01A,-33.9144328520693,-14.7077385263918,-41.8853358374927,3
TCGA-IQ-7630-01A,-37.4651132365749,-16.219210797304,-43.4074830510302,3
TCGA-IQ-7632-01A,-22.3009204276598,-8.63831805819611,-41.8462428008726,3
TCGA-IQ-A6SG-01A,-17.1922663125249,-3.53873390474095,-45.434707196228,3
TCGA-KU-A66T-01A,-25.410854263978,-11.8034826110569,-41.5791649190299,3
TCGA-MT-A51X-01A,-32.9698991739089,-15.3116751249253,-45.5469719470548,3
TCGA-MT-A67D-01A,-18.974963781808,-1.60147645047286,-45.386465499604,3
TCGA-MT-A67F-01A,-20.29116715721,1.8407316993338,-43.126613797181,3
TCGA-P3-A6T7-01A,-18.9067808133201,-1.49713266984998,-45.5405816140892,3
TCGA-QK-AA3J-01A,-20.5874650577464,-18.4148580521392,-32.449467228938,3
TCGA-UF-A71E-01A,-29.1161255844971,-13.754107753631,-40.8651328249721,3
TCGA-4P-AA8J-01A,-12.0851806311448,-42.5562346285806,27.5953088751972,4
TCGA-BA-4076-01A,-15.8437163543008,-29.7310674605467,36.2598920741012,4
TCGA-BA-4077-01B,-15.8352218022895,-30.4410609319668,34.9354550417008,4
TCGA-BA-4078-01A,-9.76976431091551,-27.2004312175891,19.1074957902582,4
TCGA-BA-5153-01A,-9.46001869283353,-34.0611267410226,26.1815893236309,4
TCGA-BA-5559-01A,-12.5972348005286,-35.7244305306093,29.1765022338396,4
TCGA-BA-A4IH-01A,-5.90024077969191,-32.7214641267399,27.9187522663889,4
TCGA-BA-A6D8-01A,-10.8819122917981,-46.3191541164767,27.9453155584508,4
TCGA-BA-A6DB-01A,-13.0173985522391,-31.1007119646027,36.4038225299418,4
TCGA-BA-A6DG-01A,-13.3388784239711,-39.3553939604991,32.4863831587853,4
TCGA-BB-4223-01A,-11.9297113673496,-34.7073640033901,29.1288125522891,4
TCGA-BB-4224-01A,-9.19896914711631,-28.7535312828091,21.1119333292207,4
TCGA-BB-4227-01A,-15.503431569941,-26.8951812951589,45.064553673873,4
TCGA-BB-8596-01A,-15.8433354653699,-41.2080708887974,39.4822602010816,4
TCGA-BB-A6UM-01A,-15.7163719795921,-27.2224496386726,46.677002870373,4
TCGA-CN-4723-01A,-8.74200697679529,-30.9988654773539,28.329400192269,4
TCGA-CN-4726-01A,-17.4362484399445,-23.9133582718672,47.7349103629426,4
TCGA-CN-4728-01A,-12.2148482210767,-39.8827334796097,28.0053984004729,4
TCGA-CN-4733-01A,-16.5185184321593,-47.9641892327512,24.4932068038697,4
TCGA-CN-4735-01A,-10.8529259208055,-34.3953958694408,29.7265597911112,4
TCGA-CN-4736-01A,-13.4431458320318,-41.6447676837195,28.8111384546654,4
TCGA-CN-5358-01A,-16.0972389328197,-41.6233906809088,37.352495536393,4
TCGA-CN-5360-01A,-9.64479730705526,-24.8590563464535,18.933068497539,4
TCGA-CN-5361-01A,-9.31065727328629,-35.4984479700695,29.4152457604889,4
TCGA-CN-5364-01A,-9.60598218774511,-25.9765982433235,20.3717977598837,4
TCGA-CN-5374-01A,-11.869458883162,-34.5396682997554,19.9434211546748,4
TCGA-CN-6010-01A,-9.7781799917138,-42.8108137233418,25.2366632623943,4
TCGA-CN-6011-01A,-18.6351151353438,-25.9214504448361,48.7245187078304,4
TCGA-CN-6016-01A,-7.28704458155398,-42.8050575002313,28.1855809452421,4
TCGA-CN-6019-01A,-8.84992238544429,-33.9803865414595,31.0298736404847,4
TCGA-CN-6023-01A,-9.31535470588775,-46.1971858131868,17.4236456810075,4
TCGA-CN-6989-01A,-9.43000628116805,-46.1989533902077,17.7779096209983,4
TCGA-CN-6992-01A,-9.10706723791056,-25.7643836575634,15.3922781165436,4
TCGA-CN-6994-01A,-11.3295378559956,-37.7294185993571,27.7110439985077,4
TCGA-CN-A49A-01A,-10.990892307597,-27.552885380596,12.4523648962119,4
TCGA-CN-A49C-01A,-13.3397740501874,-28.3284298335232,23.4410319606985,4
TCGA-CN-A63U-01A,-10.4583816633981,-27.2711693804887,15.0228625425563,4
TCGA-CN-A641-01A,-9.75222919589966,-26.2293388874488,14.1128572605533,4
TCGA-CN-A6UY-01A,-15.4902997277606,-36.5510939740964,26.0314704488999,4
TCGA-CN-A6V6-01A,-15.2496859259745,-29.7817459395733,46.8783141860878,4
TCGA-CQ-5333-01A,-11.1237104751206,-45.4803857873432,27.0948009683347,4
TCGA-CQ-6219-01A,-9.91795335795061,-46.0764861496282,19.290861504073,4
TCGA-CQ-6221-01A,-12.4279734017196,-45.8612294549817,27.2843295723839,4
TCGA-CQ-6222-01A,-12.3980605085803,-29.3386243193811,49.9241478574196,4
TCGA-CQ-6224-01A,-10.753049576048,-44.4156622761648,26.1835457200455,4
TCGA-CQ-6225-01A,-8.74314899079076,-46.6699698043344,15.5116870947495,4
TCGA-CQ-6229-01A,-11.2219533291002,-28.8807281975349,15.964262729227,4
TCGA-CQ-7072-01A,-9.60450731108794,-42.4278979410497,26.1164951378232,4
TCGA-CQ-A4CA-01A,-9.60446747130625,-27.1453537975891,17.3095214202429,4
TCGA-CQ-A4CH-01A,-16.3994617212296,-47.981453096565,24.5915319522303,4
TCGA-CR-5243-01A,-11.0554984214708,-34.0784135033651,29.5034755193972,4
TCGA-CR-5247-01A,-6.15031878888439,-33.8491912975051,28.0237715614814,4
TCGA-CR-5248-01A,-12.0121343361912,-28.7114531761674,22.2874713629499,4
TCGA-CR-5249-01A,-17.7706467446549,-27.0843349850382,50.1284062273517,4
TCGA-CR-5250-01A,-6.97711179045959,-40.4112723760075,29.9048607930795,4
TCGA-CR-6467-01A,-11.1388750267251,-39.2539473426922,18.8334387117807,4
TCGA-CR-6470-01A,-7.74775151994262,-39.3766026296203,29.5648551983256,4
TCGA-CR-6472-01A,-9.69114153766559,-27.1606295232375,19.9014770752513,4
TCGA-CR-6473-01A,-10.7063731046097,-40.0270724121857,18.9817669079756,4
TCGA-CR-6474-01A,-16.2023835237549,-41.6551698448022,38.0477441201387,4
TCGA-CR-6477-01A,-18.2492745106955,-26.0156506861021,51.2556956987853,4
TCGA-CR-6480-01A,-15.6464590678834,-27.7342748459363,47.996193800494,4
TCGA-CR-6481-01A,-11.1401654317373,-34.4183328966376,23.0040730338465,4
TCGA-CR-6487-01A,-11.8678174511941,-38.6244755030366,17.6580633607855,4
TCGA-CR-6488-01A,-15.3367390604186,-33.9292408923955,49.1968527708815,4
TCGA-CR-6492-01A,-16.2976015387652,-41.7330670779498,38.0941779260397,4
TCGA-CR-7371-01A,-16.6664269992552,-25.4258114557988,47.4270356588709,4
TCGA-CR-7374-01A,-10.1077972975073,-27.1066548795246,17.1165968508654,4
TCGA-CR-7376-01A,-15.9225902762305,-41.5450999149964,36.6355138286432,4
TCGA-CR-7377-01A,-14.0027879992399,-31.2328126241126,47.2455220527476,4
TCGA-CR-7382-01A,-13.4350179028404,-39.4256022412536,32.635200383056,4
TCGA-CR-7386-01A,-9.5856679019133,-33.5169265515782,32.0607839903449,4
TCGA-CR-7388-01A,-7.54861973549191,-33.017569489169,27.8566120837046,4
TCGA-CR-7391-01A,-17.736916175308,-25.4241152921665,49.748899657755,4
TCGA-CR-7392-01A,-7.02129856891679,-41.3711931034515,27.5324072662633,4
TCGA-CR-7394-01A,-15.9622235611188,-25.4393933547711,50.2028690432725,4
TCGA-CR-7398-01A,-8.41137984598947,-24.5813663342932,18.6447924708221,4
TCGA-CR-7399-01A,-15.5795521120107,-35.4869696498549,29.505828650558,4
TCGA-CR-7401-01A,-12.5605491855967,-38.6406257050177,16.6163302409989,4
TCGA-CR-7402-01A,-11.2350787282869,-34.414590313315,22.8503242387182,4
TCGA-CR-7404-01A,-9.10714708682575,-24.1634697447162,18.696128227576,4
TCGA-CV-5430-01A,-11.6405803012458,-28.4693789590891,22.6867814774147,4
TCGA-CV-5432-01A,-14.7289684536191,-30.9493989499418,36.710862334768,4
TCGA-CV-5443-01A,-11.7386045033479,-36.7894720979326,28.0700833632867,4
TCGA-CV-5444-01A,-11.614615865404,-44.3856407141394,26.9921974507224,4
TCGA-CV-5971-01A,-9.18391786598131,-43.1983189196552,24.9808325623547,4
TCGA-CV-5973-01A,-16.4016372692715,-27.066762350151,49.681680529351,4
TCGA-CV-5978-01A,-9.86313008992906,-45.9320887218609,19.2953283037431,4
TCGA-CV-5979-01A,-9.41348340331573,-33.0549645220782,33.0534774879776,4
TCGA-CV-6433-01A,-11.5280175949121,-36.6117610578584,27.9045086096255,4
TCGA-CV-6436-01A,-14.8797912802362,-32.4367700457373,48.4745137932669,4
TCGA-CV-6441-01A,-11.8020650850739,-34.6880928637689,20.0326512826921,4
TCGA-CV-6933-01A,-18.4969446165006,-27.5108558796388,49.9230927887578,4
TCGA-CV-6934-01A,-14.7120557437286,-31.0690562321084,36.6026334169279,4
TCGA-CV-6937-01A,-10.8536342596101,-46.2915441699423,26.7546003243753,4
TCGA-CV-6939-01A,-10.7212150841906,-35.8308406757801,27.8281298823382,4
TCGA-CV-6941-01A,-9.25178166327599,-25.5419148491556,15.3986822398017,4
TCGA-CV-6942-01A,-16.7761958077228,-47.732768228394,24.4763133271092,4
TCGA-CV-6943-01A,-15.2302895977527,-33.633316514285,48.7659922104353,4
TCGA-CV-6945-01A,-9.13234326434885,-45.8170922987489,16.8988753541663,4
TCGA-CV-7103-01A,-11.6878791288209,-29.0993126355991,21.0983285130904,4
TCGA-CV-7183-01A,-18.058085878432,-24.0440941303708,49.9240929022141,4
TCGA-CV-7254-01A,-11.5353699766463,-36.3634156532062,20.6700046026882,4
TCGA-CV-7255-01A,-6.31891718432351,-41.2633187984482,29.5778944448723,4
TCGA-CV-7261-01A,-9.56122003428259,-27.7116853934469,21.0838618552601,4
TCGA-CV-7263-01A,-12.2526818475431,-38.5494605292208,17.0300051442269,4
TCGA-CV-7406-01A,-10.1268065194199,-41.0959007767626,19.7665654606426,4
TCGA-CV-7410-01A,-14.5345316536159,-29.8668663514919,50.4382725504621,4
TCGA-CV-7413-01A,-12.0783000724356,-28.8929122076316,21.5824178280054,4
TCGA-CV-7414-01A,-15.0065046897361,-32.9191911260649,48.6364075561037,4
TCGA-CV-7415-01A,-16.2671379132017,-28.9487325374634,36.7569719063649,4
TCGA-CV-7422-01A,-17.2185367301302,-24.6014590643648,47.6016904331077,4
TCGA-CV-7424-01A,-9.74091234860405,-34.2219552469079,24.9125413599133,4
TCGA-CV-7429-01A,-11.8071898490101,-39.4145820334137,29.8652682970151,4
TCGA-CV-7433-01A,-15.2948037039883,-29.4150008338028,47.0357140858126,4
TCGA-CV-7435-01A,-9.97061262358847,-41.3544424220796,20.0197778219966,4
TCGA-CV-A45R-01A,-7.24504327719428,-43.4355183983156,28.0290719554348,4
TCGA-CV-A45V-01A,-15.7503492949636,-27.8644527203041,48.2288945020725,4
TCGA-CV-A45Z-01A,-8.81267129008154,-27.6880713425602,21.6120868625778,4
TCGA-CV-A460-01A,-9.43629638338889,-35.1535034997723,29.5433229369213,4
TCGA-CV-A6JD-01A,-17.7849695809211,-48.7192512731917,23.2755089903765,4
TCGA-CV-A6JE-01A,-17.8193784699652,-48.5962719658744,23.5435351890895,4
TCGA-CV-A6JM-01A,-14.310830375555,-32.3262085663335,46.6370644952864,4
TCGA-CV-A6JT-01A,-13.2653754160686,-29.5904067045174,50.2630004956668,4
TCGA-CV-A6JU-01A,-10.2871892126565,-43.8902576708914,25.6057710809798,4
TCGA-CX-A4AQ-01A,-11.3617260253385,-46.2867213356071,28.391723343934,4
TCGA-D6-6515-01A,-11.7458374336146,-39.0717063445451,29.80303017935,4
TCGA-D6-6517-01A,-12.4266041841336,-28.2695507108589,49.0898600706537,4
TCGA-D6-6824-01A,-11.0832492474982,-39.4820930385611,29.3618810230615,4
TCGA-D6-6825-01A,-15.3666095660476,-26.2486393097722,50.0003812202901,4
TCGA-D6-6827-01A,-9.98298654875733,-33.8375035505125,26.2761317277707,4
TCGA-D6-8569-01A,-15.6563577713654,-41.1369177445714,39.9995359945896,4
TCGA-D6-A4ZB-01A,-8.32858364814868,-27.3391057965178,17.1555029604724,4
TCGA-D6-A6EK-01A,-15.2844304366226,-29.6153168521172,50.3061548059497,4
TCGA-D6-A6EM-01A,-9.94826076744098,-45.8701064716049,19.7941407520262,4
TCGA-D6-A6EP-01A,-11.7582773070423,-46.1449294367655,28.3612001493589,4
TCGA-D6-A6EQ-01A,-14.1314131790348,-46.5382111495934,26.2336907839641,4
TCGA-D6-A6ES-01A,-14.3201386172647,-28.0342657243001,48.4727322912048,4
TCGA-DQ-5629-01A,-9.08756267982155,-46.2610722143763,16.6893935678974,4
TCGA-DQ-5630-01A,-14.9628676590053,-27.9372673069058,48.7816065535998,4
TCGA-DQ-7591-01A,-9.81104096831334,-26.5956061153124,18.1538409355308,4
TCGA-F7-8298-01A,-8.2287250964841,-29.7113185877655,27.0987664110046,4
TCGA-F7-A61S-01A,-13.4303343716975,-41.6209823869832,28.7934741845859,4
TCGA-F7-A622-01A,-15.6787287497694,-30.4850868683896,50.8075981522961,4
TCGA-H7-7774-01A,-18.0552371585726,-24.9766124050887,48.3722051402698,4
TCGA-H7-A76A-01A,-16.2293150613476,-27.0268631042921,49.6812077909447,4
TCGA-HD-7754-01A,-10.7337725352929,-27.9005203021975,22.0830766674213,4
TCGA-HD-7831-01A,-6.83526749901134,-41.7589769714971,29.1653123298673,4
TCGA-HD-8224-01A,-7.90605566374642,-25.2691202446522,16.8549525229934,4
TCGA-HD-8314-01A,-9.99228731792919,-27.7861088012073,20.8518970542738,4
TCGA-HD-A6HZ-01A,-10.3205457266539,-24.212629887272,20.0836883897363,4
TCGA-HD-A6I0-01A,-16.1349134363311,-31.1544405481502,51.7968484975421,4
TCGA-HL-7533-01A,-15.4498042571438,-43.069830385034,40.1706062701049,4
TCGA-IQ-7631-01A,-9.58482459289867,-40.0717790107076,29.2453999328514,4
TCGA-IQ-A61G-01A,-8.59385618471608,-46.8285654846012,14.9950243232505,4
TCGA-IQ-A61H-01A,-8.1341167300254,-29.1029737108303,26.1766751944193,4
TCGA-IQ-A61I-01A,-12.7347409257347,-28.6738224087156,23.0416320337844,4
TCGA-IQ-A61J-01A,-15.5333220484571,-35.0422122712706,47.7162329736896,4
TCGA-IQ-A61O-01A,-8.82211436466378,-41.2412846383879,27.7206028135456,4
TCGA-KU-A6H7-01A,-15.7376990822134,-30.6279171637496,34.7409160040202,4
TCGA-MT-A67A-01A,-14.3923421763713,-31.3330702775287,47.6619410152589,4
TCGA-MT-A7BN-01A,-15.0955276275026,-36.8699953579027,26.3090407782195,4
TCGA-MZ-A5BI-01A,-11.1522229896594,-33.0946257915416,27.1663946420794,4
TCGA-MZ-A6I9-01A,-5.38727675361607,-32.5980225717675,28.0653015879114,4
TCGA-P3-A5Q5-01A,-9.76469800893309,-27.3687083828216,18.1666733561777,4
TCGA-P3-A5QA-01A,-17.947180202899,-49.0189165028428,22.7256536097282,4
TCGA-P3-A5QE-01A,-13.0817743103144,-36.4625195743013,28.1331850411757,4
TCGA-P3-A6SX-01A,-10.9916864615143,-27.538517005097,12.4075961901939,4
TCGA-QK-A6IF-01A,-9.30672292653166,-41.9783422012974,27.0617319806827,4
TCGA-QK-A6IJ-01A,-14.6896476090126,-30.3787786372454,50.3767998778922,4
TCGA-QK-A6V9-01A,-12.2485661847619,-28.9642835704208,23.5734785385538,4
TCGA-QK-A8Z7-01A,-9.35455890556156,-25.9765115501465,14.8589371027524,4
TCGA-QK-A8Z8-01A,-10.2021128325989,-24.7485847431038,20.7420149820165,4
TCGA-QK-A8ZA-01A,-14.919309854871,-30.4752161826034,37.0970341686873,4
TCGA-RS-A6TO-01A,-12.3516304454457,-39.1926255434546,31.3055746387736,4
TCGA-T2-A6X0-01A,-8.77123019210562,-25.8961214010626,15.9662736669624,4
TCGA-TN-A7HI-01A,-15.6856347167897,-36.4110969723771,25.8626261892992,4
TCGA-TN-A7HL-01A,-8.86513388650316,-34.235746176615,26.1916077472502,4
TCGA-UF-A718-01A,-9.9908433904178,-33.5037211689369,32.6654669437358,4
TCGA-UF-A71A-01A,-11.567323600255,-35.6363419303105,20.7523235965462,4
TCGA-UF-A7J9-01A,-8.74625414026418,-33.6047977863103,28.6245257667825,4
TCGA-UF-A7JA-01A,-10.7950908550939,-33.6231114611662,29.5810435669414,4
TCGA-UF-A7JJ-01A,-17.7325750475642,-25.422076996943,49.3775951938277,4
TCGA-UF-A7JK-01A,-7.8306042416713,-39.5065222301004,29.572725420858,4
TCGA-UF-A7JO-01A,-17.17927205195,-45.9395422242042,25.346197995354,4
TCGA-UF-A7JS-01A,-13.6806452389208,-39.0966362504129,33.7014131848254,4
TCGA-UP-A6WW-01A,-13.0720314442399,-36.0613215527197,28.9898880908216,4
TCGA-WA-A7H4-01A,-8.10958958210052,-41.500529312177,27.7242204039779,4
