Sample,X,Y,Z,Cluster
TCGA-BA-5152-01A,-42.2429623199733,-17.4298722201483,31.6346170508744,1
TCGA-BA-5153-01A,-47.3522894768854,-19.6153090731589,37.5830095177902,1
TCGA-BA-5555-01A,1.67958103614182,6.00741866185114,17.3697456314264,1
TCGA-BA-5556-01A,-40.7624189963217,-11.1209005065532,34.6415274129796,1
TCGA-BA-6872-01A,-1.82984871812117,4.77945438390658,11.8821596585913,1
TCGA-BA-A4IG-01A,-38.5079908294118,-14.883395375051,35.1871915306366,1
TCGA-BA-A4IH-01A,-39.3681027614861,-19.7686267257008,38.623981363932,1
TCGA-BA-A6D8-01A,-44.4761541197909,-13.059650247364,30.7593375108315,1
TCGA-BA-A6DD-01A,-43.9843428653638,-15.3288843378127,33.1526569801409,1
TCGA-BA-A6DI-01A,-44.5141881680071,-21.1089468881995,34.5185869404057,1
TCGA-BB-4225-01A,-7.65925141253058,4.69904156680233,12.0746785136112,1
TCGA-BB-4227-01A,-1.90982911575313,1.79469996155361,9.15520904875389,1
TCGA-BB-8601-01A,-43.8088787839667,-13.750492000832,32.5027618800708,1
TCGA-BB-A6UM-01A,-44.4774217744995,-13.0108971915341,31.1835405921128,1
TCGA-CN-4722-01A,2.25685523815924,7.15632730798466,14.5443876046724,1
TCGA-CN-4727-01A,-39.1091540085926,-15.6847127071854,34.5709521385041,1
TCGA-CN-4728-01A,-0.603335571010643,3.98900794576943,23.6036860279933,1
TCGA-CN-4729-01A,-0.329499353619641,5.85556759297372,12.5498841694862,1
TCGA-CN-4739-01A,-36.7640044622223,-20.9563633978668,34.9066291675919,1
TCGA-CN-4740-01A,-1.41698058861843,3.71040114300135,26.1636219747259,1
TCGA-CN-4741-01A,-38.6802388978464,-18.4857726049859,36.3659319481729,1
TCGA-CN-4742-01A,-9.11608779420076,4.87471961092796,13.4415688254462,1
TCGA-CN-5359-01A,-1.85804189751132,4.4252434529941,21.6643664910316,1
TCGA-CN-5364-01A,-38.7926696233859,-16.6968339264911,35.4110288644161,1
TCGA-CN-6010-01A,-2.16415255747849,3.83338200939338,20.0079957592683,1
TCGA-CN-6012-01A,-1.25790581335572,4.87152360103303,8.7770635516911,1
TCGA-CN-6019-01A,-3.96739445843921,3.90989033454418,17.9757670646432,1
TCGA-CN-6020-01A,1.00241627276975,5.06172546965629,19.4484773839196,1
TCGA-CN-6023-01A,0.220967699638006,5.10071986850701,18.8528485871514,1
TCGA-CN-6988-01A,-2.53903671403924,3.06457276205884,23.0295907895959,1
TCGA-CN-6989-01A,-0.660483012527179,4.51278292758531,7.63881869778442,1
TCGA-CN-A49C-01A,-39.1764155598139,-21.4418068040173,33.3789161866714,1
TCGA-CN-A6V6-01A,-40.7928437617952,-21.0095933715153,34.6629184069327,1
TCGA-CQ-5324-01A,-0.00437277321867099,5.0509599253431,18.7870715362573,1
TCGA-CQ-5325-01A,-45.727614126936,-20.4625667948079,37.8417896295957,1
TCGA-CQ-5326-01A,-0.746606470271964,3.98312330748711,22.9525864112454,1
TCGA-CQ-5332-01A,1.8362274666808,6.59110190880974,15.2299013452864,1
TCGA-CQ-6222-01A,-44.662542134858,-13.1561497147846,29.7530500491518,1
TCGA-CQ-6223-01A,-7.34400197840051,4.37901978746318,11.8839736921219,1
TCGA-CQ-6228-01A,-42.8770082231241,-17.15096644515,30.2473143958701,1
TCGA-CQ-A4C9-01A,-8.78298059163618,5.01963771600803,17.0142408244435,1
TCGA-CQ-A4CG-01A,-9.59867712045267,4.96912012630993,15.4340001556816,1
TCGA-CQ-A4CI-01A,2.66593116217862,6.5484032688856,17.937784682389,1
TCGA-CR-5243-01A,-0.251074706272855,3.60146368429814,24.7176442552102,1
TCGA-CR-5248-01A,-1.87415467708694,1.69342631060776,9.13608060813611,1
TCGA-CR-5249-01A,-39.7404640328733,-21.3795172799345,34.7518168125392,1
TCGA-CR-6467-01A,-39.0902304283365,-22.658547378534,36.7660544173656,1
TCGA-CR-6471-01A,-38.9162137747473,-16.5727525741956,35.1346744936106,1
TCGA-CR-6472-01A,-38.6085090890316,-13.9594343060956,35.2929655872372,1
TCGA-CR-6477-01A,-1.18398506361983,3.49878481836186,4.49307692500148,1
TCGA-CR-6480-01A,-43.6647605671802,-21.6658919766093,33.9341848152809,1
TCGA-CR-6481-01A,-37.4108078032552,-21.0843045888879,34.8482495160094,1
TCGA-CR-6482-01A,-40.07977732582,-21.3710049120589,34.1078033236944,1
TCGA-CR-6487-01A,-39.8571028604925,-21.990547798513,34.1952455881327,1
TCGA-CR-6491-01A,2.76256334911883,7.65925650688106,17.6229260807002,1
TCGA-CR-6492-01A,-41.4702892276297,-17.9229389777848,31.8832915472086,1
TCGA-CR-7364-01A,-45.3824999125172,-12.6974498437163,28.6155915768044,1
TCGA-CR-7368-01A,-43.6726063429413,-21.7787704243812,34.1272782779014,1
TCGA-CR-7369-01A,-45.1891259787683,-12.6771580879564,30.1215636631271,1
TCGA-CR-7383-01A,-3.11099168382012,2.83494327725892,18.7625907638028,1
TCGA-CR-7385-01A,-38.5686237060027,-21.3088394421857,34.4700580996184,1
TCGA-CR-7388-01A,-1.26414724604267,3.71496568404721,25.9662572412964,1
TCGA-CR-7390-01A,-1.12187646967111,4.48229591051427,8.22579255233749,1
TCGA-CR-7391-01A,-41.8223588291088,-20.9812710867218,32.5373496922738,1
TCGA-CR-7393-01A,-39.5415124747225,-22.4562004838443,35.0027761375269,1
TCGA-CR-7394-01A,0.632714916624066,4.23909075220316,6.83295830155041,1
TCGA-CR-7397-01A,-0.889589000679138,3.69323016990513,25.5981664220046,1
TCGA-CR-7402-01A,-45.3357075260523,-20.4093601529765,35.0979390088978,1
TCGA-CR-7404-01A,-36.3621011280661,-20.7651401265707,34.9516228440639,1
TCGA-CV-5432-01A,-1.91570737211663,4.03895306221078,8.82155178369248,1
TCGA-CV-5434-01A,-4.04840352879828,4.3835191996015,11.8706075913104,1
TCGA-CV-5435-01A,-8.62803665936458,4.96837954008896,16.5687725193137,1
TCGA-CV-5440-01A,-37.0608345448748,-12.9238347136366,35.2345628087428,1
TCGA-CV-5441-01A,-10.2842080821483,4.99605399065309,15.5570047573674,1
TCGA-CV-5443-01A,-43.30185633402,-21.8970926319667,33.6679765680339,1
TCGA-CV-5978-01A,-2.67863448242446,3.76349661219433,19.0325851749371,1
TCGA-CV-6441-01A,-39.7300475621467,-22.4045425463098,37.8534472773062,1
TCGA-CV-6933-01A,-3.66074928250028,4.00517387321587,16.7684891408157,1
TCGA-CV-6935-01A,-5.02968357240403,4.11825398042926,13.0964110068236,1
TCGA-CV-6939-01A,-45.4697054881497,-20.5499493073407,38.1114243178641,1
TCGA-CV-6940-01A,-3.50859666781078,3.87731252573678,17.4143882866137,1
TCGA-CV-6941-01A,-0.248357229759366,3.11794327973284,3.56612178313217,1
TCGA-CV-6945-01A,-2.41388556612047,4.14978815438598,10.272406148543,1
TCGA-CV-6951-01A,-4.07738488340983,3.7072929960558,17.2435404497262,1
TCGA-CV-6953-01A,-38.7141350088233,-13.6762539197153,35.3428958682225,1
TCGA-CV-6955-01A,-2.27696961125141,3.41276510055921,19.5717874153818,1
TCGA-CV-6962-01A,1.80418527816884,6.42109029728416,15.8208529654842,1
TCGA-CV-7089-01A,-43.0834857543334,-20.3664188075305,32.0277150619124,1
TCGA-CV-7099-01A,1.99757597691417,6.88235651189013,14.7974109881275,1
TCGA-CV-7101-01A,-1.05946349790269,3.69372347108375,21.0086756862667,1
TCGA-CV-7103-01A,-2.53646298835178,4.43281783154047,21.099474532035,1
TCGA-CV-7177-01A,-4.80227193377547,4.06682809065791,13.179480536216,1
TCGA-CV-7236-01A,-46.6801048023977,-19.9600837656245,37.2068945746824,1
TCGA-CV-7253-01A,-41.2584293301672,-21.4438350791661,32.0073878842508,1
TCGA-CV-7254-01A,-43.1173371673924,-12.1977979917456,33.1111629439266,1
TCGA-CV-7261-01A,0.0762413730955298,5.9999017305889,12.6393408394505,1
TCGA-CV-7263-01A,-45.245923382679,-12.7276801562861,28.3364549153856,1
TCGA-CV-7407-01A,0.433484321738243,5.14216514509638,18.9171757364064,1
TCGA-CV-7414-01A,-39.0862854878712,-21.0799410309592,33.3628593615373,1
TCGA-CV-7416-01A,-1.37989640098013,4.33403754014841,8.24242118449143,1
TCGA-CV-7418-01A,-9.62400392075462,4.95222495953914,15.0535252462723,1
TCGA-CV-7422-01A,-0.995688629452811,3.32905060795258,20.3796699576648,1
TCGA-CV-7424-01A,-42.7049755501,-17.6549030810368,30.1371966344381,1
TCGA-CV-7427-01A,-39.4570271582884,-19.0723007301137,33.2545204508764,1
TCGA-CV-7429-01A,-1.40980197497383,4.57696659180729,8.33932102964978,1
TCGA-CV-7432-01A,-44.2014404485037,-13.175037134481,27.9320047236187,1
TCGA-CV-7437-01A,-1.11551963963262,3.44305449970707,4.16052994803471,1
TCGA-CV-A45R-01A,-44.0532489479705,-19.8878626192009,31.7770231205051,1
TCGA-CV-A45V-01A,-43.7201900075977,-12.7948325193519,32.5067388656593,1
TCGA-CV-A45W-01A,-8.67643470257467,5.00082873148449,16.8959083901593,1
TCGA-CV-A460-01A,-40.146795605052,-21.8123901480357,34.1602296735701,1
TCGA-CV-A468-01A,-42.8338725445673,-16.9187859740798,31.9546106684369,1
TCGA-CV-A6JY-01A,-9.05354466885448,4.94343552093461,13.3209254929153,1
TCGA-CV-A6K0-01B,-43.6023406761656,-21.7653925224552,34.2794471346014,1
TCGA-CV-A6K2-01A,-41.1911163347225,-10.7191083292217,34.5010535362942,1
TCGA-D6-6516-01A,-0.882295608478059,3.18730925947442,2.7318213096241,1
TCGA-D6-6824-01A,-39.7211621267978,-21.5058286353022,38.5301986862869,1
TCGA-D6-6825-01A,-47.6593516047421,-19.431771191726,37.8485682752508,1
TCGA-D6-A4Z9-01A,3.00456340492571,6.49246320228579,18.2511733350365,1
TCGA-D6-A4ZB-01A,-3.26001442595456,4.98211702585657,21.2093532743996,1
TCGA-DQ-5629-01A,-1.17504666066116,4.86661200129602,8.70343897394494,1
TCGA-DQ-7588-01A,1.23427176069395,5.2136378409896,19.3482228226458,1
TCGA-F7-7848-01A,-1.58206619157678,4.28010643982092,21.9314428878436,1
TCGA-F7-A50G-01A,-2.93417047095459,1.91701073993422,10.2889914315181,1
TCGA-F7-A50I-01A,-38.834968543402,-18.8780210665441,36.6710291970469,1
TCGA-H7-7774-01A,-3.7113915102122,4.38648855506826,12.5943496969509,1
TCGA-HD-7754-01A,-39.2527526117837,-20.0570227475269,38.8830263083388,1
TCGA-HD-7832-01A,-41.4360150337467,-10.2479840246975,34.4575337313647,1
TCGA-HD-8634-01A,-41.0217273926348,-16.6461567736809,32.7973751257181,1
TCGA-HL-7533-01A,-41.0721239299908,-10.9161371629124,34.5309266123306,1
TCGA-IQ-7632-01A,-44.1936957329673,-13.1898635590037,31.8844778021424,1
TCGA-IQ-A61H-01A,-42.6732339716217,-17.3805175503394,31.053874787221,1
TCGA-IQ-A61I-01A,-7.59810141678807,3.85606164935375,11.2767173659568,1
TCGA-IQ-A6SG-01A,-44.8488966447061,-12.7868143862441,30.7289084480498,1
TCGA-KU-A6H7-01A,-44.0205161986059,-15.8115937463944,32.8537272941814,1
TCGA-KU-A6H8-01A,-43.6310824551883,-21.524743996744,34.6195555054456,1
TCGA-MT-A51W-01A,-7.96987376018722,4.7873315860902,12.3941551320877,1
TCGA-MT-A67F-01A,-38.7858440898748,-22.5858215747153,36.4962623582774,1
TCGA-MZ-A5BI-01A,-45.2551750436052,-19.3236509376236,34.4351553480338,1
TCGA-MZ-A6I9-01A,-39.7358084748848,-19.6873893263269,33.0006592543967,1
TCGA-P3-A5Q5-01A,-42.271470533821,-17.3794063126143,31.4599192495877,1
TCGA-P3-A5QE-01A,-39.3717373695764,-19.7833038272399,36.829010346455,1
TCGA-P3-A5QF-01A,-43.7412000880787,-16.8108248952211,32.4433294456963,1
TCGA-P3-A6SW-01A,2.19399174602779,6.22834916934116,17.5135485265391,1
TCGA-P3-A6T0-01A,-4.62694032141603,4.44114546600195,16.56268707304,1
TCGA-P3-A6T4-01A,-3.19477756861502,2.09294556998517,10.5707987340876,1
TCGA-P3-A6T6-01A,-1.3336986442798,4.10699533304875,6.78939285853567,1
TCGA-QK-A6V9-01A,-45.5967930393132,-20.3283396619425,35.4983260473783,1
TCGA-QK-A6VB-01A,-44.3514477243422,-13.1628703659061,28.1602132202082,1
TCGA-QK-A6VC-01A,-41.0900285661964,-20.3619548890665,32.7273179090309,1
TCGA-QK-A8Z8-01A,-3.75842665209805,2.42402142408258,18.2726464132699,1
TCGA-QK-A8ZA-01A,-1.17859879956274,3.73444565639891,20.9017074788167,1
TCGA-QK-AA3J-01A,-38.7230049841561,-20.0334830418449,40.2243660403098,1
TCGA-T3-A92N-01A,-0.954462743275007,3.43173462612835,4.27434342697622,1
TCGA-TN-A7HJ-01A,-41.0340366400569,-21.2982291967536,32.8667217261273,1
TCGA-UF-A718-01A,-39.7183887669566,-22.8320934896855,37.3445354103151,1
TCGA-UF-A719-01A,-2.9904468364999,2.32686201164982,19.0953760276344,1
TCGA-UF-A71A-01A,-3.40039962566198,4.21638297597291,16.4105752632169,1
TCGA-UF-A71B-01A,-4.63331166218138,3.76680458907051,14.9694917064434,1
TCGA-UF-A71E-01A,-4.55558761690034,4.21975389164079,12.6201273026246,1
TCGA-UF-A7JO-01A,-4.09121547942211,4.00050274798579,16.4634067660171,1
TCGA-UP-A6WW-01A,-36.8909865124594,-12.7436756097902,35.234615430864,1
TCGA-4P-AA8J-01A,13.1066246181125,14.0351071160418,-23.9186290721124,2
TCGA-BA-4074-01A,8.48133988368011,11.8169210995782,-28.2971338235869,2
TCGA-BA-4076-01A,8.75508034431573,9.26252691905655,-29.9511275761262,2
TCGA-BA-4077-01B,11.4413736163535,22.3895614388643,-18.6362609490403,2
TCGA-BA-4078-01A,4.67562372738083,0.0149636262557936,-20.6107964471103,2
TCGA-BA-5557-01A,9.08047005756232,3.13940277981644,-9.09467286411538,2
TCGA-BA-5558-01A,0.828062544748204,3.92279825080419,-4.27473350364656,2
TCGA-BA-6868-01B,2.38259057823287,-2.9643281090556,-9.60449769449602,2
TCGA-BA-6869-01A,11.7035538720589,21.1402526618177,-19.3289849909599,2
TCGA-BA-6870-01A,10.2716367937501,23.7283178792854,-17.3630013724161,2
TCGA-BA-7269-01A,12.794114702463,6.88055131806451,-29.8108304257752,2
TCGA-BA-A6DA-01A,12.8886539651165,19.8478685783158,-23.5268687421215,2
TCGA-BA-A6DB-01A,10.425665833355,23.8612797462602,-17.5834637494352,2
TCGA-BA-A6DE-01A,10.6670200089469,21.9886202950933,-18.2372746884867,2
TCGA-BA-A6DG-01A,4.26375967567726,2.27954075695442,-17.1974434049906,2
TCGA-BA-A6DL-01A,-0.484767554805043,8.46267740125733,-3.9710033995089,2
TCGA-BB-4217-01A,10.0874232592725,-4.01047089683283,-20.3481889506296,2
TCGA-BB-4224-01A,8.45834229588146,11.2529674655738,-28.5710435501879,2
TCGA-BB-4228-01A,9.93955863425767,14.2226349338755,-26.4916727575702,2
TCGA-BB-A5HU-01A,1.56270244104007,-0.986579578400964,-9.07012940106154,2
TCGA-BB-A5HY-01A,8.58898839844371,3.56902953935476,-9.6235445707456,2
TCGA-BB-A5HZ-01A,9.32876520078763,3.21557896909284,-28.4544071446149,2
TCGA-BB-A6UO-01A,10.529851801351,0.00369196435950832,-25.7100195402393,2
TCGA-C9-A47Z-01A,7.18763070952325,4.16233884869941,-10.0568945999154,2
TCGA-CN-4725-01A,1.47963338896978,0.943423536465449,-5.13562837459521,2
TCGA-CN-4726-01A,13.6715397647964,19.1335882899395,-20.9559802760229,2
TCGA-CN-4730-01A,8.64859716909448,15.9689920930333,-24.2069532905149,2
TCGA-CN-4731-01A,11.830465308091,14.6539383422806,-22.2292619765618,2
TCGA-CN-4733-01A,2.74638213220654,-1.13503884313985,-16.1476575087414,2
TCGA-CN-4736-01A,1.15455153925574,-2.49124290767587,-11.2968167110866,2
TCGA-CN-4737-01A,4.0460557735692,4.14538950412387,-12.132251451114,2
TCGA-CN-4738-01A,3.24921573171627,-1.10637101867584,-16.5381141222021,2
TCGA-CN-5355-01A,4.93835248682852,3.26333764164042,-13.4285666769412,2
TCGA-CN-5358-01A,2.68297781412423,-1.1368699618522,-16.1169494438932,2
TCGA-CN-5360-01A,8.86832910950234,18.9356094371984,-16.7429485994824,2
TCGA-CN-5361-01A,1.15220290623583,-2.68607005111588,-11.6867809153031,2
TCGA-CN-5365-01A,7.82726237980177,1.47838784622292,-26.2598268751593,2
TCGA-CN-5367-01A,4.53744656560544,4.75976853274817,-16.2684041558857,2
TCGA-CN-5373-01A,2.27737662349775,8.13680283694036,-17.0578281511308,2
TCGA-CN-6013-01A,0.698028617459045,5.62736958335273,-6.42605871265979,2
TCGA-CN-6016-01A,6.35636197297686,0.140516418422859,-24.1411150303977,2
TCGA-CN-6017-01A,4.40883114473653,0.00924215170127788,-19.8442066827347,2
TCGA-CN-6018-01A,2.01642162576247,0.871471337238394,-6.64163468283824,2
TCGA-CN-6021-01A,6.79684010991463,10.7914506179981,-16.7048341275347,2
TCGA-CN-6024-01A,8.24457765062562,19.0327897755267,-14.6333444870005,2
TCGA-CN-6994-01A,0.658359027470871,2.34513302292801,2.46445348272381,2
TCGA-CN-6995-01A,14.9704387796407,17.0666871749841,-21.2593218100741,2
TCGA-CN-6996-01A,1.44324431423044,0.855356690721602,-6.43942735069607,2
TCGA-CN-6997-01A,0.849122230540483,4.12650081184099,-4.32581019513132,2
TCGA-CN-6998-01A,8.70139412351191,1.39805423778139,-26.6355141582116,2
TCGA-CN-A497-01A,-0.523508901136078,8.59420835402731,-3.92252703721295,2
TCGA-CN-A498-01A,8.63438131057577,19.0638516364818,-16.276160344689,2
TCGA-CN-A499-01A,9.6644206695257,14.6363137525382,-26.8753854010607,2
TCGA-CN-A49A-01A,13.2784515923515,1.92468183171568,-25.7042103765671,2
TCGA-CN-A49B-01A,14.0375362135132,11.880961482864,-24.8361285844568,2
TCGA-CN-A63T-01A,15.7548759743371,16.4069647184251,-22.7141997127519,2
TCGA-CN-A63U-01A,9.96041633819272,-3.2594308174923,-19.0254601371815,2
TCGA-CN-A63V-01A,9.32833827591669,1.82462488928773,-27.3042069882733,2
TCGA-CN-A63W-01A,15.7638965379561,16.2956848271553,-22.8228449646482,2
TCGA-CN-A641-01A,12.0630275036422,20.3876959219335,-24.4476353963353,2
TCGA-CN-A6UY-01A,13.1823064158903,20.1377130455103,-25.4076588410776,2
TCGA-CN-A6V3-01A,13.3943076227237,21.3363164457985,-19.4339892448571,2
TCGA-CQ-5323-01A,17.4098075339781,1.88218718921802,-13.2975675507375,2
TCGA-CQ-5330-01A,11.9312235477786,-3.91009510457479,-21.212281318273,2
TCGA-CQ-5333-01A,14.5106020962807,11.5883641375488,-26.7030336425008,2
TCGA-CQ-6218-01A,7.02134866734607,11.3739563457648,-16.6152097747365,2
TCGA-CQ-6219-01A,6.44804086181415,10.0131525138184,-16.4853163416398,2
TCGA-CQ-6220-01A,0.918226586032793,3.69593494179572,-4.46194489734154,2
TCGA-CQ-6225-01A,15.0609649954577,21.1125681109782,-19.0866974969833,2
TCGA-CQ-6227-01A,9.64432876643465,13.3183845126101,-27.031768904641,2
TCGA-CQ-6229-01A,7.09049017146317,13.7692633669213,-15.8565339949947,2
TCGA-CQ-7063-01A,15.0353155273345,17.2184071432287,-21.1172293529397,2
TCGA-CQ-7065-01A,6.82770208349483,10.8631078440865,-16.5104119445114,2
TCGA-CQ-7069-01A,5.07874741811599,7.5081097189257,-15.6139598042868,2
TCGA-CQ-7072-01A,4.17924185693401,0.97219623196473,-18.1794627336707,2
TCGA-CQ-A4C6-01A,10.7853829459643,13.7955345947767,-20.8450318286697,2
TCGA-CQ-A4C7-01A,12.2116470467293,2.60282367069172,-25.3400488336848,2
TCGA-CQ-A4CD-01A,7.36118247470312,-2.04256299173968,-23.4996830131451,2
TCGA-CQ-A4CE-01A,7.4976623625778,10.5421297435088,-17.9647033393445,2
TCGA-CQ-A4CH-01A,9.75087947022858,-0.8847089653902,-15.2021573636439,2
TCGA-CR-5247-01A,17.7697277010421,11.3505803769724,-18.5525130931927,2
TCGA-CR-6470-01A,8.83594832153529,-3.09834066949099,-22.1316107274761,2
TCGA-CR-6473-01A,5.25464070336278,6.53255133992955,-15.8018346628773,2
TCGA-CR-6474-01A,1.26353668606271,-2.79101068563535,-10.9545749900514,2
TCGA-CR-6488-01A,5.25822756495319,0.139558383988886,-22.1957787928506,2
TCGA-CR-7365-01A,4.79796815112465,3.00489006763993,-12.8374822370765,2
TCGA-CR-7367-01A,11.5279962772614,-3.70570757572698,-21.2134393815662,2
TCGA-CR-7370-01A,2.74021782250177,0.0217646845188164,-6.19370122010788,2
TCGA-CR-7371-01A,9.85302075143452,-4.73115686116789,-20.5146628802425,2
TCGA-CR-7372-01A,-0.925632023932555,2.94184090165498,1.95915081135754,2
TCGA-CR-7374-01A,9.45006878714497,-1.94522472430858,-16.6293146712612,2
TCGA-CR-7380-01A,1.65710992645969,2.45487592025171,-6.02831015201032,2
TCGA-CR-7382-01A,16.8119362367333,-1.19138710159962,-13.3323731786224,2
TCGA-CR-7386-01A,2.37559788339393,8.0185495611186,-16.9833929638344,2
TCGA-CR-7392-01A,2.24179921508482,-1.54717135527694,-15.3270540839712,2
TCGA-CR-7398-01A,9.84030319603754,-4.39633433218954,-20.4351476662772,2
TCGA-CR-7401-01A,8.83272363446638,17.2806244009937,-17.4306085180838,2
TCGA-CV-5431-01A,11.0500621751621,-4.0102679681853,-20.5521384077198,2
TCGA-CV-5436-01A,18.1427110631011,12.135609522716,-18.5896885815587,2
TCGA-CV-5444-01A,3.84703468644176,3.97013336988557,-11.6589724686216,2
TCGA-CV-5966-01A,18.3851953894741,12.9346759246919,-18.4869540239689,2
TCGA-CV-5970-01A,2.9701507520854,8.09939809506048,-16.4076715799201,2
TCGA-CV-5971-01A,11.1175112984225,19.7093805686623,-22.6872446600163,2
TCGA-CV-5973-01A,12.4610319865175,8.61944412900256,-29.2939132489507,2
TCGA-CV-5976-01A,12.973462027104,6.6833830056726,-29.5020372855159,2
TCGA-CV-5977-01A,12.1965206659112,2.61857269597604,-25.5434410284132,2
TCGA-CV-5979-01A,11.3613945495336,-1.24158253394265,-24.1489815375368,2
TCGA-CV-6003-01A,8.28764295008884,3.83819957782468,-9.90376532782101,2
TCGA-CV-6433-01A,14.476439291608,18.0847654843867,-21.0004433287972,2
TCGA-CV-6934-01A,4.29475995654685,2.61939901505762,-17.0771499835219,2
TCGA-CV-6936-01A,1.22672364657252,-2.77027923164961,-9.93833382525095,2
TCGA-CV-6938-01A,9.50715132820601,19.1400482845146,-28.4939593820906,2
TCGA-CV-6942-01A,3.81897867644408,-3.60288192180488,-9.52886267222513,2
TCGA-CV-6950-01A,3.25554992790055,-0.524767732207389,-6.25805203433731,2
TCGA-CV-6952-01A,3.87490769835452,7.10153153963768,-16.1146586202031,2
TCGA-CV-6954-01A,8.69100041068653,15.9520528174539,-24.2802265246558,2
TCGA-CV-6956-01A,8.34594541180565,3.79018719237214,-9.99989957425423,2
TCGA-CV-6960-01A,0.711463034065938,5.64744827796885,-6.42488763636319,2
TCGA-CV-7095-01A,-0.380712263177583,3.08805652182394,2.18683514556599,2
TCGA-CV-7104-01A,8.51437829960992,9.4299624371942,-30.0153306583257,2
TCGA-CV-7178-01A,2.07245945833586,-2.67432527750506,-9.57555847939302,2
TCGA-CV-7183-01A,16.1774471555753,16.1335880098517,-20.228219177293,2
TCGA-CV-7238-01A,10.193423829826,7.94027930334401,-29.5254312508454,2
TCGA-CV-7242-01A,8.45251679117981,20.7877430683062,-15.7842961731361,2
TCGA-CV-7245-01A,0.679475202238867,4.82310324259035,-4.92188473807378,2
TCGA-CV-7247-01A,4.71536792747199,6.84237443610479,-15.8051117274545,2
TCGA-CV-7252-01A,7.63604282648736,9.6935672934405,-18.9757757059901,2
TCGA-CV-7255-01A,6.53555764492788,4.41687502101194,-10.1016249168422,2
TCGA-CV-7410-01A,4.16209393678968,0.940918147193901,-18.151907181416,2
TCGA-CV-7411-01A,9.78550203916451,2.71578648896893,-7.86174561288268,2
TCGA-CV-7413-01A,12.5895203823228,14.9654090456699,-22.8887862377986,2
TCGA-CV-7425-01A,1.60132832805668,0.763619081045849,-5.11398828663063,2
TCGA-CV-7428-01A,14.4135562242863,18.084169828558,-20.9765525542793,2
TCGA-CV-7430-01A,11.0049754916388,1.60422512554317,-10.7050715909886,2
TCGA-CV-7433-01A,8.57061008158198,19.1249218053033,-16.0446015722813,2
TCGA-CV-7434-01A,9.70294404998346,12.9234614780175,-27.1182383681454,2
TCGA-CV-7435-01A,1.46513735156768,-2.66787017833123,-9.71867278843552,2
TCGA-CV-7438-01A,9.50759301429299,15.2527958685796,-27.2615200750116,2
TCGA-CV-7440-01A,16.5482402868765,-0.297487565516711,-12.6848762212347,2
TCGA-CV-A45O-01A,8.07228295942552,14.5762014431358,-16.988796934004,2
TCGA-CV-A45P-01A,17.6801957124014,10.7509086009178,-18.6246035962594,2
TCGA-CV-A45Q-01A,10.7985266714244,6.16904460961854,-28.8230030757556,2
TCGA-CV-A45T-01A,13.4689111457691,13.7203051406093,-24.1034567094065,2
TCGA-CV-A45U-01A,11.7586853081238,14.3138840268202,-22.1311653805877,2
TCGA-CV-A45X-01A,7.02718730039593,13.5185152542828,-15.8575848406386,2
TCGA-CV-A45Y-01A,6.82499854410889,-0.985378783000602,-23.8842469835784,2
TCGA-CV-A461-01A,12.0715407878326,19.8956809840628,-23.0607002648851,2
TCGA-CV-A464-01A,11.764332613717,14.3251319681903,-23.8193138263607,2
TCGA-CV-A465-01A,10.4699229737022,13.7478096888778,-20.2893350366794,2
TCGA-CV-A6JD-01A,11.4465486058579,6.92423962256107,-28.5670956607768,2
TCGA-CV-A6JE-01A,12.208558207912,7.29414279153223,-30.1575594823181,2
TCGA-CV-A6JM-01A,9.28465590881224,3.36763552352089,-28.0955673767396,2
TCGA-CV-A6JN-01A,13.7164169878075,10.5222309744531,-28.1374503413653,2
TCGA-CV-A6JT-01A,11.3728728801431,7.71348466041496,-29.8606990192133,2
TCGA-CV-A6JU-01A,7.6237556267787,10.01557038672,-18.6791744774017,2
TCGA-CV-A6JZ-01A,11.29945911977,-0.80680831570341,-24.6228943478278,2
TCGA-CV-A6K1-01A,13.6397898995985,14.1206819336431,-24.22964673163,2
TCGA-CX-7086-01A,-0.0513545427330512,4.0239515764518,-0.961026665912974,2
TCGA-CX-7219-01A,11.3610735670364,-1.50558835746086,-23.8579103774929,2
TCGA-CX-A4AQ-01A,13.2200717556134,16.2660177923315,-24.5696060241987,2
TCGA-D6-6517-01A,7.60050544609091,1.36425378949847,-26.0221104738306,2
TCGA-D6-6823-01A,10.6640208877492,1.93999967198,-10.8600119093109,2
TCGA-D6-8569-01A,8.82478691222691,3.7218895361198,-10.8790801074158,2
TCGA-D6-A6EK-01A,14.3730442705691,11.1807226908129,-26.8309410883198,2
TCGA-D6-A6EM-01A,13.9119810089529,11.1454651206939,-25.6919583373345,2
TCGA-D6-A6EN-01A,11.5772451033305,2.89698509591433,-27.3111769163016,2
TCGA-D6-A6EO-01A,8.51535582431445,22.0720234960144,-15.6395567077627,2
TCGA-D6-A6EP-01A,6.49803340447107,0.316245644936607,-24.4454975037275,2
TCGA-D6-A6EQ-01A,11.5612534852472,7.72639435654934,-29.052979823356,2
TCGA-D6-A6ES-01A,12.8702953660656,19.6855171112589,-24.742450905106,2
TCGA-D6-A74Q-01A,9.60549696972216,-2.34517703897599,-17.3302829616465,2
TCGA-DQ-5624-01A,3.88696606457412,-3.61352719110607,-9.55493474382966,2
TCGA-DQ-5625-01A,1.36682606270311,0.799341617642117,-6.16924046151279,2
TCGA-DQ-5630-01A,10.3841297211304,15.2482919326837,-25.4654548900332,2
TCGA-DQ-5631-01A,1.38758814891336,2.82423463201157,-5.56971513292504,2
TCGA-DQ-7591-01A,4.40033002771923,6.51205879938221,-15.8754930116785,2
TCGA-DQ-7592-01A,3.52678704551224,-3.20622075915524,-9.60551212986217,2
TCGA-F7-8489-01A,6.40380817345883,10.606979969473,-15.5351533373674,2
TCGA-F7-A50J-01A,13.1294842508142,13.4442585393482,-23.8058687191625,2
TCGA-F7-A61S-01A,10.9385312539918,-0.354093377661269,-25.2338643782915,2
TCGA-F7-A61V-01A,8.27774382816434,21.5791110569449,-15.5051954337799,2
TCGA-F7-A61W-01A,11.1667358668523,13.5883810372648,-21.5539658157844,2
TCGA-F7-A620-01A,12.4019255728813,13.2953223688329,-22.8707807872735,2
TCGA-F7-A622-01A,12.7585446048479,14.1744265104314,-23.8692282284229,2
TCGA-H7-8502-01A,15.4553793187429,-0.263521010173536,-12.8586480387249,2
TCGA-H7-A6C4-01A,11.7917683441616,19.8070732794064,-22.990348338818,2
TCGA-H7-A76A-01A,10.4562854829627,24.3598578469549,-17.6251567667114,2
TCGA-HD-7229-01A,9.07116362369826,9.04590056022338,-29.789210169584,2
TCGA-HD-8314-01A,10.0880098211261,-3.48849450747575,-19.5641785891761,2
TCGA-HD-A633-01A,12.4784809791735,11.1157855964781,-25.6651370190976,2
TCGA-HD-A6I0-01A,14.0390064674865,11.0025993601323,-25.8176612406639,2
TCGA-IQ-7630-01A,10.2407175410993,13.4451001620521,-26.5458675937588,2
TCGA-IQ-7631-01A,10.1405877030302,5.7622706232496,-28.6792742073095,2
TCGA-IQ-A61G-01A,14.4334371252687,21.4761190813547,-19.0966746771568,2
TCGA-IQ-A61J-01A,2.53879623181914,7.90588480142251,-16.8607435326619,2
TCGA-IQ-A61O-01A,5.93991695244092,0.245104315627663,-23.5061305387878,2
TCGA-IQ-A6SH-01A,7.21582696277348,11.4011615908107,-16.9502539776423,2
TCGA-KU-A66S-01A,18.4092739539718,13.2361093779921,-18.4996141530029,2
TCGA-MT-A51X-01A,8.37831217821736,12.7809986885563,-17.5621443614636,2
TCGA-MT-A67A-01A,0.641273025555168,3.32968402613204,1.79905861662789,2
TCGA-MT-A67D-01A,13.741837367564,21.0760473508172,-19.6432464261063,2
TCGA-MT-A7BN-01A,9.48962946365019,3.24446062653184,-28.2799716085037,2
TCGA-MZ-A7D7-01A,11.8043796517707,21.7385533095231,-19.0121725853816,2
TCGA-P3-A5QA-01A,11.3374128839834,-3.39428294892656,-21.5508403501538,2
TCGA-P3-A6SX-01A,4.78945385374389,3.89272109370468,-16.079034325739,2
TCGA-P3-A6T2-01A,17.3735100029674,0.687011647061025,-12.4886158113408,2
TCGA-P3-A6T3-01A,8.12029517896259,4.02469632901501,-10.8225339418175,2
TCGA-P3-A6T5-01A,9.04531823507912,16.9613406648033,-17.4309404580875,2
TCGA-P3-A6T7-01A,12.3773702509917,19.4305481133604,-24.8846700205635,2
TCGA-P3-A6T8-01A,2.05353980415707,1.77159629114954,-7.08044732258704,2
TCGA-QK-A64Z-01A,10.0294293033729,13.5684077292093,-26.6476532445963,2
TCGA-QK-A652-01A,11.7493818465378,14.0345165362009,-22.1614588558027,2
TCGA-QK-A6IH-01A,11.4348989314388,7.65810758076778,-29.2075335037235,2
TCGA-QK-A6II-01A,10.1936996828412,2.91064246130997,-27.9432566014761,2
TCGA-QK-A6IJ-01A,13.7534993239191,10.525125743152,-28.0685275335424,2
TCGA-QK-A8Z7-01A,18.6760647457454,11.4058704628398,-18.2804011478052,2
TCGA-QK-A8ZB-01A,9.80312536626891,16.0137603850895,-18.4663061380693,2
TCGA-RS-A6TO-01A,16.6341389685076,-0.29622085280419,-12.6563906623624,2
TCGA-RS-A6TP-01A,17.9945440630627,11.4546053528299,-18.5441111859019,2
TCGA-T2-A6WZ-01A,11.9397135265269,7.23057984164894,-30.6991494615931,2
TCGA-TN-A7HI-01A,11.8623212595453,7.6764041149043,-27.8779319055857,2
TCGA-TN-A7HL-01A,9.50578144184197,19.1860258948747,-28.5004552931784,2
TCGA-UF-A7J9-01A,10.8182078879392,22.2986875015212,-18.2864560718015,2
TCGA-UF-A7JC-01A,0.208698627331747,3.85511039533433,-1.58236518523356,2
TCGA-UF-A7JD-01A,4.55751016847283,4.06580945540503,-13.5424592980993,2
TCGA-UF-A7JF-01A,8.58914190545004,22.0718627807445,-15.6801165661872,2
TCGA-UF-A7JH-01A,12.3721584493158,2.85966027945533,-25.6576112692428,2
TCGA-UF-A7JJ-01A,9.82210262539529,16.0307139917803,-18.4719281567812,2
TCGA-UF-A7JK-01A,4.67221998528267,2.56578412621969,-12.424084804098,2
TCGA-UF-A7JS-01A,14.0363940069731,14.2604461610658,-24.081689328428,2
TCGA-UF-A7JT-01A,11.9612686374173,2.76482296285416,-26.7560258591407,2
TCGA-WA-A7GZ-01A,6.73854528189097,12.0683345555036,-16.0460860920111,2
TCGA-WA-A7H4-01A,1.18079630760023,-2.63201167167922,-11.69195737286,2
TCGA-BA-4075-01A,16.5449758615068,-1.22116859008096,-9.06012893222541,3
TCGA-BA-5151-01A,16.1192485231313,-5.12380638422462,0.0130735291140116,3
TCGA-BA-5559-01A,11.0314124062111,-11.1372853748639,12.9262127755941,3
TCGA-BA-6871-01A,18.9040351919639,-4.02205966142174,-6.07352516274707,3
TCGA-BA-6873-01A,16.7125299415708,-5.64578318309749,1.62393182285422,3
TCGA-BA-A4IF-01A,18.3085209270515,-7.14539662179244,7.57517938905299,3
TCGA-BA-A4II-01A,13.55895655585,-11.9623774237498,15.0571168045864,3
TCGA-BA-A6DJ-01A,15.9401954024203,-0.770995082960014,-8.6413212670074,3
TCGA-BA-A8YP-01A,11.0983500085137,-8.06461945003505,11.9832060324958,3
TCGA-BB-4223-01A,17.3694468526115,-10.7255007276517,7.22227404698372,3
TCGA-BB-8596-01A,8.35560900849602,-17.5027701153011,11.2031528696136,3
TCGA-C9-A480-01A,16.9859141822843,-4.30178733121729,-6.75371438284515,3
TCGA-CN-4723-01A,5.85830535664983,-5.87126008582034,16.9144220756619,3
TCGA-CN-4734-01A,16.0194667879937,-5.04353422305006,-0.204582758550317,3
TCGA-CN-4735-01A,10.8851639357479,-15.2945147386118,11.8318133089473,3
TCGA-CN-5356-01A,14.1711081207636,-4.12102997068655,-0.460719910146034,3
TCGA-CN-5363-01A,13.5212169942059,-3.94077460037077,-0.743533329948426,3
TCGA-CN-5366-01A,11.8194314076819,-10.9386092384242,12.7041078078601,3
TCGA-CN-5369-01A,17.799739239172,-7.03528786430633,7.29442415122538,3
TCGA-CN-5370-01A,14.0846292769675,-3.59820979952877,0.69687186661347,3
TCGA-CN-5374-01A,17.4941241257685,-10.0279255125716,6.94081365135617,3
TCGA-CN-6011-01A,5.92529904744763,-5.80256089222782,16.7844872766057,3
TCGA-CN-6022-01A,17.3277524863603,-7.08707514193217,-0.164789852276182,3
TCGA-CN-6992-01A,13.8507059740372,-3.69061971714735,-0.0506025851482194,3
TCGA-CN-A642-01A,17.5482521819375,-5.00981447243795,-6.75492805325273,3
TCGA-CN-A6V7-01A,17.5877484439786,-9.7183072205167,6.67204229731109,3
TCGA-CQ-5327-01A,18.3888852150696,-4.00814345098264,-6.65640734137997,3
TCGA-CQ-5329-01A,18.0745181778321,-1.0302436919384,-11.83574148573,3
TCGA-CQ-5331-01A,16.6803469846711,-5.80165104149092,3.09961369891282,3
TCGA-CQ-5334-01A,19.0971382860037,-1.85006929905711,-8.72437327124916,3
TCGA-CQ-6221-01A,11.988467519732,-15.2024289187116,11.736735836825,3
TCGA-CQ-6224-01A,14.840790398043,-3.39263665035592,-6.65038534465653,3
TCGA-CQ-7068-01A,18.8485142378538,-3.41871654986571,-6.54749519259957,3
TCGA-CQ-7071-01A,19.518953899864,-2.01109163921347,-9.15231330829916,3
TCGA-CQ-A4CA-01A,11.060058659215,-8.76384907595112,12.2204821897453,3
TCGA-CQ-A4CB-01A,17.3670741101918,-1.52616002499276,-13.070105617343,3
TCGA-CR-5250-01A,7.76291266752764,-18.0694524067573,10.9667415953513,3
TCGA-CR-6478-01A,13.2920774014219,-11.7744928312193,13.2544524720138,3
TCGA-CR-6484-01A,17.4264252480551,-5.82361119238041,-4.10641404181139,3
TCGA-CR-6493-01A,19.1938882514315,0.148039676316182,-9.04458867895729,3
TCGA-CR-7373-01A,14.3238281600381,-0.852459692806951,-8.05399950718727,3
TCGA-CR-7376-01A,8.60904030607407,-17.2706854710231,11.2561900168393,3
TCGA-CR-7377-01A,12.4860711964385,-15.1941556688884,11.681759339889,3
TCGA-CR-7379-01A,14.857269260935,-3.34765686250377,-7.14189170825349,3
TCGA-CR-7389-01A,10.9866912591495,-9.19736566267667,12.4719615107065,3
TCGA-CR-7395-01A,16.7502885425481,-5.760167943503,2.48181151993349,3
TCGA-CR-7399-01A,16.2306265515601,-6.69578118306998,6.48539628795027,3
TCGA-CV-5430-01A,6.19685833606691,-5.37802648246881,16.0943751025112,3
TCGA-CV-5439-01A,14.6664985368437,-3.22714741192681,-7.51172117771169,3
TCGA-CV-5442-01A,18.4409836510864,-4.15072949898425,-4.74017084979752,3
TCGA-CV-6436-01A,17.1518873087454,-4.49239738340849,-6.76097818299385,3
TCGA-CV-6937-01A,17.2969970165519,-6.93989541917453,9.20562161816304,3
TCGA-CV-6943-01A,7.7149867775353,-18.1189230455099,10.939743435857,3
TCGA-CV-6948-01A,17.1207268920316,-7.10077125170199,5.43682365739948,3
TCGA-CV-6959-01A,13.9943306471459,-0.862341062615922,-7.91782099290648,3
TCGA-CV-6961-01A,7.77849096818214,-18.048321790267,10.9556814391728,3
TCGA-CV-7090-01A,13.490363962417,-3.92545666855756,-1.00139735815997,3
TCGA-CV-7091-01A,15.9603060104106,-6.55567960442182,6.28294138962602,3
TCGA-CV-7097-01A,16.4663044752486,-5.53470941943073,2.30444436974465,3
TCGA-CV-7100-01A,13.3382152089321,-11.8387000743454,14.4817768997512,3
TCGA-CV-7102-01A,10.9984277924091,-8.72970165779461,12.2766139166686,3
TCGA-CV-7180-01A,19.2602223548163,0.143252113853499,-8.87732874891698,3
TCGA-CV-7235-01A,5.86375604495204,-5.85573808689061,16.8923660732642,3
TCGA-CV-7248-01A,6.41241873383258,-4.9358463107435,15.4048044937073,3
TCGA-CV-7250-01A,17.307954516682,-6.96042732966658,6.49067004542507,3
TCGA-CV-7406-01A,16.5853569306592,-11.6175474195343,8.83444233013668,3
TCGA-CV-7415-01A,17.4135266637184,-6.96104153454379,8.9776065753162,3
TCGA-CV-7421-01A,16.8627421627946,-11.6357379552251,8.41789254673976,3
TCGA-CV-7423-01A,13.4178602765633,-11.8525402929985,14.765597688274,3
TCGA-CV-7446-01A,6.12251992281462,-5.56613666181373,16.3700502968758,3
TCGA-CV-7568-01A,13.7125401577618,-1.52846431735127,-6.93599280325674,3
TCGA-CV-A45Z-01A,17.9599301679655,-9.12191002481717,5.36566090541627,3
TCGA-CV-A463-01A,18.0850766927665,-1.46954375066151,-8.45541605229219,3
TCGA-CV-A6JO-01B,17.488635812036,-5.10949155379159,-4.99945266663273,3
TCGA-CX-7082-01A,13.1490030381007,-11.7522788004117,11.5801375198968,3
TCGA-CX-7085-01A,17.1217252377612,-12.1632657851498,7.93018603810169,3
TCGA-D6-6515-01A,12.4650004097378,-12.5021974186629,12.2684931613233,3
TCGA-D6-6826-01A,17.1624994362599,-6.71122678575426,-0.866888829941453,3
TCGA-D6-6827-01A,17.0506480385912,-11.3264456729933,8.03839950436179,3
TCGA-D6-8568-01A,11.0549993958592,-10.1028158015999,12.7348811660356,3
TCGA-F7-8298-01A,15.1638813160324,-11.801272007189,10.3882914447785,3
TCGA-F7-A623-01A,12.6595080838227,-15.1424971170827,11.6606898449642,3
TCGA-F7-A624-01A,18.6230387559926,-3.59887133064285,-11.2951230998155,3
TCGA-H7-8501-01A,17.9706591730698,0.482860511274767,-12.5259964175871,3
TCGA-HD-7753-01A,11.5104215436093,-9.8689242461212,12.1038696685016,3
TCGA-HD-7831-01A,10.4434091434518,-15.6059853131494,11.7544780680534,3
TCGA-HD-8224-01A,17.5036954098593,-7.44473354432879,4.49615194292585,3
TCGA-HD-8635-01A,13.3945686196157,-12.0193179527012,11.7748850509654,3
TCGA-HD-A4C1-01A,16.7542970670141,-5.83576321984346,2.47119109410726,3
TCGA-HD-A634-01A,18.0896445414829,-2.77531573900148,-12.248807114911,3
TCGA-HD-A6HZ-01A,17.3720913038921,-5.93126484442725,-3.58386695676452,3
TCGA-IQ-A61E-01A,17.6948823031824,-2.18069762833487,-12.7668363917251,3
TCGA-KU-A66T-01A,13.237228555651,-12.0784201625778,12.3668936903452,3
TCGA-P3-A5Q6-01A,17.665389579442,-7.67920271063387,4.42059455134835,3
TCGA-QK-A6IF-01A,17.0701169812275,-11.3809054333237,7.99622938623239,3
TCGA-QK-A6IG-01A,19.093454400025,-2.94931150711259,-6.90343050827984,3
TCGA-QK-A8Z9-01B,11.7450805269736,-10.5306047877173,12.7944176920067,3
TCGA-QK-AA3K-01A,13.6020119413653,-12.1317109581429,11.5623566460735,3
TCGA-T2-A6WX-01A,17.423501564595,-1.24003160677074,-8.72900255116567,3
TCGA-T2-A6X0-01A,17.8620920929535,-1.3494877065944,-9.14385344735943,3
TCGA-T2-A6X2-01A,18.1962709724331,-4.41023756866803,-4.71381346672671,3
TCGA-T3-A92M-01A,12.5858028227068,-3.83222606440628,-0.763216475088826,3
TCGA-UF-A71D-01A,14.9728517641227,-0.462606500640587,-8.47622091800183,3
TCGA-UF-A7JA-01A,5.95330614182295,-5.80038194262716,16.7597570571672,3
TCGA-UF-A7JV-01A,18.8907148727048,-2.41867307751257,-7.70206172630739,3
