Sample,X,Y,Z,Cluster
TCGA-4P-AA8J-01A,-81.6292242547555,-11.8759601765337,64.2060540446976,1
TCGA-BA-4076-01A,-92.6204868125514,7.483586642325,63.1621435986121,1
TCGA-BA-5152-01A,-85.0712247536189,-5.51961420671777,57.2352725390651,1
TCGA-BA-5557-01A,-80.9313413610959,-6.56529884794139,57.9835150965188,1
TCGA-BA-5558-01A,-88.7520044655442,-4.6358654329386,50.9768855972047,1
TCGA-BA-6869-01A,-82.1265629868954,-10.6349765357059,51.1820797182921,1
TCGA-BA-6870-01A,-82.3761750725093,-7.28490450191774,65.4349498800493,1
TCGA-BA-7269-01A,-86.6041175807417,-4.83067849238243,60.2755273019079,1
TCGA-BA-A4IG-01A,-80.2088175499455,1.70887349379366,61.5737413577535,1
TCGA-BA-A6D8-01A,-81.2051258408329,-4.52599200280024,59.3842206029827,1
TCGA-BA-A6DA-01A,-84.6828448588329,-1.84171142400758,57.881327644909,1
TCGA-BA-A6DD-01A,-81.4736044791612,-3.0103040158925,67.1474074381939,1
TCGA-BA-A6DL-01A,-86.4879774912575,-13.5639318844936,47.2894022177607,1
TCGA-BA-A8YP-01A,-83.3951732225199,2.19601569679186,61.113359617602,1
TCGA-BB-A5HZ-01A,-91.4034405572165,-4.51941120583042,56.3305231265755,1
TCGA-CN-4722-01A,-84.9677430188081,-7.83236265211216,52.8159488504781,1
TCGA-CN-4730-01A,-85.395405654297,-2.34632040441742,61.078802218757,1
TCGA-CN-4731-01A,-80.2371390355583,4.1125167220703,58.8110366036431,1
TCGA-CN-4734-01A,-88.1879329974372,1.22223882579792,55.4388445901478,1
TCGA-CN-5364-01A,-83.5112030717073,-6.33395738533434,55.4672872934839,1
TCGA-CN-5365-01A,-75.5767142580041,-0.120259587731893,55.8453044503565,1
TCGA-CN-5369-01A,-83.534615107776,-4.07903672485815,49.3991667406121,1
TCGA-CN-6021-01A,-82.1684321836666,-2.53417533462065,63.3373100792136,1
TCGA-CN-6995-01A,-78.3942236595465,-1.73102444980017,61.4469070508384,1
TCGA-CN-6998-01A,-90.6638255509101,3.94577611090021,63.2916316849707,1
TCGA-CN-A63V-01A,-79.2348322192787,-5.16114714492997,67.6383801744423,1
TCGA-CN-A642-01A,-78.2754307226159,-8.66375074210212,60.3708666940356,1
TCGA-CQ-5324-01A,-81.6172780995334,2.99921812098817,56.5851102494967,1
TCGA-CQ-5327-01A,-87.7310760399613,-13.8150422713712,67.9151258256749,1
TCGA-CQ-5330-01A,-92.1774848474143,-6.80372117918788,59.3449237863457,1
TCGA-CQ-5331-01A,-93.9171220036408,-25.8589390214588,112.268077938068,1
TCGA-CQ-5333-01A,-73.7300977192422,-11.6544683691901,65.8660804542281,1
TCGA-CQ-6219-01A,-90.376578929979,3.40348754201663,63.6709035465519,1
TCGA-CQ-6228-01A,-81.9398065346303,0.348673229344446,62.3865611782313,1
TCGA-CQ-A4CA-01A,-84.0066415935121,-6.55737227967191,69.8926945349794,1
TCGA-CQ-A4CB-01A,-91.7466091383495,-3.92843732298473,59.6856443615099,1
TCGA-CQ-A4CE-01A,-91.2037094604753,-2.71829504283593,62.0253570955924,1
TCGA-CR-5247-01A,-84.2212836893518,2.57727898767569,55.0408939959478,1
TCGA-CR-6491-01A,-88.9045580976117,1.72470323223436,53.1544686266479,1
TCGA-CR-6493-01A,-90.3019730256622,-6.15374385819589,59.0957318237797,1
TCGA-CR-7395-01A,-93.6894357926167,0.0171343723223313,62.5452789698898,1
TCGA-CR-7401-01A,-88.4679722010767,-6.73800268983678,63.2038351077349,1
TCGA-CV-5441-01A,-88.2345614101966,1.90117293013668,57.7516559242558,1
TCGA-CV-5442-01A,-90.8914507117935,-2.36360932148458,65.1954546925092,1
TCGA-CV-5973-01A,-86.6649639326875,2.90298342364928,56.8055979499954,1
TCGA-CV-5976-01A,-82.594781823493,-12.4935361023933,67.2050221327763,1
TCGA-CV-5977-01A,-89.7444018954822,-0.643476479881233,67.0181817011731,1
TCGA-CV-5979-01A,-82.5701617145206,-13.5655412771025,49.1877830143622,1
TCGA-CV-6003-01A,-87.5884507702934,-15.2095350184194,50.5304583089295,1
TCGA-CV-6436-01A,-88.2744563346839,0.906435210327145,56.9014559697395,1
TCGA-CV-6937-01A,-92.3476799576261,0.137250832315034,56.1829592766874,1
TCGA-CV-6942-01A,-85.3266985617345,-17.4401202310768,48.0064057256079,1
TCGA-CV-6952-01A,-84.8560753251337,-3.94701267224382,60.8688711176236,1
TCGA-CV-6953-01A,-87.3291904572406,-2.33356931476519,56.5095590577469,1
TCGA-CV-6954-01A,-80.0608517484808,0.885923663917239,53.2637887757554,1
TCGA-CV-6955-01A,-82.7727684287579,-6.95823885820406,51.9380394810963,1
TCGA-CV-7089-01A,-86.9552241540086,0.166471888357257,57.0390095773307,1
TCGA-CV-7095-01A,-77.0929564226658,0.808676861886595,62.9513773268852,1
TCGA-CV-7180-01A,-90.3682384019842,0.686603435956656,64.0818269588737,1
TCGA-CV-7183-01A,-84.1944659541631,-2.19399313902702,60.2808039937371,1
TCGA-CV-7253-01A,-76.7855518275739,3.85806924766208,57.7226157216678,1
TCGA-CV-7406-01A,-77.133572665832,-3.21688936482224,55.4032712152818,1
TCGA-CV-7411-01A,-89.5225453745061,0.371928022461908,53.8549745224129,1
TCGA-CV-7413-01A,-85.6904411334993,-0.632868341349845,51.4735432283857,1
TCGA-CV-7423-01A,-96.0542534368658,-1.87805209978227,56.0370396253946,1
TCGA-CV-7425-01A,-93.6054068978031,1.82379277031321,59.4283985603131,1
TCGA-CV-7433-01A,-82.9796978825118,0.460906591834898,55.6129252866492,1
TCGA-CV-A45O-01A,-90.1173173349701,-0.38152794187916,60.8827865144978,1
TCGA-CV-A45P-01A,-88.2908678021555,2.4598136127015,56.1931156648809,1
TCGA-CV-A45Q-01A,-89.8338190229646,-3.94584123950042,61.9884528431029,1
TCGA-CV-A45T-01A,-72.1876578704466,-6.4370244668669,60.8231390494142,1
TCGA-CV-A45Y-01A,-80.8149968521396,-14.8302541281697,57.1273997988878,1
TCGA-CV-A468-01A,-77.6831620582715,-5.45256918009298,59.3717446828141,1
TCGA-CV-A6JD-01A,-84.9249567645877,-1.47612868841502,68.5197015932685,1
TCGA-CV-A6JE-01A,-88.3695780531741,-8.65665062523895,57.3491014052111,1
TCGA-CV-A6JM-01A,-82.6344066533803,-2.11860290695505,63.7072272841456,1
TCGA-CV-A6JN-01A,-86.8437924498539,-5.3674634532588,60.7704446209204,1
TCGA-CV-A6JO-01B,-80.2945349515166,-9.37670985981,62.3456764807608,1
TCGA-CV-A6JT-01A,-83.1242841876908,-8.93727996332732,65.1319608686388,1
TCGA-CV-A6JU-01A,-84.3868125754192,0.709339032753219,56.4873703741649,1
TCGA-CV-A6K1-01A,-84.7277798487687,0.135211393346788,66.4201756960736,1
TCGA-CV-A6K2-01A,-78.3832604074856,0.33775777311958,61.3621964391013,1
TCGA-CX-7082-01A,-86.2171183910914,-5.17365349153323,55.9866361166797,1
TCGA-D6-6516-01A,-87.4253345782844,3.62397120655252,53.9663470765056,1
TCGA-D6-A4ZB-01A,-92.5063057465247,-7.82942291862397,54.677601092401,1
TCGA-D6-A6EK-01A,-78.0645291397216,-8.16286080270826,59.0804232028232,1
TCGA-D6-A6EM-01A,-79.0516381234359,-10.2761898209748,65.5885928916306,1
TCGA-D6-A6EN-01A,-83.1557592319728,-3.63741186920682,58.7007786663233,1
TCGA-D6-A6EP-01A,-83.4544928895509,-0.426035404462842,68.7033377247864,1
TCGA-D6-A6EQ-01A,-86.1855052726725,-4.84495860729994,61.9503254376237,1
TCGA-D6-A6ES-01A,-83.0622696538919,-6.58833828951881,57.2089459485996,1
TCGA-DQ-5624-01A,-82.8306041731912,-0.208569867640199,55.830577399979,1
TCGA-DQ-7592-01A,-87.554673696794,-8.61787534650499,53.243361717484,1
TCGA-F7-A50J-01A,-79.7945158763033,-9.13486999851959,63.7846306781817,1
TCGA-F7-A61V-01A,-85.604200992122,-4.53422952007528,67.3684416801441,1
TCGA-F7-A620-01A,-86.0502171363754,-0.10277455241489,69.5192502519758,1
TCGA-F7-A622-01A,-83.8824154053117,1.02760335452879,59.4818230721891,1
TCGA-F7-A623-01A,-91.1365463023684,-0.632515724639505,62.6796215610142,1
TCGA-H7-7774-01A,-89.3782256433906,-6.97779466507889,50.4778487723287,1
TCGA-H7-A6C4-01A,-83.1856094914694,-8.84231461879527,68.4192869930542,1
TCGA-HD-8634-01A,-85.0635037257632,3.81939284444254,60.1172352739539,1
TCGA-HD-A6HZ-01A,-82.3103838557018,-1.40635195203058,48.1108989741297,1
TCGA-HD-A6I0-01A,-81.3849176416086,-1.82342829901672,67.4722214786248,1
TCGA-IQ-7630-01A,-79.4918956715318,-13.61151148774,65.3476245400675,1
TCGA-IQ-7631-01A,-77.047607909612,1.69309267240925,64.0785535539073,1
TCGA-IQ-7632-01A,-91.7126702996733,-3.69755398077534,61.2839301300989,1
TCGA-MT-A51W-01A,-89.7205231044084,-5.69709849354569,63.6822262039001,1
TCGA-MT-A67A-01A,-83.5168764506212,-5.79731348309678,64.4009096860923,1
TCGA-MT-A67D-01A,-73.8909913240196,-3.02240903064585,61.7612113801841,1
TCGA-MT-A67F-01A,-81.9957935099377,-6.21005275821262,58.9539846981844,1
TCGA-MT-A7BN-01A,-76.649726428159,3.66563186058238,68.6746634369832,1
TCGA-P3-A5QA-01A,-79.4940154088319,-5.8881848694438,63.5193044568221,1
TCGA-P3-A6T0-01A,-73.4411495397664,-0.684620599187617,54.5732089357657,1
TCGA-P3-A6T2-01A,-79.3107587953833,-5.31691850896826,54.3466965762019,1
TCGA-P3-A6T3-01A,-81.5631994255684,-10.4346468351764,67.2433851634506,1
TCGA-P3-A6T5-01A,-85.8304495211113,-3.02476826049517,67.6149651691571,1
TCGA-P3-A6T7-01A,-72.1282498791994,-5.27259028172217,63.3018599439029,1
TCGA-QK-A6IG-01A,-75.4757601295973,-5.40772505897094,60.0814831158921,1
TCGA-QK-A6IH-01A,-88.0708077966847,-8.86704472374517,63.0560135859164,1
TCGA-QK-A6II-01A,-77.494635584943,-2.6178627974977,54.9016191649964,1
TCGA-QK-A6IJ-01A,-77.6807451382483,2.7011484786744,59.2174557538997,1
TCGA-QK-A8ZB-01A,-93.3689512225275,2.20242940888894,59.1236104885614,1
TCGA-QK-AA3K-01A,-85.5773750339061,-6.33438260855341,52.0760077805486,1
TCGA-T2-A6WX-01A,-90.0933687999643,-10.7016087546536,64.755826738521,1
TCGA-T2-A6WZ-01A,-85.0832171403028,-5.23504057644775,70.5770870786908,1
TCGA-T2-A6X2-01A,-90.5160237675248,-3.77395730868838,58.0094679951075,1
TCGA-TN-A7HI-01A,-77.2132013903743,2.93777001111677,55.9702870277678,1
TCGA-TN-A7HJ-01A,-79.9659266897864,-2.61453431221189,57.5106471402085,1
TCGA-TN-A7HL-01A,-86.9512767738844,-8.42233533126888,66.9170611282243,1
TCGA-UF-A7JD-01A,-79.73522028689,-9.44675383605303,58.1161413222447,1
TCGA-UF-A7JF-01A,-81.7766448302563,-7.0490289810003,60.5517339276219,1
TCGA-UF-A7JH-01A,-86.7995420991745,-3.50012919048863,69.2780346557798,1
TCGA-UF-A7JJ-01A,-80.7787779174146,-3.94688306517618,57.2717235609468,1
TCGA-UF-A7JO-01A,-84.2130225425925,-15.227038804294,56.6606897546195,1
TCGA-UF-A7JS-01A,-86.5604472285838,-7.58238816854187,55.8850463340784,1
TCGA-UF-A7JT-01A,-92.9050657515355,-5.06038963355108,61.5277579585096,1
TCGA-UF-A7JV-01A,-78.0509049418459,-13.8582928342715,55.3328943502038,1
TCGA-WA-A7GZ-01A,-88.5299178518089,-5.08549978004871,51.2460248183234,1
TCGA-BA-4074-01A,33.1199269090662,6.20985711509873,-45.2178866878568,2
TCGA-BA-4075-01A,38.9905169939797,-3.04307358495767,-46.4952646213228,2
TCGA-BA-4077-01B,41.8130389920027,3.5577645186932,-41.913497876879,2
TCGA-BA-4078-01A,31.5329581688822,6.81158025617366,-35.5669260998116,2
TCGA-BA-5151-01A,29.8851449561923,3.92557002983989,-9.59764839773796,2
TCGA-BA-5153-01A,31.8830967644771,15.7807713571379,-21.244994173791,2
TCGA-BA-5555-01A,31.1711374794888,8.7590840756956,-26.9306201925893,2
TCGA-BA-5556-01A,24.5022777442444,-0.798129474974685,-0.588682372853923,2
TCGA-BA-5559-01A,28.9573431168212,14.0930708059388,-27.9951722276294,2
TCGA-BA-6868-01B,22.2133421318082,-7.47409351526511,4.47782598624295,2
TCGA-BA-6871-01A,32.9965596094759,4.81662472924723,-28.4131928201408,2
TCGA-BA-6872-01A,20.1971542261458,-13.1736596730257,2.76019121414986,2
TCGA-BA-6873-01A,27.2047489162009,-8.32131247425471,0.918863780503999,2
TCGA-BA-A4IF-01A,33.6700265118861,1.23185834053426,-22.9492655337576,2
TCGA-BA-A4IH-01A,24.6878526154828,2.04453080817524,-19.2465374244165,2
TCGA-BA-A4II-01A,35.6852062635037,1.88526332983156,-33.3067913724252,2
TCGA-BA-A6DB-01A,37.1747308026275,8.08444394349548,-38.9074323691733,2
TCGA-BA-A6DE-01A,23.6649689150457,-9.63635148336516,2.03582655298354,2
TCGA-BA-A6DG-01A,41.4125704223918,-4.60598415925361,-17.3740833326881,2
TCGA-BA-A6DI-01A,27.8249603033227,-0.52174122672763,-3.43789443178755,2
TCGA-BA-A6DJ-01A,33.1492330220372,-2.36677265280286,-45.6508110443738,2
TCGA-BB-4217-01A,21.6717611262018,-3.2389934836571,8.08969117632101,2
TCGA-BB-4223-01A,30.1192499809099,6.25569496517213,-24.9679869142747,2
TCGA-BB-4224-01A,35.5863498500516,11.1143017098264,-39.0158121697087,2
TCGA-BB-4225-01A,25.8663913737517,10.5357332205695,-29.2793588657619,2
TCGA-BB-4227-01A,35.0482463521699,2.6664417176204,-42.473855361934,2
TCGA-BB-4228-01A,20.0783121049917,7.19336952578207,-30.9519567319191,2
TCGA-BB-8596-01A,35.8745268489713,6.92183038808534,-38.445642579966,2
TCGA-BB-8601-01A,40.0831405292821,5.25355133364349,-36.6175419801859,2
TCGA-BB-A5HU-01A,46.7095543254095,0.472266775390962,-40.5941389990775,2
TCGA-BB-A5HY-01A,42.4837778460263,1.53778033883387,-30.9990705387256,2
TCGA-BB-A6UM-01A,27.065375599424,7.8054532843731,-19.5981251462015,2
TCGA-BB-A6UO-01A,34.9367183741911,0.930067116974749,-47.2736437557398,2
TCGA-C9-A47Z-01A,17.8983148083055,-4.41155422866538,-7.37184035567461,2
TCGA-C9-A480-01A,20.7426147758116,-8.16832661568275,-0.454906675216041,2
TCGA-CN-4723-01A,31.8812097743554,-5.00888428748126,-25.9495422145118,2
TCGA-CN-4725-01A,32.6782052805804,1.25835921560355,-28.4246814603713,2
TCGA-CN-4726-01A,24.7122762352046,-2.09907929947418,-41.6556794750014,2
TCGA-CN-4727-01A,44.5483686793848,-5.20160572529079,-31.3587487616351,2
TCGA-CN-4728-01A,32.3541035421457,-3.9257229472172,-18.1079698511421,2
TCGA-CN-4729-01A,17.4637294317832,-13.1821249510766,-1.51380745572339,2
TCGA-CN-4733-01A,32.9109606313885,-2.05124766987884,-13.4347336462338,2
TCGA-CN-4735-01A,29.9776653874972,-3.44578443683528,-17.4728924737466,2
TCGA-CN-4736-01A,35.296820228384,-2.66565585078806,-13.7835963706287,2
TCGA-CN-4737-01A,32.2949057031172,-2.26398172565776,-15.8133929029794,2
TCGA-CN-4738-01A,26.4619780542103,-7.92217303934979,-8.54686854652449,2
TCGA-CN-4739-01A,27.877861517611,10.0985951341226,-20.9465728543161,2
TCGA-CN-4740-01A,36.1237315260838,-1.53811325786128,-14.754557978618,2
TCGA-CN-4741-01A,41.0543050450663,8.42344661606997,-25.8514110796518,2
TCGA-CN-4742-01A,31.3548670733589,-6.65851643903958,3.30293390248749,2
TCGA-CN-5355-01A,24.8583516021945,-6.00121902840177,5.05513963502262,2
TCGA-CN-5356-01A,32.5334331241936,3.2998286775082,-27.9502897480459,2
TCGA-CN-5358-01A,30.9257899688966,-7.99082598450939,-15.3593263874179,2
TCGA-CN-5359-01A,32.0896594879907,-9.08053679095459,-12.5338998048348,2
TCGA-CN-5360-01A,42.2315311684512,8.04086473483804,-38.0242055567648,2
TCGA-CN-5361-01A,39.3427570983456,-1.22003473993515,-9.37363525688519,2
TCGA-CN-5363-01A,25.9958515523163,-0.220468898298592,-5.97931149334454,2
TCGA-CN-5366-01A,24.3828249613997,-4.50129054066476,4.14505625818458,2
TCGA-CN-5367-01A,46.1012637419126,0.769925621164192,-34.3061431178992,2
TCGA-CN-5370-01A,39.3314052687929,9.85987729348528,-22.4006588472294,2
TCGA-CN-5373-01A,29.6992159221478,-0.0653754648965128,-16.5791848032873,2
TCGA-CN-5374-01A,35.1623181044372,4.83526939506994,-18.5797885447886,2
TCGA-CN-6010-01A,41.2131208998939,-1.23542335289472,-31.2482382621437,2
TCGA-CN-6011-01A,31.2187391323249,0.113484219935595,-18.9109102891319,2
TCGA-CN-6012-01A,35.4359863157797,15.7523430113475,-25.2317481337696,2
TCGA-CN-6013-01A,32.4061896448295,6.78164407489233,-23.6767816358466,2
TCGA-CN-6016-01A,24.6669953518244,-5.64420633154312,-2.87037806005595,2
TCGA-CN-6017-01A,30.887838492123,2.60922294697738,-9.62773003079397,2
TCGA-CN-6018-01A,26.3842689105209,-12.8553387037355,-2.30004641433165,2
TCGA-CN-6019-01A,28.2027001873192,-4.22067465590842,-24.0049925437426,2
TCGA-CN-6020-01A,21.4857700817857,8.45407455671281,-26.3119693319628,2
TCGA-CN-6022-01A,30.7186549618,-2.82709122124228,-20.4151568679829,2
TCGA-CN-6023-01A,34.417370134194,8.16396663536959,-30.447447331049,2
TCGA-CN-6024-01A,36.3203781340048,5.82644103937944,-46.3188565691152,2
TCGA-CN-6988-01A,13.1728272150338,-6.52913378862377,-2.7013528346191,2
TCGA-CN-6989-01A,37.1830182303284,8.1021431929677,-26.3001753350298,2
TCGA-CN-6992-01A,35.2720412318083,2.36970408377143,-29.2149208428013,2
TCGA-CN-6994-01A,38.2502329046098,-3.98155137530265,-22.0919439215756,2
TCGA-CN-6996-01A,33.6484449218815,-9.85031369022858,-17.4915496081209,2
TCGA-CN-6997-01A,38.5888023241688,3.07371672516824,-22.4027963348174,2
TCGA-CN-A497-01A,31.7752802241348,9.42063894514034,-23.1779525141314,2
TCGA-CN-A498-01A,34.5848959837909,-0.346867904289737,-13.0197817740455,2
TCGA-CN-A499-01A,38.3257732239009,0.453832006605424,-17.311359572091,2
TCGA-CN-A49A-01A,40.2455727005775,3.15208395692692,-26.0238998702264,2
TCGA-CN-A49B-01A,32.9789764856744,9.14404222680795,-47.3836865154573,2
TCGA-CN-A49C-01A,26.183855986215,12.7549544509571,-22.0037005702393,2
TCGA-CN-A63T-01A,29.4230935980234,-5.50312032648639,-44.4268915249946,2
TCGA-CN-A63U-01A,23.5187743909086,11.0742701108365,-31.3980370777581,2
TCGA-CN-A63W-01A,21.4678497797294,-14.5039300510985,1.03949832316757,2
TCGA-CN-A641-01A,44.238538658389,6.57525484583631,-44.3805652313747,2
TCGA-CN-A6UY-01A,19.0461638076927,14.8578672483057,-21.1509691654012,2
TCGA-CN-A6V3-01A,38.706146292542,-1.86342248994711,-15.4523231052634,2
TCGA-CN-A6V6-01A,27.0664165155095,5.24503192171097,-25.1513607492057,2
TCGA-CN-A6V7-01A,31.0837325076918,5.37176305533728,-28.80297063437,2
TCGA-CQ-5323-01A,34.3811517964687,7.33541944208283,-27.2557236982382,2
TCGA-CQ-5325-01A,32.5524393797945,-4.22665485608282,-10.337963211365,2
TCGA-CQ-5326-01A,24.1463947051784,-6.68384580902034,-8.51850033833843,2
TCGA-CQ-5329-01A,36.6510053048244,-1.59840359693922,-17.5438538014269,2
TCGA-CQ-5332-01A,39.7372655043175,1.77794334704856,-36.8050260422583,2
TCGA-CQ-5334-01A,20.3338219025427,-10.176134215781,1.33400292036258,2
TCGA-CQ-6218-01A,10.4629725686247,2.12958849080085,-3.45035088765456,2
TCGA-CQ-6220-01A,14.6167716650761,-2.15742873578145,-1.16924064411948,2
TCGA-CQ-6221-01A,20.2057514483584,-5.68414021070558,5.03440918528408,2
TCGA-CQ-6222-01A,36.4344777844003,9.15892179389117,-11.453014275862,2
TCGA-CQ-6223-01A,30.0997791037974,-1.70316458817738,-44.96848939053,2
TCGA-CQ-6224-01A,37.1919441125192,-1.93007062704248,-12.4011298920256,2
TCGA-CQ-6225-01A,28.4795064070129,-7.8688784775117,-47.57509276654,2
TCGA-CQ-6227-01A,24.8054549158262,-5.09743238199414,-9.24141840507663,2
TCGA-CQ-6229-01A,10.3376096465462,-4.28168941216095,-1.13501978010287,2
TCGA-CQ-7063-01A,18.2017945967588,0.393321740108748,2.05965663618807,2
TCGA-CQ-7065-01A,31.6054432748105,-6.53194116812444,-44.3505235303333,2
TCGA-CQ-7068-01A,32.676330986444,6.47162801569879,-10.0508983830138,2
TCGA-CQ-7069-01A,38.6997560411548,3.20210999876827,-34.3665254410205,2
TCGA-CQ-7071-01A,29.9659512228145,-7.23740430336939,-44.7505778856816,2
TCGA-CQ-7072-01A,33.9365130580372,-5.3333093887708,-6.87106776624963,2
TCGA-CQ-A4C6-01A,15.8748803182186,-8.76817983337863,-0.940866042867838,2
TCGA-CQ-A4C7-01A,25.9450324565705,-4.29997476975787,-4.70303507539825,2
TCGA-CQ-A4C9-01A,33.6135964775916,1.36154547758434,-37.325224291569,2
TCGA-CQ-A4CD-01A,47.7677060697942,0.749747488458276,-38.7521186666017,2
TCGA-CQ-A4CG-01A,37.9619964371821,4.42106175802531,-28.7721866483198,2
TCGA-CQ-A4CH-01A,38.4846093506718,5.31067031392189,-32.0515564965436,2
TCGA-CQ-A4CI-01A,40.2588019401054,2.59515908184928,-44.5435621159396,2
TCGA-CR-5243-01A,30.6263414756668,10.6399736716562,-20.6362953681865,2
TCGA-CR-5248-01A,28.5152760790195,1.96959178729883,-28.0152618240046,2
TCGA-CR-5249-01A,29.5757675743548,15.0304893979735,-20.181647735949,2
TCGA-CR-5250-01A,29.3886067138382,5.55222321418185,-22.7291959061989,2
TCGA-CR-6467-01A,31.1276442603264,11.4893029088905,-26.9806164715826,2
TCGA-CR-6470-01A,31.676298236989,12.9029140189455,-21.7398816961453,2
TCGA-CR-6471-01A,35.624249091318,-7.48216170436233,-16.9778632768494,2
TCGA-CR-6472-01A,30.5522106315906,15.1128548720873,-27.8865738849538,2
TCGA-CR-6473-01A,35.3685524876461,2.28249614492462,-37.5573662182418,2
TCGA-CR-6474-01A,21.5500590382695,-4.10129423554861,1.08623705732465,2
TCGA-CR-6477-01A,21.9327355988958,-9.56399306650406,4.06937009836712,2
TCGA-CR-6478-01A,19.9392898485036,-4.51464221195648,1.79149465361803,2
TCGA-CR-6480-01A,28.8159136735177,15.8925355269016,-29.1683063689262,2
TCGA-CR-6481-01A,30.1321761871537,7.81722545731324,-15.948694820874,2
TCGA-CR-6482-01A,34.9047491436135,11.6277796638625,-17.8418809566385,2
TCGA-CR-6484-01A,26.396052322421,8.335756122677,-23.1703715264501,2
TCGA-CR-6487-01A,30.9154290860703,9.61368493500677,-12.3179721128994,2
TCGA-CR-6488-01A,27.5588744443511,-7.85871735809694,-4.88591523764243,2
TCGA-CR-6492-01A,39.810269747153,-9.86737094034416,-20.948307805276,2
TCGA-CR-7364-01A,35.2270769573366,0.599592315918297,-17.5256874647937,2
TCGA-CR-7365-01A,17.0571274637016,-7.64189282146917,0.977318679321826,2
TCGA-CR-7367-01A,31.6769235840145,-4.74635589978616,-10.7390018667899,2
TCGA-CR-7368-01A,32.596510162565,-0.129136284933357,-18.3085344263282,2
TCGA-CR-7369-01A,28.7360621288575,-0.499236720162709,0.815918151845156,2
TCGA-CR-7370-01A,42.6556656284622,2.63346688257225,-21.263223118213,2
TCGA-CR-7371-01A,33.3497184456552,1.96691683400714,-23.40862465298,2
TCGA-CR-7372-01A,24.5270892374433,-3.47947140456995,-2.24375369229869,2
TCGA-CR-7373-01A,41.678260940745,-5.13372206454046,-35.5456567377538,2
TCGA-CR-7374-01A,31.0760458876854,-1.4854695249937,-22.1837715352282,2
TCGA-CR-7376-01A,41.208857328199,-1.29320182325657,-10.9699361116729,2
TCGA-CR-7377-01A,29.7079801771703,-11.0433235410306,-9.53046191574487,2
TCGA-CR-7379-01A,14.7155883934903,-10.8153425212127,0.56639542282469,2
TCGA-CR-7380-01A,31.3314616927889,-7.86664017221145,-1.1263108295251,2
TCGA-CR-7382-01A,38.5290405577223,-2.40619345345434,-17.9360766546973,2
TCGA-CR-7383-01A,40.0850114268193,3.18894237758881,-42.5282828255878,2
TCGA-CR-7385-01A,28.0178459975915,1.14994730820839,-22.286621529385,2
TCGA-CR-7386-01A,32.4387284116504,1.68500095578847,-12.5479826084632,2
TCGA-CR-7388-01A,43.2076735300799,10.8020398957878,-28.0338365963921,2
TCGA-CR-7389-01A,20.4968085832916,-4.27223221062642,1.48328591379601,2
TCGA-CR-7390-01A,32.1907395578598,-0.153549287749814,-21.8017373140919,2
TCGA-CR-7391-01A,35.0282660573335,-5.89922190179732,-13.2450933111974,2
TCGA-CR-7392-01A,28.0806592993285,2.09571933961938,-13.6890806021309,2
TCGA-CR-7393-01A,29.79398647916,-6.6304321278101,-14.7894382397046,2
TCGA-CR-7394-01A,31.0077024484063,-0.916644981160607,-5.73356191044367,2
TCGA-CR-7397-01A,36.1808717542918,-6.01257214939135,-11.8188420463358,2
TCGA-CR-7398-01A,30.9064183150916,12.2081452923414,-17.3921764784734,2
TCGA-CR-7399-01A,27.8617636143439,4.58977166531963,-19.992519699983,2
TCGA-CR-7402-01A,33.1359909427825,0.587868413409249,-17.8702783414137,2
TCGA-CR-7404-01A,35.9952946165348,7.79529433214517,-22.5539073992707,2
TCGA-CV-5430-01A,29.9460026311153,4.29133518848065,-25.1330646406918,2
TCGA-CV-5431-01A,40.9520863062258,3.03873483054546,-22.382575294184,2
TCGA-CV-5432-01A,37.5695367461769,7.64617111888458,-34.9799826359353,2
TCGA-CV-5434-01A,34.3903146809995,4.26662488084961,-37.3017676133045,2
TCGA-CV-5435-01A,35.7915971621351,6.81064064111181,-30.7334791750051,2
TCGA-CV-5436-01A,15.435983233262,-10.2189574070098,-1.35660507909091,2
TCGA-CV-5439-01A,35.648608375503,7.35771911674251,-37.7782948714706,2
TCGA-CV-5440-01A,31.4219412266802,2.15601316826695,-15.139089423429,2
TCGA-CV-5443-01A,27.4285604960751,10.3641849657752,-27.522196562041,2
TCGA-CV-5444-01A,32.2560750027405,3.92286465320253,-3.24328926649936,2
TCGA-CV-5966-01A,33.9260606615204,-8.47225292262039,-44.4619016428108,2
TCGA-CV-5970-01A,30.3016592819284,0.183049031494796,-20.0081245488893,2
TCGA-CV-5971-01A,30.2023517080573,1.41416426898812,-12.8379803171633,2
TCGA-CV-5978-01A,42.1718466996433,2.01425139056028,-40.6542611720564,2
TCGA-CV-6433-01A,31.6810461780099,9.70215159055526,-31.9912767516537,2
TCGA-CV-6441-01A,32.7078673443186,-4.48520391844796,-16.4746226374125,2
TCGA-CV-6933-01A,43.6983786327409,2.20224364568981,-32.7661022758911,2
TCGA-CV-6934-01A,38.4203219106138,2.12906396069573,-17.7791824144336,2
TCGA-CV-6935-01A,30.1290931352838,-4.3587258342366,-24.6738787737969,2
TCGA-CV-6936-01A,44.3526123806511,2.97677994384704,-33.4034625533016,2
TCGA-CV-6938-01A,38.7705319389746,2.7482262774788,-8.78924011455048,2
TCGA-CV-6939-01A,31.3950313127698,0.463260262622189,-24.4367330477725,2
TCGA-CV-6940-01A,45.0907034687841,-4.39285207993473,-35.8384132447865,2
TCGA-CV-6941-01A,32.2889342456185,-4.43478634951873,-25.4310482177746,2
TCGA-CV-6943-01A,24.4906478705924,-1.05839291757563,-4.47468484847588,2
TCGA-CV-6945-01A,31.5838252403473,-4.48322035746121,-50.5587490243297,2
TCGA-CV-6948-01A,32.2205930260515,6.48696579771423,-41.3405565728638,2
TCGA-CV-6950-01A,44.0752487649443,0.279636696793192,-39.2849531955555,2
TCGA-CV-6951-01A,46.9153904968379,-0.406080775992478,-34.4735159041616,2
TCGA-CV-6956-01A,43.8883013322053,3.44283611163421,-40.3776822577424,2
TCGA-CV-6959-01A,38.858274910544,1.0730014430611,-12.1620648102227,2
TCGA-CV-6960-01A,38.7177942138834,2.23736580553558,-19.9863954380628,2
TCGA-CV-6961-01A,20.3195131526724,-7.40897686544207,-2.92476599902951,2
TCGA-CV-6962-01A,28.7290102554663,3.47671172262886,-23.8185071059727,2
TCGA-CV-7090-01A,24.2989974408332,-6.86355070406656,-8.02438895928689,2
TCGA-CV-7091-01A,33.4785687203735,-6.26220012361396,-16.5191929106722,2
TCGA-CV-7097-01A,12.4175442671169,2.34400626344154,-2.99012103767689,2
TCGA-CV-7099-01A,31.1164595584467,6.05110041801317,-47.239874758048,2
TCGA-CV-7100-01A,41.2258432122895,5.04944096028695,-17.9953815652576,2
TCGA-CV-7101-01A,37.5114927281906,4.58479950201828,-31.5391061019722,2
TCGA-CV-7102-01A,39.0482569560651,9.2126446857594,-10.498817685985,2
TCGA-CV-7103-01A,38.1041962419847,0.58813496569528,-20.871735901392,2
TCGA-CV-7104-01A,30.5476568028878,0.495396527266778,-8.29943846448585,2
TCGA-CV-7177-01A,39.0778209015361,5.81158999968089,-35.9999726212508,2
TCGA-CV-7178-01A,44.4437338746814,3.59566217522565,-41.2648317508981,2
TCGA-CV-7235-01A,34.2652574596541,6.30406954574487,-37.5231333212987,2
TCGA-CV-7236-01A,40.1160902223071,1.31650841775031,-19.7636154490989,2
TCGA-CV-7238-01A,37.2714369962723,-3.49494300959903,-23.6867796220439,2
TCGA-CV-7242-01A,26.1614735750635,3.62442487105109,-14.7520120353411,2
TCGA-CV-7245-01A,46.2934218636634,-0.804777771267869,-32.3606175201647,2
TCGA-CV-7247-01A,35.7495104228144,10.4880914384005,-12.7127471252036,2
TCGA-CV-7248-01A,23.404546483877,11.4481923608236,-30.1586004414545,2
TCGA-CV-7250-01A,29.1664965668881,10.6356661930162,-26.9826329983715,2
TCGA-CV-7252-01A,35.9971976649667,-5.29729786857955,-47.4390529956058,2
TCGA-CV-7254-01A,45.6057557497356,5.30653404505803,-29.2408380906168,2
TCGA-CV-7255-01A,22.6199826984413,-2.75569913005551,-6.45972831191078,2
TCGA-CV-7261-01A,35.9175835801114,4.39830062456654,-34.2887446403022,2
TCGA-CV-7263-01A,26.8876836743159,7.91907811017805,-24.854180524155,2
TCGA-CV-7407-01A,44.413206156877,7.28980272180485,-29.7639351830871,2
TCGA-CV-7410-01A,35.4807338319296,-1.84098010358252,-16.1507302812801,2
TCGA-CV-7414-01A,25.0729629891378,-0.4320091124455,-6.81337024029617,2
TCGA-CV-7415-01A,38.8218464664171,15.1811194903831,-26.9719574226415,2
TCGA-CV-7416-01A,38.9243640322868,8.79017356505288,-30.7938123804755,2
TCGA-CV-7418-01A,46.0420027786133,2.90535511680445,-29.0874217231394,2
TCGA-CV-7421-01A,39.1893672390623,9.19268336957151,-29.1873165271078,2
TCGA-CV-7422-01A,43.9762456219779,11.8876155473996,-23.8824986410675,2
TCGA-CV-7424-01A,38.1504667245797,9.09028702647195,-37.3831245042032,2
TCGA-CV-7427-01A,31.0230522709548,-7.0475209372892,-7.40664125484432,2
TCGA-CV-7428-01A,29.1200269052213,-1.41567876706712,-6.8587242034923,2
TCGA-CV-7429-01A,45.2155640380174,-5.70567614348844,-31.8092673084572,2
TCGA-CV-7430-01A,38.809677486209,0.329760913401347,-33.4391396170829,2
TCGA-CV-7432-01A,28.2101469466067,-7.68718867239684,-49.4333254292219,2
TCGA-CV-7434-01A,19.9834629644893,-7.87431981095766,-5.00548816489518,2
TCGA-CV-7435-01A,38.0958318502127,3.74197761771826,-5.48515276629964,2
TCGA-CV-7437-01A,48.2876400727238,6.98109808518559,-24.9355087903604,2
TCGA-CV-7438-01A,23.6561271168618,-2.75609768244767,-4.5194462037597,2
TCGA-CV-7440-01A,26.1512314842548,-13.0671835332718,-2.16117388986284,2
TCGA-CV-7446-01A,34.0374576484234,6.07389510671351,-31.711900422854,2
TCGA-CV-7568-01A,43.6565715901258,13.101319469077,-40.2519903580926,2
TCGA-CV-A45R-01A,33.6495005428073,9.13604291129375,-7.18583051325644,2
TCGA-CV-A45U-01A,38.1420944689191,5.59630831746408,-28.7318246536907,2
TCGA-CV-A45V-01A,39.0269071442698,3.57801707155014,-45.5491992930557,2
TCGA-CV-A45W-01A,49.7856349210579,-2.70513507926792,-29.1402506058332,2
TCGA-CV-A45X-01A,14.2090914939646,-10.3657774030811,-3.38710105966629,2
TCGA-CV-A45Z-01A,39.7858045740748,-0.278898728886809,-40.8306624985486,2
TCGA-CV-A460-01A,29.9815451716826,12.4667609299909,-34.8767475342449,2
TCGA-CV-A461-01A,39.4672235299993,7.09524375724571,-35.6693496749782,2
TCGA-CV-A463-01A,37.484931484208,4.02571138680523,-44.4382878051284,2
TCGA-CV-A464-01A,32.9550948659128,11.1931275881239,-6.59676841054337,2
TCGA-CV-A465-01A,16.5779607335468,-6.71857375132724,-1.95728462129508,2
TCGA-CV-A6JY-01A,12.9887244674628,-4.1437426585045,1.12238374349395,2
TCGA-CV-A6JZ-01A,33.585685808793,2.37220726889777,-35.6688423186949,2
TCGA-CV-A6K0-01B,36.2875989518834,3.43283605031527,-7.226330269105,2
TCGA-CX-7085-01A,39.734412788955,-0.607873858932722,-18.2971061401907,2
TCGA-CX-7086-01A,30.2634589383598,6.95573021806088,-35.0039909429196,2
TCGA-CX-7219-01A,24.7747465286327,-4.48178599663092,-10.540241186424,2
TCGA-CX-A4AQ-01A,21.4111497711483,15.5248478563735,-25.3327346995662,2
TCGA-D6-6515-01A,31.888502027393,-0.841478635233983,-18.1300275365771,2
TCGA-D6-6517-01A,35.3844962804009,-4.77773206296306,-23.182141605266,2
TCGA-D6-6823-01A,24.2382283788529,-6.24714523019337,1.07488276168849,2
TCGA-D6-6824-01A,34.4453422442352,-1.08202318482226,-19.8118690558927,2
TCGA-D6-6825-01A,17.1400349597987,-6.48643011010163,-3.61804967075764,2
TCGA-D6-6826-01A,39.2874949065322,-3.49519520195698,-14.5511377437924,2
TCGA-D6-6827-01A,40.2061223386312,6.77749642750997,-22.7207828930473,2
TCGA-D6-8568-01A,42.1249564157302,3.67744825212587,-29.6761792110267,2
TCGA-D6-8569-01A,38.7529966709895,9.02912876107248,-29.6839500464697,2
TCGA-D6-A4Z9-01A,44.5183472247419,1.05547638948762,-33.9806903363356,2
TCGA-D6-A6EO-01A,32.5578350873573,-1.99653292733547,-22.059284912623,2
TCGA-D6-A74Q-01A,31.2715304779697,4.11876758079156,-49.0116823783672,2
TCGA-DQ-5625-01A,34.9102067540925,11.554772630713,-41.750887668395,2
TCGA-DQ-5629-01A,34.9485868827792,6.50471351359471,-34.2872465244133,2
TCGA-DQ-5630-01A,38.9904036971762,3.16027542415289,-41.1510398849097,2
TCGA-DQ-5631-01A,34.6172875893267,1.01358644430899,-31.2980868271569,2
TCGA-DQ-7588-01A,14.8914561932488,-10.6802475622801,7.26632105246385,2
TCGA-DQ-7591-01A,34.9391991782433,4.248529658635,-30.9016343624165,2
TCGA-F7-7848-01A,34.5781340426404,12.033067452713,-22.6326720405275,2
TCGA-F7-8298-01A,39.8949774008999,3.20040053649424,-43.0935566916947,2
TCGA-F7-8489-01A,25.0531701109552,-5.10454885997035,-3.44343544885002,2
TCGA-F7-A50G-01A,25.6649602693204,-2.95383865843727,-6.18916383496659,2
TCGA-F7-A50I-01A,40.706085035003,2.35059315820173,-35.0451654152598,2
TCGA-F7-A61S-01A,33.7835192049952,1.37329391787805,-42.9324657429101,2
TCGA-F7-A61W-01A,23.765505383228,-8.99760192560627,0.928474314478379,2
TCGA-F7-A624-01A,31.6290986256222,-3.58585513301681,-42.84298200476,2
TCGA-H7-8501-01A,34.2064219663873,4.50513677505105,-43.2461384235174,2
TCGA-H7-8502-01A,21.6524364993396,0.136763383861546,-1.25209146168976,2
TCGA-H7-A76A-01A,33.4641028277537,8.7436475550617,-30.9668232162039,2
TCGA-HD-7229-01A,14.0780861243137,-1.6914688790288,2.14945288264081,2
TCGA-HD-7753-01A,37.9639705676495,-2.54131349634074,-32.9325486818275,2
TCGA-HD-7754-01A,30.3549538908983,1.3115081511834,-18.6303642029501,2
TCGA-HD-7831-01A,39.0314417350044,-5.8703277145171,-13.8498962243666,2
TCGA-HD-7832-01A,18.3050570970538,0.782426956459244,-4.82306012864859,2
TCGA-HD-8224-01A,35.2820960138331,4.54296122584079,-38.4531014234564,2
TCGA-HD-8314-01A,33.0901578470695,8.3512477535132,-31.1579536526776,2
TCGA-HD-8635-01A,32.5496405450651,8.55121115032552,-39.3126592391259,2
TCGA-HD-A4C1-01A,22.5181288189299,-9.1173544845825,-0.649174523569457,2
TCGA-HD-A633-01A,29.5176635046297,0.976351574234572,-46.0842705051225,2
TCGA-HD-A634-01A,38.24557808744,7.41685105491605,-42.1653391729758,2
TCGA-HL-7533-01A,32.224582788057,5.85436135880475,-10.2695590010497,2
TCGA-IQ-A61E-01A,47.982905936592,5.11446470947937,-34.0338079065552,2
TCGA-IQ-A61G-01A,37.3645451235557,-5.65358386084101,-52.0636651737965,2
TCGA-IQ-A61H-01A,39.569373125656,2.708985512199,-27.6906963946861,2
TCGA-IQ-A61I-01A,32.2347734499217,8.6846180076352,-21.3743869377517,2
TCGA-IQ-A61J-01A,37.8187337278076,-1.56315378202009,-13.5590033919401,2
TCGA-IQ-A61O-01A,29.8559165541344,0.960144999725716,-53.5805086768675,2
TCGA-IQ-A6SG-01A,38.1905084046998,1.55576354020284,-43.0156777732558,2
TCGA-IQ-A6SH-01A,33.2883402733558,6.2809877480674,-43.7175285664738,2
TCGA-KU-A66S-01A,34.5784218772971,1.94023719863557,-49.7912359926526,2
TCGA-KU-A66T-01A,41.208487103014,1.87939082374506,-38.3322604128926,2
TCGA-KU-A6H7-01A,31.2362411670558,13.5726367963076,-36.6583088201603,2
TCGA-KU-A6H8-01A,33.1402990501917,1.67364706071411,-14.1687453292868,2
TCGA-MT-A51X-01A,29.6026376007008,-6.92246824852609,-45.3667331384365,2
TCGA-MZ-A5BI-01A,24.9386753127497,11.4718493404832,-21.4490085865453,2
TCGA-MZ-A6I9-01A,29.5518523957028,16.200778761775,-34.492313771029,2
TCGA-MZ-A7D7-01A,41.4270805988134,6.22224319807038,-39.3814466089531,2
TCGA-P3-A5Q5-01A,41.5248244606518,7.49170279185269,-37.6851272693693,2
TCGA-P3-A5Q6-01A,30.2210575789943,-2.15604545890579,-47.1527313271768,2
TCGA-P3-A5QE-01A,32.9725905236879,15.5904762331971,-13.0401477503186,2
TCGA-P3-A5QF-01A,30.8818112814152,-2.10505159449976,-47.3146660701251,2
TCGA-P3-A6SW-01A,34.0814249763093,-1.14652005346629,-30.1362169122308,2
TCGA-P3-A6SX-01A,22.5787626596564,-7.94928251387435,-0.359599010072831,2
TCGA-P3-A6T4-01A,19.9003956330537,-11.7797513190825,-1.46301791568632,2
TCGA-P3-A6T6-01A,34.8511112748529,6.85724876643111,-41.1079756408151,2
TCGA-P3-A6T8-01A,24.3576379736821,-2.51140738565789,-11.9171944052203,2
TCGA-QK-A64Z-01A,34.9964249437663,0.604803406736459,-23.4026316184787,2
TCGA-QK-A652-01A,37.777916781787,11.0413408252543,-39.1810489995255,2
TCGA-QK-A6IF-01A,26.6937861476536,11.6129436905521,-27.9079792211369,2
TCGA-QK-A6V9-01A,24.9229750801842,7.66610015595902,-25.494625598926,2
TCGA-QK-A6VB-01A,26.2945762373462,17.5775689478508,-35.7807893742292,2
TCGA-QK-A6VC-01A,31.9397140000467,6.02083210940318,-37.4613053642387,2
TCGA-QK-A8Z7-01A,35.3726884891255,3.20629565647883,-42.9305272223892,2
TCGA-QK-A8Z8-01A,41.9640595834355,10.2830829484577,-41.7256751198083,2
TCGA-QK-A8Z9-01B,14.9097395435076,-6.23827971452829,-3.94541340865139,2
TCGA-QK-A8ZA-01A,42.299135926446,-0.88490421083458,-28.1880792060433,2
TCGA-QK-AA3J-01A,35.0257927877366,1.17157150170056,-19.5062305304854,2
TCGA-RS-A6TO-01A,29.6202206536802,2.7490450094009,-41.8062471483226,2
TCGA-RS-A6TP-01A,32.8999869782816,-1.48046975120597,-32.7327401607826,2
TCGA-T2-A6X0-01A,29.4782254238886,11.4839602359573,-21.6760755032951,2
TCGA-T3-A92M-01A,23.9651248739042,1.81134597097447,-23.9118649232703,2
TCGA-T3-A92N-01A,39.1351872169081,1.01457582392353,-42.9483218595588,2
TCGA-UF-A718-01A,25.456941823611,-9.5468209732181,2.00341111895119,2
TCGA-UF-A719-01A,39.170136904931,1.7069820454363,-40.2213456853339,2
TCGA-UF-A71A-01A,41.9172413551175,0.216806962473686,-38.9347270380961,2
TCGA-UF-A71B-01A,34.8826437309837,5.7520503311195,-48.2791765021173,2
TCGA-UF-A71D-01A,36.2071533473906,10.2608512692347,-37.662579391563,2
TCGA-UF-A71E-01A,22.198034881704,9.57713769835749,-31.5042282097919,2
TCGA-UF-A7J9-01A,29.6724172613809,4.68882732081295,-28.6512900157082,2
TCGA-UF-A7JA-01A,27.9776423182582,3.8077288224967,-26.2931061459063,2
TCGA-UF-A7JC-01A,14.2339004550206,-8.43174238349375,-0.171026226403951,2
TCGA-UF-A7JK-01A,24.6144720333675,-5.82910164986151,-6.29346994480673,2
TCGA-UP-A6WW-01A,29.8493992257976,14.3313928126563,-30.6940251553862,2
TCGA-WA-A7H4-01A,30.8923894633872,13.7834949905301,-17.7078593702712,2
