Sample,X,Y,Z,Cluster
TCGA-CN-4725-01A,15.1206928153666,22.0673493410647,-15.5576059023877,1
TCGA-CN-4728-01A,16.9105426324384,22.8825862732433,-17.7187673748,1
TCGA-CN-4734-01A,9.45309516593062,19.7631684589146,-15.3399371321297,1
TCGA-CN-6995-01A,16.2838626523507,24.092201844443,-15.3110065223088,1
TCGA-CQ-5327-01A,14.6164644161541,22.5399416251524,-18.9002912410512,1
TCGA-CQ-6222-01A,11.0660135185341,19.0289246355168,-15.6637861283833,1
TCGA-CR-6478-01A,14.7745384489668,20.5018814323978,-16.7708897355419,1
TCGA-CR-6480-01A,11.7911680949965,19.3247531688415,-17.9771418874914,1
TCGA-CR-7383-01A,17.0470520103662,20.6943357920209,-19.6850132489118,1
TCGA-CV-6441-01A,15.2802572016532,21.6042948171463,-18.6766058551142,1
TCGA-CV-6938-01A,13.8974657318593,22.7494203801404,-17.2251660464985,1
TCGA-CV-7091-01A,11.9517546162614,22.2011003338564,-17.1784411045409,1
TCGA-CV-7250-01A,14.3985644374781,22.621658191782,-17.4229642107308,1
TCGA-CV-7406-01A,13.251930546314,22.1232112182316,-18.9668275844501,1
TCGA-CV-7411-01A,10.1158863641772,19.8972809108725,-16.1666924093517,1
TCGA-CV-7428-01A,17.2075910440347,22.3135426090072,-17.9382227078631,1
TCGA-CV-7430-01A,11.9439974945264,18.3022726742549,-17.917674608143,1
TCGA-CV-7438-01A,14.9054985397287,22.0976774771172,-17.752936674103,1
TCGA-CV-7440-01A,10.795900809364,19.9668614034392,-17.3936288168452,1
TCGA-CV-A45V-01A,11.1176301291166,19.8666766943795,-16.814492304717,1
TCGA-CV-A45Y-01A,15.5866823754516,22.6271234393475,-17.4725436588108,1
TCGA-CV-A463-01A,15.7808243609151,24.2821541204045,-16.773223310432,1
TCGA-CV-A6JO-01B,10.943273320723,19.6013186872997,-19.9573177977254,1
TCGA-DQ-7592-01A,15.1264818916066,21.8471062462039,-17.3964386187692,1
TCGA-H7-7774-01A,12.6602480120501,18.7397288602905,-18.3112910184738,1
TCGA-HD-7754-01A,12.9088260773259,19.1254652414814,-18.3543118542504,1
TCGA-KU-A66T-01A,16.5347136687299,23.2182880707059,-17.475240060706,1
TCGA-MT-A67F-01A,17.9078763906684,22.2053066939784,-15.9227891949482,1
TCGA-UF-A7JH-01A,15.3963288216875,26.3516229233072,-12.9588956977127,1
TCGA-UF-A7JO-01A,15.2140998753138,22.3814451372614,-17.104290100543,1
TCGA-4P-AA8J-01A,-13.2177171618162,-13.7398746469475,-5.66571437142997,2
TCGA-BA-4074-01A,-12.316998257168,-16.9803731439143,-3.54612979067423,2
TCGA-BA-4077-01B,-10.5015390117618,2.22159780821797,-19.1897411214213,2
TCGA-BA-5151-01A,-8.36388629830482,8.29310231335029,-11.6244196262159,2
TCGA-BA-5153-01A,-17.4441335911402,-2.25280185657723,-8.91193461304775,2
TCGA-BA-5555-01A,-17.101306628324,-5.45890253691093,-15.0464570790532,2
TCGA-BA-5556-01A,-9.04042137989055,3.03444555576522,-12.4257123473404,2
TCGA-BA-5559-01A,-17.2562128119314,-0.136317744460053,-6.91197097921545,2
TCGA-BA-6868-01B,-12.6230043853829,2.3217245715851,-18.0606714500124,2
TCGA-BA-6869-01A,-19.6209945892815,-5.65817684523092,-5.86561996331882,2
TCGA-BA-6870-01A,-13.0135114264797,-3.5864081165213,-1.13730300104267,2
TCGA-BA-6872-01A,-18.7280280520176,-5.51165372851511,-12.7565226992382,2
TCGA-BA-6873-01A,-18.3980984116084,-6.21329725156679,-17.5791672725281,2
TCGA-BA-A4IF-01A,-18.262794982891,-4.68066190151312,-10.8084772734069,2
TCGA-BA-A4IG-01A,-10.8035962116356,1.74368970311201,-17.7454069137652,2
TCGA-BA-A4IH-01A,-16.7926459841573,-13.7801120489257,-5.86352041896459,2
TCGA-BA-A6DB-01A,-15.2275385195153,-4.51708937542736,-15.6253679893397,2
TCGA-BA-A6DD-01A,-15.496895124012,-6.99482598923608,-11.7895238041701,2
TCGA-BA-A6DE-01A,-12.3248904581171,-0.169667427966571,-16.2394495791812,2
TCGA-BA-A6DJ-01A,-7.23905008217648,9.44927819406413,-12.6799493524071,2
TCGA-BA-A6DL-01A,-11.9476435637794,-15.1901096417346,-2.46103319967209,2
TCGA-BB-4217-01A,-16.5624230818545,0.615075122479038,-16.3003597251577,2
TCGA-BB-4223-01A,-15.7415873069889,-4.03123106022079,-6.90071540709855,2
TCGA-BB-4225-01A,-15.4751634324556,-5.64117763186729,-12.8300252727759,2
TCGA-BB-4228-01A,-20.7948545784234,-2.67807279019879,-6.7184899761124,2
TCGA-BB-A5HZ-01A,-18.8152595888468,-12.8540673371406,-7.76368543307946,2
TCGA-BB-A6UM-01A,-10.1104228544829,-5.6111808588646,0.290484291640643,2
TCGA-C9-A480-01A,-17.4918908451207,-14.4390167127186,-7.74046989949314,2
TCGA-CN-4722-01A,-5.81674357601177,7.02531903931551,-9.24220408492775,2
TCGA-CN-4723-01A,-16.6836442000178,-0.719718584976746,-18.4331574919046,2
TCGA-CN-4729-01A,-13.7744560474552,-2.13327757191812,-14.1321605293485,2
TCGA-CN-4733-01A,-11.2400066969837,0.309012113459391,-13.5210660637833,2
TCGA-CN-4735-01A,-19.2607732713666,-0.858918053122252,-18.0464922996601,2
TCGA-CN-4736-01A,-15.9941846717293,-0.734114234364564,-4.32775920793234,2
TCGA-CN-4739-01A,-16.1703944195852,-3.0448535933221,-17.8918595890407,2
TCGA-CN-4741-01A,-16.7314038843969,-3.35227611146064,-6.23750929423707,2
TCGA-CN-5356-01A,-12.2829379674496,0.787169255673771,-11.3548422001678,2
TCGA-CN-5365-01A,-11.9275548374389,-1.4366381795524,-0.299705357265203,2
TCGA-CN-5366-01A,-17.0922595290311,-4.38621803814996,-16.353736986752,2
TCGA-CN-5367-01A,-19.9404523285207,-8.35872044749672,-16.781725927706,2
TCGA-CN-5370-01A,-10.9478484596427,7.52290858404927,-14.8370104455131,2
TCGA-CN-5373-01A,-11.4162011429508,3.67697271258975,-14.9172209093177,2
TCGA-CN-5374-01A,-8.19291531371973,-3.0890513459369,1.47465082501936,2
TCGA-CN-6012-01A,-12.8725605920075,-1.23128308598593,-14.217246855029,2
TCGA-CN-6016-01A,-11.4958259501543,2.58812721601348,-16.5006071902252,2
TCGA-CN-6018-01A,-13.6849191999129,-2.99619715172763,-13.7506488753315,2
TCGA-CN-6022-01A,-16.654345881969,-2.67234577606684,-13.6745655800887,2
TCGA-CN-6023-01A,-11.1468506840898,-1.54057470937506,-1.86795901299736,2
TCGA-CN-6024-01A,-10.317565693447,-2.43295623219763,-15.2928109402923,2
TCGA-CN-6994-01A,-13.9016647702548,-0.280893186524907,-16.2298988756212,2
TCGA-CN-6996-01A,-14.3015589511638,-1.87816306777586,-13.693688501611,2
TCGA-CN-A497-01A,-16.879858518565,-12.8525242293601,-2.74943357657159,2
TCGA-CN-A499-01A,-13.4736277839221,-3.27752549914391,-0.79093787161507,2
TCGA-CN-A49B-01A,-9.48929831313655,-3.79253112593292,1.15317750889328,2
TCGA-CN-A49C-01A,-19.0016697859657,-6.61083993905306,-6.29458238656972,2
TCGA-CN-A63V-01A,-20.8650433259443,-2.31662391145388,-7.18360505852419,2
TCGA-CN-A642-01A,-19.2377208138854,-6.56072931905666,-4.06170413394981,2
TCGA-CN-A6UY-01A,-21.4757713339582,-9.41833459368956,-6.8201510455975,2
TCGA-CN-A6V6-01A,-14.9749456714521,-1.16635214545672,-7.53356306871969,2
TCGA-CN-A6V7-01A,-19.4817481825503,-8.6807991446407,-15.5729339397444,2
TCGA-CQ-5323-01A,-15.247579865926,-7.603836413207,-17.3780818127949,2
TCGA-CQ-5324-01A,-7.78717648260544,2.08163841379866,-10.9367242022153,2
TCGA-CQ-5325-01A,-7.00624002290954,9.22553017470828,-10.3410626678486,2
TCGA-CQ-5329-01A,-16.2556782610122,-3.91170709735718,-11.4519355221723,2
TCGA-CQ-5331-01A,-8.0451117422551,4.89409238208793,-10.8991825927725,2
TCGA-CQ-5332-01A,-16.7400413380061,-13.7260604840068,-7.14039026472528,2
TCGA-CQ-5333-01A,-18.7885264138978,-5.47629365162954,-10.2499522487928,2
TCGA-CQ-5334-01A,-6.792199271709,8.81650406343876,-12.1187870898415,2
TCGA-CQ-6219-01A,-10.2756813559002,-2.52286437496379,-14.0616415643244,2
TCGA-CQ-6220-01A,-14.1387413568451,0.779085655959872,-5.21794479467405,2
TCGA-CQ-6221-01A,-19.7733310387132,-8.27909505394415,-4.31985691581927,2
TCGA-CQ-6224-01A,-8.40482811652531,4.6150582479191,-12.3710027873053,2
TCGA-CQ-6225-01A,-17.5973614243698,-13.3092184417618,-5.32866599389355,2
TCGA-CQ-6227-01A,-20.1273327006253,-9.25787189743765,-14.1411915987725,2
TCGA-CQ-7063-01A,-9.79014955459345,2.67180297011946,-13.1467624411205,2
TCGA-CQ-7068-01A,-14.636102100763,-0.927276107189804,-6.48175826556233,2
TCGA-CQ-7072-01A,-19.342663723927,0.696465619456567,-17.5811711228709,2
TCGA-CQ-A4C9-01A,-15.2808985145835,-16.5400939573019,-3.28234142393186,2
TCGA-CQ-A4CD-01A,-19.9587351318625,-9.81422732715006,-5.32130064197632,2
TCGA-CQ-A4CH-01A,-13.9813938644748,-14.8975529457903,-10.0849804543421,2
TCGA-CR-5243-01A,-14.5327257105285,-1.1955033794782,-4.19105396381993,2
TCGA-CR-5248-01A,-16.0581372223245,-3.61291928249716,-6.02359860916888,2
TCGA-CR-5249-01A,-12.4581739431792,-0.90494952442206,-7.95066363442209,2
TCGA-CR-5250-01A,-16.3129647761553,0.49658254239624,-5.67651745775754,2
TCGA-CR-6467-01A,-21.342062332943,-5.94039107886516,-7.18392857893309,2
TCGA-CR-6470-01A,-14.4059475144584,1.29326957550661,-5.87761467489187,2
TCGA-CR-6471-01A,-9.68576443292605,1.87200043043314,-17.2299446738087,2
TCGA-CR-6473-01A,-13.2581091199237,-4.15145861020016,-14.680917598606,2
TCGA-CR-6474-01A,-11.6872723232323,7.56466697349834,-14.5806575766069,2
TCGA-CR-6481-01A,-8.69913652750055,1.50043861555223,-11.783005254607,2
TCGA-CR-6482-01A,-20.9121323311272,-4.58690216646124,-4.53601385741508,2
TCGA-CR-6487-01A,-19.1922141362286,-7.30233427257243,-12.6781488394051,2
TCGA-CR-6491-01A,-10.3112242824226,5.1863319368046,-13.9403102696162,2
TCGA-CR-6492-01A,-8.72365382324946,8.60814565029101,-12.6138830270393,2
TCGA-CR-6493-01A,-18.1747730981423,-7.49343332490342,-12.8602137207981,2
TCGA-CR-7365-01A,-8.7306281574403,7.61770453089174,-16.0883999684875,2
TCGA-CR-7368-01A,-15.5277832745087,-2.69688074790087,-11.5912335127626,2
TCGA-CR-7369-01A,-9.99838002336145,6.81870928206735,-13.9419178405834,2
TCGA-CR-7373-01A,-8.10015497173601,10.435336160248,-13.4338932325471,2
TCGA-CR-7380-01A,-12.2844939282766,-2.00383712021408,-13.7146316936459,2
TCGA-CR-7382-01A,-7.12449740654797,5.98556398166974,-12.080618114993,2
TCGA-CR-7385-01A,-14.4098999831545,0.996079217572061,-4.56549762493658,2
TCGA-CR-7389-01A,-7.94180221947542,9.87099351578946,-12.3697266881749,2
TCGA-CR-7391-01A,-7.83731670937029,7.982836992541,-12.6006319686991,2
TCGA-CR-7393-01A,-5.32784545539487,6.2479653939364,-12.2363776997572,2
TCGA-CR-7395-01A,-10.892888835678,1.60698468510502,-13.8993615574485,2
TCGA-CR-7397-01A,-11.656308526948,-2.50823305531205,-15.7202772476773,2
TCGA-CR-7398-01A,-9.46965123446968,10.8653268882413,-16.607099395694,2
TCGA-CR-7399-01A,-12.1161257696197,-2.30240519235338,-14.0850311169158,2
TCGA-CR-7402-01A,-17.7503332657786,-5.24723425228623,-11.8497846936805,2
TCGA-CR-7404-01A,-18.3081185081182,0.952790048020896,-13.7490390823646,2
TCGA-CV-5430-01A,-19.897829382408,-8.21189590719682,-15.0964540548659,2
TCGA-CV-5431-01A,-18.9087031474843,-13.5419815542897,-5.43080499154431,2
TCGA-CV-5434-01A,-21.8071832493364,-0.429284663841725,-15.4885050156714,2
TCGA-CV-5436-01A,-17.3436945337703,-15.7012994803597,-8.99865063987299,2
TCGA-CV-5440-01A,-15.9710024924016,-1.82305414189136,-16.3234839195014,2
TCGA-CV-5443-01A,-22.0198757787272,-5.50840730397587,-6.88465093175595,2
TCGA-CV-5444-01A,-14.30655631493,-0.768762386137367,-12.5342966785164,2
TCGA-CV-5966-01A,-18.222689092928,-8.89504497934917,-12.36100818834,2
TCGA-CV-5970-01A,-8.7114339975434,3.04090075057203,-11.1656822109376,2
TCGA-CV-5973-01A,-14.5337010843737,-1.03215165526604,-4.42049604877976,2
TCGA-CV-5976-01A,-14.0439419166076,-6.18060405795549,-10.3405246665659,2
TCGA-CV-5978-01A,-11.1490831115055,2.25811823309706,-5.29052543757572,2
TCGA-CV-5979-01A,-14.4955659765139,-4.80633299024885,-4.80027133553522,2
TCGA-CV-6433-01A,-12.4126350463698,-4.0142450820807,0.116167230189487,2
TCGA-CV-6436-01A,-21.0787901347689,-3.59972653223895,-6.31782693213765,2
TCGA-CV-6934-01A,-8.41804362356555,9.2375103452256,-14.822805362275,2
TCGA-CV-6935-01A,-10.5007419050722,-1.6965839191024,-13.5379520817035,2
TCGA-CV-6936-01A,-15.7830840422522,-7.38328502522497,-6.51918291656569,2
TCGA-CV-6939-01A,-11.2313911552489,4.12269701345457,-15.4349613627921,2
TCGA-CV-6940-01A,-19.4753193357665,-6.91563705021936,-13.4764600852485,2
TCGA-CV-6941-01A,-15.9472128067842,-5.20203373444857,-16.4120942937908,2
TCGA-CV-6943-01A,-10.2494204884417,2.18545802543342,-14.201417373114,2
TCGA-CV-6945-01A,-12.047258521816,-5.02813032298016,-16.5294780139052,2
TCGA-CV-6951-01A,-16.4539366535634,-5.0042131949909,-11.1655221429594,2
TCGA-CV-6952-01A,-8.23256023580825,2.8294725582677,-11.3560615658246,2
TCGA-CV-6955-01A,-8.72712430991012,3.33949687389899,-11.0711169740634,2
TCGA-CV-6960-01A,-12.8332359711721,3.94210952093634,-19.428806011982,2
TCGA-CV-6962-01A,-14.5383058012257,-2.46787848025832,-6.55257882742721,2
TCGA-CV-7089-01A,-9.67532285533374,2.10853035327198,-11.9747370710518,2
TCGA-CV-7090-01A,-9.7168790059016,2.9253696658955,-17.3194725256848,2
TCGA-CV-7099-01A,-10.6258285597853,-1.90330922970477,-1.60398012751586,2
TCGA-CV-7100-01A,-18.6133912978832,-5.31219844116514,-9.17245365753421,2
TCGA-CV-7177-01A,-12.2309895731235,1.35299564818861,-15.2290053813867,2
TCGA-CV-7178-01A,-20.2613354224498,-0.625953800527288,-16.7658891087612,2
TCGA-CV-7180-01A,-20.2255324428073,-7.85839305641021,-13.9248837704543,2
TCGA-CV-7235-01A,-17.3470978672854,-6.77492584768452,-12.1666243353667,2
TCGA-CV-7236-01A,-9.93206640051624,1.48177927787937,-17.1923275225378,2
TCGA-CV-7242-01A,-12.1801105591898,5.52953212657578,-13.3763906943665,2
TCGA-CV-7245-01A,-19.2820471947172,-9.006459505438,-13.329339032496,2
TCGA-CV-7247-01A,-11.6443729137119,3.88358245157,-16.0256039332237,2
TCGA-CV-7248-01A,-8.81939811232218,7.62959190508365,-14.7428219868109,2
TCGA-CV-7254-01A,-21.1293032535126,-6.0880028123232,-13.9055527378932,2
TCGA-CV-7407-01A,-19.3360803102214,-9.12491640633608,-3.38122100179036,2
TCGA-CV-7413-01A,-14.6380075739636,-5.18730884542116,-11.4065645040218,2
TCGA-CV-7414-01A,-15.0315087235001,-5.16310932108096,-11.3281077612373,2
TCGA-CV-7415-01A,-18.2030675332041,-7.07047754727953,-16.6058446416043,2
TCGA-CV-7418-01A,-17.0289360934677,-8.20817067080732,-6.10273168913998,2
TCGA-CV-7421-01A,-13.9966917131266,-3.3591576507957,-7.79270755283913,2
TCGA-CV-7427-01A,-5.09430591996666,9.42710797079962,-13.3894221720687,2
TCGA-CV-7429-01A,-5.58573812785269,6.75100406984383,-11.8352971868588,2
TCGA-CV-7433-01A,-11.6401530409132,0.507686099181107,-17.7600153251749,2
TCGA-CV-A45Q-01A,-20.1989505398591,-6.99825540018609,-3.99221164749257,2
TCGA-CV-A45R-01A,-13.7494327836973,-1.3237885321833,-8.25779187230572,2
TCGA-CV-A45X-01A,-13.3647286227043,-16.6206461079292,-4.97419724950672,2
TCGA-CV-A460-01A,-19.1658922612914,-6.46857531858583,-6.03298048031941,2
TCGA-CV-A461-01A,-19.2605391901878,-14.1768581573706,-5.18132766414513,2
TCGA-CV-A464-01A,-16.7882604699765,-4.74712432243775,-12.8472023558741,2
TCGA-CV-A465-01A,-9.47345817662429,-2.60571399901412,-1.22671606072082,2
TCGA-CV-A468-01A,-19.2651625154391,-0.821017042658753,-18.1124353213627,2
TCGA-CV-A6JD-01A,-11.1290119963767,-2.18155120983494,-0.361772241553829,2
TCGA-CV-A6JE-01A,-16.8157051278845,-13.4143973913973,-5.52637645322213,2
TCGA-CV-A6JM-01A,-10.8746005288594,-15.4049757110071,-3.5350178524651,2
TCGA-CV-A6JT-01A,-20.6341765784449,-5.91732269633604,-6.83482387958427,2
TCGA-CV-A6JZ-01A,-19.5032424712187,-3.28541269404147,-7.14522706637448,2
TCGA-CV-A6K0-01B,-15.8748711928832,-1.80999779144364,-16.6510012166471,2
TCGA-CX-7219-01A,-12.4146498973252,-2.85371551022894,-13.2861863427365,2
TCGA-D6-6515-01A,-13.9363662039782,-0.654470417705382,-4.40063190868871,2
TCGA-D6-6823-01A,-11.3273892944518,5.82600563041355,-18.5967530635157,2
TCGA-D6-6827-01A,-21.0462486385433,-2.11277906297303,-15.0055951523921,2
TCGA-D6-8568-01A,-14.9801282856228,-2.92312358598434,-12.7116277753169,2
TCGA-D6-8569-01A,-10.2630449240712,7.5491282712283,-13.0844392770248,2
TCGA-D6-A4Z9-01A,-13.6027063281904,-0.212549396863152,-16.3726565422412,2
TCGA-D6-A4ZB-01A,-13.5726205122325,-4.43489501453814,-0.952638380869535,2
TCGA-D6-A6EK-01A,-10.7651893988265,-15.1953055463263,-2.47332774591721,2
TCGA-D6-A6EM-01A,-20.0492884412435,-11.9547849422116,-5.51684215332914,2
TCGA-D6-A6EN-01A,-9.23203301701115,-4.11692304388999,-1.54559374167667,2
TCGA-D6-A6EQ-01A,-18.6426097409601,-7.20139484717919,-9.50114020404363,2
TCGA-DQ-5629-01A,-18.9350821867044,-13.3705226374486,-5.66263023495157,2
TCGA-DQ-7591-01A,-17.4325147614088,-7.85260522070619,-6.02481094191543,2
TCGA-F7-7848-01A,-16.7946117470378,-15.2871797494817,-9.93411209930819,2
TCGA-F7-8489-01A,-10.5800163861793,1.05245126543171,-12.2945409357592,2
TCGA-F7-A61S-01A,-18.7453306679409,-7.85046651628655,-18.2316360338665,2
TCGA-F7-A61V-01A,-20.0388377402232,-8.81256673720119,-11.0376853197269,2
TCGA-F7-A620-01A,-18.4554324228747,-6.41747048957859,-15.4613467860515,2
TCGA-F7-A624-01A,-18.2814501758315,-10.9178619086387,-6.3187165326886,2
TCGA-H7-A76A-01A,-9.78885693967546,-2.35119685023057,0.792429200497384,2
TCGA-HD-7832-01A,-14.7242669012279,-5.72995494693727,-10.8532398972009,2
TCGA-HD-8314-01A,-11.1139941703617,7.68297429728337,-15.1786317384685,2
TCGA-HD-8634-01A,-11.4939285909556,4.54111243594936,-13.6753320200099,2
TCGA-HD-A634-01A,-16.695186771865,-17.3150002227535,-9.71170738787507,2
TCGA-HD-A6I0-01A,-12.102072112965,-13.8372307616093,-2.97019987732584,2
TCGA-HL-7533-01A,-20.3245283349595,-7.05655188089614,-3.23384205190525,2
TCGA-IQ-7630-01A,-12.937472526188,-1.68265826947387,-13.5931713446484,2
TCGA-IQ-7631-01A,-14.5024816817406,-3.61825830820658,-3.40947594147568,2
TCGA-IQ-A61G-01A,-19.1954168634884,-12.4119485234239,-7.02673548166634,2
TCGA-IQ-A61I-01A,-19.6042427923039,-9.24857003021376,-4.89735087612188,2
TCGA-IQ-A6SG-01A,-16.7312448048344,0.269090985588606,-18.7251812654975,2
TCGA-KU-A66S-01A,-18.1507570605332,-11.4917955368094,-2.17297493438523,2
TCGA-KU-A6H7-01A,-9.37648249322987,-4.2219177169822,1.16557735573847,2
TCGA-MT-A67A-01A,-9.48189419728729,-3.20534182535819,-0.70019540784961,2
TCGA-MZ-A5BI-01A,-19.902030684972,-5.59023144886168,-6.66089790905974,2
TCGA-MZ-A6I9-01A,-18.8337135805118,-10.027669874654,-6.43810414111115,2
TCGA-P3-A5Q5-01A,-11.0742706091089,-11.741251236996,-1.65107326674066,2
TCGA-P3-A5Q6-01A,-18.2730082706095,-8.20962640185882,-17.761146601301,2
TCGA-P3-A5QE-01A,-17.6131797314818,-4.7374150483481,-12.900663128537,2
TCGA-P3-A5QF-01A,-15.2147885076062,-13.6682579408602,-5.56471850104059,2
TCGA-P3-A6SW-01A,-11.4984390771169,-12.8336481677176,-2.89245706737864,2
TCGA-P3-A6T2-01A,-10.9025743887933,-1.34875312418566,-2.44841635544654,2
TCGA-P3-A6T5-01A,-18.707137139503,-8.00651262414805,-10.0151871161058,2
TCGA-P3-A6T6-01A,-12.6883446397937,-14.6775297997076,-2.88632522668276,2
TCGA-P3-A6T8-01A,-11.4139176060699,3.98379359440189,-19.7204957453462,2
TCGA-QK-A64Z-01A,-12.4564547797421,2.99143066759316,-13.7783571627296,2
TCGA-QK-A652-01A,-17.8384741592658,-6.12480193034595,-14.5958567885597,2
TCGA-QK-A6IF-01A,-17.4941668068674,-2.23433204577941,-4.73271043893894,2
TCGA-QK-A6IH-01A,-18.1515898924731,-15.8116107899451,-9.13751452768142,2
TCGA-QK-A6V9-01A,-16.2630383420787,-2.81428510752303,-19.4134996721028,2
TCGA-QK-A6VB-01A,-18.5849552654759,-15.0068893692781,-7.68211707878061,2
TCGA-QK-A8Z9-01B,-16.8205792452016,-4.10850188481329,-11.8739158821789,2
TCGA-QK-AA3J-01A,-17.1879551926192,-0.147211703326109,-18.4139157097708,2
TCGA-QK-AA3K-01A,-15.7809052590677,-0.808980470079605,-5.84261004851837,2
TCGA-RS-A6TP-01A,-10.9294123002515,-3.48708931896857,0.37519775344392,2
TCGA-T2-A6WX-01A,-17.9518625288946,-7.22927435836998,-3.87843165100707,2
TCGA-T2-A6WZ-01A,-18.8637577500725,-13.0091383131222,-5.98685640280153,2
TCGA-T2-A6X0-01A,-18.7112636887913,-5.56226256593541,-5.45407781063807,2
TCGA-T3-A92N-01A,-15.2922846580725,-6.27172905515843,-4.9138917648306,2
TCGA-TN-A7HI-01A,-18.5516238938038,-12.2723595887284,-7.52727786417727,2
TCGA-TN-A7HL-01A,-19.2886330364336,-8.02276215417654,-5.22330248437914,2
TCGA-UF-A719-01A,-13.1477537091273,-15.716778409193,-3.5672246129818,2
TCGA-UF-A71B-01A,-11.5498725136003,-14.4259324860967,-4.52655713033472,2
TCGA-UF-A7J9-01A,-16.924965491792,-16.582861058279,-9.32021928234294,2
TCGA-UF-A7JF-01A,-15.7294576678697,-14.8097407204429,-4.77031530789448,2
TCGA-UF-A7JK-01A,-13.8537955076496,-2.19607124810948,-16.6249999233746,2
TCGA-UF-A7JS-01A,-15.7320874251722,-14.432550415422,-7.31124721302985,2
TCGA-UF-A7JT-01A,-19.7029149420732,-8.90489501485567,-10.8743209190738,2
TCGA-UF-A7JV-01A,-7.8519867088837,4.65221871557644,-12.4624041444604,2
TCGA-UP-A6WW-01A,-19.3749554543599,-6.52485956944377,-3.64679440690771,2
TCGA-WA-A7GZ-01A,-17.4725357857428,-5.5398050137337,-16.7251160553879,2
TCGA-BA-4075-01A,8.58190062269317,4.52559423680625,26.7753163355113,3
TCGA-BA-4076-01A,9.36877519502378,3.01461464189539,15.0620237328689,3
TCGA-BA-4078-01A,5.83887621696171,4.92819932843388,26.555913994737,3
TCGA-BA-5152-01A,23.9425454054373,-2.5251493106842,-0.0418979291774669,3
TCGA-BA-5557-01A,22.2989450543745,-2.73303435736706,2.15931781656091,3
TCGA-BA-5558-01A,26.9987330813501,-1.11685788288599,3.12851286644032,3
TCGA-BA-6871-01A,8.71216864897205,9.40678452071521,26.4489652934287,3
TCGA-BA-7269-01A,6.31863112753648,6.84717291775857,23.6983934077414,3
TCGA-BA-A4II-01A,23.7954259623774,-2.12815592896057,1.15586183064689,3
TCGA-BA-A6D8-01A,6.23526224326238,4.78132451568633,27.7755811194578,3
TCGA-BA-A6DA-01A,5.77801747802658,6.09705851894032,27.798917742559,3
TCGA-BA-A6DG-01A,14.3173435629283,-4.88471264275278,7.91931219461548,3
TCGA-BA-A6DI-01A,22.5611057179627,-1.73131526141706,3.46908037286197,3
TCGA-BA-A8YP-01A,10.4774058019044,3.89341813182411,24.2144059625925,3
TCGA-BB-4224-01A,12.9469012437354,4.71182554961164,15.8053896086062,3
TCGA-BB-4227-01A,11.1933174537341,-4.63927939148047,16.2714861904261,3
TCGA-BB-8596-01A,15.0572002652766,-2.29829369685526,12.7932856584913,3
TCGA-BB-8601-01A,9.82625655564444,2.94971185267535,24.9395601356044,3
TCGA-BB-A5HU-01A,26.8083648415475,-2.65772575889101,0.955613558812511,3
TCGA-BB-A5HY-01A,12.4348781205338,8.10477807846339,16.3148590744543,3
TCGA-BB-A6UO-01A,9.78550363987055,-3.01836761941624,16.6192895648497,3
TCGA-C9-A47Z-01A,20.7110447532116,-2.89609386457332,2.02415914618621,3
TCGA-CN-4726-01A,14.0057530334246,-4.95612789477426,10.4772369118163,3
TCGA-CN-4727-01A,11.8243728165954,8.55444262163669,15.7489933169338,3
TCGA-CN-4730-01A,10.9288376542938,4.49690483883199,19.6367220233293,3
TCGA-CN-4731-01A,10.9818439636783,3.17650750290972,19.4937225877058,3
TCGA-CN-4737-01A,17.8357031279734,1.31980339420586,10.430939612239,3
TCGA-CN-4738-01A,22.5039032925202,-0.887377721648623,5.00779296765315,3
TCGA-CN-4740-01A,13.7396803620176,3.12110166927465,9.19138398493137,3
TCGA-CN-4742-01A,15.1167891911789,-4.09930493052661,7.56465421351476,3
TCGA-CN-5355-01A,14.6951311342292,-6.14316066228866,9.27992636816914,3
TCGA-CN-5358-01A,14.0291845742733,1.24096614457024,8.36552078884655,3
TCGA-CN-5359-01A,16.962621850658,-0.962364459829264,9.59023347977294,3
TCGA-CN-5360-01A,12.6687933502931,-0.410794182094427,11.8500666302524,3
TCGA-CN-5361-01A,8.83913954022824,5.69324655608023,10.5913628027099,3
TCGA-CN-5363-01A,12.482107191672,-6.07456224784782,16.0889752632583,3
TCGA-CN-5364-01A,10.9073787966096,-0.525929006211577,13.701622362638,3
TCGA-CN-5369-01A,19.7577133371687,0.659401281075351,4.89864066517208,3
TCGA-CN-6010-01A,13.0965898406226,4.59519754569431,15.7454106471516,3
TCGA-CN-6011-01A,12.6348618289814,-4.1041231592918,10.6008325028927,3
TCGA-CN-6013-01A,19.564702087644,-1.68233615987302,9.89731929715499,3
TCGA-CN-6017-01A,22.9460791965427,-0.3139066295505,5.08914195206148,3
TCGA-CN-6019-01A,25.9522550808112,0.578322303593766,3.9077222684319,3
TCGA-CN-6020-01A,10.6894436444582,3.86410202760159,10.537056077535,3
TCGA-CN-6021-01A,9.86694574370385,-1.4100406834782,11.9376831207197,3
TCGA-CN-6988-01A,12.1915568548187,8.08742370685897,14.2235295378681,3
TCGA-CN-6989-01A,14.7776635307839,-4.23179068485056,10.1639104091039,3
TCGA-CN-6992-01A,28.4680986547842,-0.905954775096242,1.3306536129437,3
TCGA-CN-6997-01A,12.8530250083188,-4.75663493623755,15.4140641316238,3
TCGA-CN-6998-01A,13.4257467683339,-1.80334607627713,8.92070130687594,3
TCGA-CN-A498-01A,11.0596231465318,0.100684188077402,15.2622146416268,3
TCGA-CN-A49A-01A,7.46468468185384,6.91941222421327,29.7192496258705,3
TCGA-CN-A63T-01A,11.296188330892,1.47566004113713,24.151540065294,3
TCGA-CN-A63U-01A,11.2568944008984,2.27477361331064,23.508748199261,3
TCGA-CN-A63W-01A,10.0625953217728,3.20311290530103,24.1919664718111,3
TCGA-CN-A641-01A,8.46648430638221,6.1468557138473,17.6558535956109,3
TCGA-CN-A6V3-01A,14.8114175037566,3.57251021109631,18.5307174272206,3
TCGA-CQ-5326-01A,12.6748662812764,-4.23282862641578,10.8227866603126,3
TCGA-CQ-5330-01A,28.848440042926,-3.04976777670105,4.06748616001494,3
TCGA-CQ-6218-01A,10.6127599264459,1.95774448101183,26.3411516111944,3
TCGA-CQ-6223-01A,10.3217075908843,2.74811607501496,8.5998833658694,3
TCGA-CQ-6228-01A,11.796839613968,3.00466611655836,19.217707923192,3
TCGA-CQ-6229-01A,10.4638526049905,7.31304295451579,16.2412084234104,3
TCGA-CQ-7065-01A,19.8584423652604,-3.99638008415806,2.48632233643367,3
TCGA-CQ-7069-01A,15.9051527258979,-5.51143426518066,8.33380274960186,3
TCGA-CQ-7071-01A,21.4573252719892,-3.83313318579191,4.50565885376342,3
TCGA-CQ-A4C6-01A,14.8445165949396,-1.76266210581685,13.415985993521,3
TCGA-CQ-A4C7-01A,16.177036962322,2.08994144062295,11.3423634182021,3
TCGA-CQ-A4CA-01A,9.97107709433781,7.83552029139033,25.3781143391601,3
TCGA-CQ-A4CB-01A,18.4800314073412,-3.99420623991498,9.43022794380809,3
TCGA-CQ-A4CE-01A,13.8091434147234,3.71830852532637,12.3056215022648,3
TCGA-CQ-A4CG-01A,23.7912911212541,-2.12480838476337,6.24686764333084,3
TCGA-CQ-A4CI-01A,11.120122026534,1.949900396471,23.5589595218652,3
TCGA-CR-5247-01A,8.28502583749015,6.30016315681343,17.2897286349284,3
TCGA-CR-6472-01A,11.2188789675706,6.8389455710909,15.5345614873606,3
TCGA-CR-6477-01A,22.3191257018824,-1.75669371377135,3.48285807345007,3
TCGA-CR-6484-01A,12.9904114009898,8.46687549741858,16.1081816526669,3
TCGA-CR-6488-01A,22.8288644642923,-1.97017089894091,3.92204266238315,3
TCGA-CR-7364-01A,9.03539684173415,3.82626443503715,11.0622528982729,3
TCGA-CR-7367-01A,13.4711812252751,-0.612547330007513,9.74127703216993,3
TCGA-CR-7370-01A,27.9596390880523,-3.9647853936659,1.28507037208237,3
TCGA-CR-7371-01A,21.2208549858836,-2.78078289355133,3.55673255558887,3
TCGA-CR-7372-01A,13.0524647855271,-4.47092713512897,12.3505347334318,3
TCGA-CR-7374-01A,11.9563296472381,4.55956394367188,12.7473135224398,3
TCGA-CR-7376-01A,26.2947936816501,-1.05639129803506,4.23351010774396,3
TCGA-CR-7377-01A,21.6753801705165,-1.21795342214411,4.22792201683689,3
TCGA-CR-7379-01A,24.397909992075,-1.06807678581979,2.04664317152617,3
TCGA-CR-7386-01A,21.3593593870934,-1.52586229359384,2.83509646106381,3
TCGA-CR-7388-01A,26.2187928592781,-2.28669572729848,2.84910389842985,3
TCGA-CR-7390-01A,11.2671130204463,7.66421465965232,16.0273657696432,3
TCGA-CR-7392-01A,14.2335438229547,1.87586403128843,9.10004946135204,3
TCGA-CR-7394-01A,22.0690463370442,-1.55174114115403,4.55057720081951,3
TCGA-CR-7401-01A,8.59348329528488,5.82822984454602,18.0454182381459,3
TCGA-CV-5432-01A,8.16836877474342,4.7266349718092,27.2216048341658,3
TCGA-CV-5435-01A,13.8550550539911,6.04781603832473,14.1415743157806,3
TCGA-CV-5439-01A,11.089201437422,0.463778604762309,12.4514292213621,3
TCGA-CV-5441-01A,11.391101488987,3.73714398411596,19.5956873167698,3
TCGA-CV-5442-01A,22.974745562593,-3.39175915831479,0.859864162673506,3
TCGA-CV-5971-01A,28.0586959006082,-1.46984874488664,4.17229728676972,3
TCGA-CV-5977-01A,28.1080066021261,-2.75135127067274,2.6982877542731,3
TCGA-CV-6003-01A,10.2884445520364,-3.39331731507854,15.5664357532512,3
TCGA-CV-6933-01A,8.3576630495711,5.00678097239697,21.6070045715187,3
TCGA-CV-6937-01A,11.6760240760461,4.88649138364899,14.947958397466,3
TCGA-CV-6942-01A,14.9045956950191,2.73534461547426,20.038600289744,3
TCGA-CV-6948-01A,6.16132966134837,6.10534799946056,23.3956563271119,3
TCGA-CV-6950-01A,11.7477984607602,-1.36752824286027,12.2841001638377,3
TCGA-CV-6953-01A,9.52515469024001,3.60541930398227,8.98022742019398,3
TCGA-CV-6954-01A,13.4636688926248,3.2532998774034,14.8784111468993,3
TCGA-CV-6956-01A,11.742935019697,4.34048522845085,17.6835752076929,3
TCGA-CV-6959-01A,12.4682719266068,4.82106418898117,13.8634460983805,3
TCGA-CV-6961-01A,10.3190161801517,3.78108547465417,8.76814434847844,3
TCGA-CV-7095-01A,9.87839876993934,-4.72041186412291,15.6273042452675,3
TCGA-CV-7097-01A,10.5813830543435,-3.44856563713119,13.8034137507042,3
TCGA-CV-7101-01A,8.52666437324105,2.74185844358128,9.66352733845295,3
TCGA-CV-7102-01A,11.2468476619026,7.44426287942491,12.4020073435583,3
TCGA-CV-7103-01A,12.8028007462763,-4.07561315557424,10.1882888075555,3
TCGA-CV-7104-01A,11.8859125657079,-2.52772745057645,12.5973813934082,3
TCGA-CV-7183-01A,25.6602458047362,-2.90010794200573,1.55130677698626,3
TCGA-CV-7238-01A,14.4071073944082,1.00887017498849,17.0523820785246,3
TCGA-CV-7252-01A,12.6260819114863,-3.00815501536669,10.7047820583862,3
TCGA-CV-7253-01A,10.9581913388397,0.25702660781265,13.6794505385674,3
TCGA-CV-7255-01A,15.0800428467199,4.89745772902883,13.1542735753095,3
TCGA-CV-7261-01A,13.983090059508,-3.76574639347712,11.6925592797446,3
TCGA-CV-7263-01A,11.9789033331923,-1.10051579806359,15.3750990980792,3
TCGA-CV-7410-01A,24.3269090315972,-1.81656593597593,8.8891001740176,3
TCGA-CV-7416-01A,26.3643712864068,-1.45564884465381,4.74824831297882,3
TCGA-CV-7422-01A,8.88132280377984,6.19348163358356,19.5291979942609,3
TCGA-CV-7423-01A,14.6287776726406,-4.00115331631226,10.0888649337317,3
TCGA-CV-7424-01A,12.9870509488761,2.48201457486574,18.9498684397922,3
TCGA-CV-7425-01A,20.4009570975939,-0.0767550882853229,3.83223394886309,3
TCGA-CV-7432-01A,10.7081377929754,7.98607849662719,18.2164518788665,3
TCGA-CV-7434-01A,9.92282679933892,-6.33207945873376,16.0796533796609,3
TCGA-CV-7435-01A,25.2964635640915,-3.97975778437922,1.62214794020297,3
TCGA-CV-7437-01A,12.2318779581793,-0.034483015992216,13.3614497236903,3
TCGA-CV-7446-01A,23.7773780530954,-3.34329314652996,3.72658001938954,3
TCGA-CV-7568-01A,10.4280789056391,4.31851122591044,22.5897535468727,3
TCGA-CV-A45O-01A,9.98897951442345,3.94232518062794,8.96887577843696,3
TCGA-CV-A45P-01A,13.4450532723897,5.74601122568837,14.7449732589223,3
TCGA-CV-A45T-01A,21.7671155030994,-3.336429690233,9.87277241525923,3
TCGA-CV-A45U-01A,11.8869036215002,-1.61116446467151,13.4155211320066,3
TCGA-CV-A45W-01A,9.6138775384827,5.35341970649812,24.5248303200915,3
TCGA-CV-A45Z-01A,8.59657053513653,2.55157377791336,24.094449756061,3
TCGA-CV-A6JN-01A,6.18559372741101,4.55385210198685,24.28344304,3
TCGA-CV-A6JU-01A,8.67913546457248,4.51589780550162,27.2247981949873,3
TCGA-CV-A6JY-01A,12.693391346411,0.900862395671124,11.459403982309,3
TCGA-CV-A6K1-01A,6.73879883970632,5.12960088559959,25.7321779545865,3
TCGA-CV-A6K2-01A,11.8580401158417,9.8783080549852,15.0089007822794,3
TCGA-CX-7082-01A,12.5345743217177,-0.0499079879986595,12.9007574309825,3
TCGA-CX-7085-01A,22.1480753050901,0.829066005656504,4.45042770593133,3
TCGA-CX-7086-01A,12.3180620114414,7.32788033351355,13.0493932818049,3
TCGA-CX-A4AQ-01A,7.77629197946916,5.36654126627008,25.9982372487381,3
TCGA-D6-6516-01A,20.3825082694357,-1.00361381234125,2.68059979546618,3
TCGA-D6-6517-01A,24.608504501803,-2.58687718729415,2.39707364877398,3
TCGA-D6-6824-01A,27.3909665576678,1.23690430543634,3.24646377658631,3
TCGA-D6-6825-01A,15.3670213319264,-3.50484314581893,9.5114039774903,3
TCGA-D6-6826-01A,15.1912495773006,4.46009789260867,9.65930233969473,3
TCGA-D6-A6EO-01A,12.1918145764159,4.6991253838268,19.746698561373,3
TCGA-D6-A6EP-01A,5.808426222593,5.37718875944399,29.6681143499992,3
TCGA-D6-A6ES-01A,8.43200193221669,3.48608395488294,26.1977067630414,3
TCGA-D6-A74Q-01A,6.72450838855904,4.22358430903812,26.11861240705,3
TCGA-DQ-5624-01A,13.2783118935823,-4.15143836463436,9.0925860900977,3
TCGA-DQ-5625-01A,10.7352337598904,-0.234443124425393,12.3786495419758,3
TCGA-DQ-5630-01A,9.60423649166755,4.64080155518797,10.3454333007306,3
TCGA-DQ-5631-01A,25.0949345072197,-2.08267936197381,7.04505929457241,3
TCGA-DQ-7588-01A,11.0336350365744,1.71676908899187,23.7104827803157,3
TCGA-F7-8298-01A,11.7068274742705,-5.01819396044635,16.7010334096611,3
TCGA-F7-A50G-01A,13.7716796274437,6.97587742041943,14.3059079699081,3
TCGA-F7-A50I-01A,22.9501038286602,-3.65182665352146,2.93680015501407,3
TCGA-F7-A50J-01A,23.7075729162312,-3.0830278193609,3.11618140015821,3
TCGA-F7-A61W-01A,8.60973685673649,2.14925236901019,26.515635619287,3
TCGA-F7-A622-01A,10.9033491749767,3.29434479545986,20.8133946661658,3
TCGA-F7-A623-01A,10.1235657016001,4.15317000485711,21.0174041701617,3
TCGA-H7-8501-01A,8.86887644470474,4.21394102308965,27.240183002359,3
TCGA-H7-8502-01A,9.61999801671782,2.00816133285536,16.553194935314,3
TCGA-H7-A6C4-01A,11.6289800572543,-0.856276427824309,11.2693559872402,3
TCGA-HD-7229-01A,22.5183791614992,-2.9597498630112,8.08787804217698,3
TCGA-HD-7753-01A,22.656671509187,-4.07573859530489,3.61856667667743,3
TCGA-HD-7831-01A,9.35268686406718,4.02759503986221,27.2297488750585,3
TCGA-HD-8224-01A,11.5237575381163,4.32093187794366,8.68949188345058,3
TCGA-HD-8635-01A,23.2949339023474,-1.77181519339798,7.59833141756358,3
TCGA-HD-A4C1-01A,12.4510537099769,4.20811952112804,8.7534219224286,3
TCGA-HD-A633-01A,16.2697063037214,-4.37451703659031,9.99048170827046,3
TCGA-HD-A6HZ-01A,11.1386198575965,6.55396046942426,13.3403659433895,3
TCGA-IQ-7632-01A,9.96070120102588,4.89060148530102,7.15237944958823,3
TCGA-IQ-A61E-01A,12.8321904671333,2.98697872889239,19.0024779558629,3
TCGA-IQ-A61H-01A,9.54073699699603,-5.31631619981896,14.5926960393769,3
TCGA-IQ-A61J-01A,23.130756173181,-4.79014954988355,5.42424474467493,3
TCGA-IQ-A61O-01A,12.5379776832989,-3.37225222494498,17.4006421607867,3
TCGA-IQ-A6SH-01A,7.32642583543855,6.49046055497129,22.1485121838184,3
TCGA-KU-A6H8-01A,19.3015415017664,2.84011741385475,9.06745678165034,3
TCGA-MT-A51W-01A,28.627119736486,-1.46833216695882,1.06027441233645,3
TCGA-MT-A51X-01A,12.0936369179389,-4.29928583696516,13.3095233222086,3
TCGA-MT-A67D-01A,11.3182685893885,7.71728049445695,15.8725191413919,3
TCGA-MT-A7BN-01A,5.46956942363047,5.03905143741939,28.3919163067987,3
TCGA-MZ-A7D7-01A,8.11202967671974,6.23832796219455,25.3959056168599,3
TCGA-P3-A5QA-01A,28.8201421730682,-3.95467524944492,2.66491731693921,3
TCGA-P3-A6SX-01A,8.98128080330162,2.92592908497888,24.8254200585604,3
TCGA-P3-A6T0-01A,25.9418096007777,0.245695116034186,5.38409699688044,3
TCGA-P3-A6T3-01A,21.645604561589,-5.42398044859772,2.2186808077987,3
TCGA-P3-A6T4-01A,12.3538047447793,3.05359542262422,17.0983806489839,3
TCGA-P3-A6T7-01A,10.3818145008572,3.14366162709233,16.2014038320749,3
TCGA-QK-A6IG-01A,9.43208862855109,2.11225407145265,24.7549993109989,3
TCGA-QK-A6II-01A,10.3513978909922,-3.36308479339184,17.0288091796844,3
TCGA-QK-A6IJ-01A,7.91443547626959,6.48966174756888,25.9416228539388,3
TCGA-QK-A6VC-01A,13.8941604789143,1.19568897759266,20.4448898113047,3
TCGA-QK-A8Z7-01A,10.9008967674588,-5.08299339823066,17.0853751579214,3
TCGA-QK-A8Z8-01A,6.14135080872488,4.43417413472671,27.0113983329266,3
TCGA-QK-A8ZA-01A,21.8825299986368,-0.333674256713569,2.46783554851178,3
TCGA-QK-A8ZB-01A,13.3890789953927,4.78914523095894,13.908958622385,3
TCGA-RS-A6TO-01A,13.9950313997974,2.46901463196981,19.7670519542227,3
TCGA-T2-A6X2-01A,16.2999765112271,-4.69309437003718,8.63389655607843,3
TCGA-T3-A92M-01A,9.67155688516223,7.59287602407499,27.4265153320294,3
TCGA-TN-A7HJ-01A,10.1308812698121,2.54770296142073,12.8204073742646,3
TCGA-UF-A718-01A,14.591869669341,1.73665489258608,18.3834890317841,3
TCGA-UF-A71A-01A,10.7094018497082,1.03043032143629,23.8135968659583,3
TCGA-UF-A71D-01A,11.1217613538923,4.62580233371425,15.0744306211405,3
TCGA-UF-A71E-01A,9.36325163305857,5.63824951146069,23.6983816305031,3
TCGA-UF-A7JA-01A,22.3825249904145,-3.62764581507661,9.9787183431439,3
TCGA-UF-A7JC-01A,12.7126017835155,1.17158882270221,12.1864516950373,3
TCGA-UF-A7JD-01A,8.26813028789579,6.80812936330856,26.1761601276163,3
TCGA-UF-A7JJ-01A,12.7814741078663,5.17506944150055,13.494406878922,3
TCGA-WA-A7H4-01A,17.1912334334096,2.97819777639263,9.75291812865641,3
