Sample,X,Y,Z,Cluster
TCGA-4P-AA8J-01A,-143.321404994755,-140.568681523588,25.2210163813626,1
TCGA-BA-4074-01A,-143.362603673134,-140.291921584361,20.3865295989149,1
TCGA-BA-6871-01A,-134.652198705826,-138.039665806089,28.3735033855408,1
TCGA-BA-7269-01A,-145.543931836913,-139.613156016342,21.8959440611879,1
TCGA-BA-A6DB-01A,-144.165400276476,-137.787471811203,28.3589851984492,1
TCGA-BA-A6DD-01A,-139.89662100186,-135.913365639596,26.0651834382691,1
TCGA-BA-A6DG-01A,-142.09090105082,-136.61308416658,24.6434299174229,1
TCGA-BA-A8YP-01A,-144.184675059755,-141.46225664112,22.4955282973368,1
TCGA-BB-4228-01A,-142.009257601058,-142.602556803453,17.1621350376336,1
TCGA-BB-A5HU-01A,-141.033225874412,-141.155289820527,17.8589103639571,1
TCGA-BB-A6UO-01A,-142.62196712752,-141.500238657966,24.2527748930746,1
TCGA-CN-4723-01A,-143.507561286795,-139.235274708954,19.6354603086795,1
TCGA-CN-4726-01A,-136.718482300014,-136.296156696139,27.1408777226402,1
TCGA-CN-4731-01A,-143.677364137974,-143.005618968804,26.2128963551127,1
TCGA-CN-4733-01A,-144.444681062384,-136.390360535578,27.742426974063,1
TCGA-CN-4736-01A,-145.490513112537,-140.14669403108,24.29632141454,1
TCGA-CN-4737-01A,-143.662726366956,-138.150212742603,24.0812376132952,1
TCGA-CN-4742-01A,-144.663972544519,-136.277044902962,24.3241232698292,1
TCGA-CN-5356-01A,-143.67957674684,-142.471722541798,18.6193083292215,1
TCGA-CN-5363-01A,-137.928272530365,-136.737668612914,29.3869892924934,1
TCGA-CN-5366-01A,-143.020841941295,-140.071534093237,25.3628706719338,1
TCGA-CN-5367-01A,-100.570660207395,-136.356705019646,21.753419749115,1
TCGA-CN-5370-01A,-99.5796186451241,-134.729364623069,18.5482080080875,1
TCGA-CN-5373-01A,-142.459582887606,-137.854457382121,23.9846454449257,1
TCGA-CN-6016-01A,-144.377454612712,-139.608093149111,23.9805748908725,1
TCGA-CN-6017-01A,-145.781476255519,-140.065187781236,26.6693827835271,1
TCGA-CN-6019-01A,-146.244376185187,-139.161710080203,24.6183150880918,1
TCGA-CN-6022-01A,-99.0424154854844,-134.286563377718,18.9460021259213,1
TCGA-CN-6024-01A,-143.292654444754,-139.420513165755,19.5219341532641,1
TCGA-CN-6997-01A,-141.649193879419,-144.416010682774,26.5737417266838,1
TCGA-CN-A49A-01A,-99.2939103084196,-135.0152656228,20.2833395374607,1
TCGA-CN-A49B-01A,-139.476041936459,-144.73839352073,27.8563458425629,1
TCGA-CQ-5325-01A,-145.592524158761,-139.025836112153,26.8454267462216,1
TCGA-CQ-5330-01A,-139.344681281688,-144.658226623452,27.9577088775069,1
TCGA-CQ-5332-01A,-138.005009613002,-133.225337645324,28.7956549103386,1
TCGA-CQ-5334-01A,-140.405920510863,-142.16321881193,17.6161600355456,1
TCGA-CQ-6218-01A,-142.71445926309,-136.649434797367,28.9109646020484,1
TCGA-CQ-6219-01A,-144.713653574807,-137.881320843552,21.3199295896589,1
TCGA-CQ-6224-01A,-145.114225460294,-137.696809678849,24.5033509784868,1
TCGA-CQ-6227-01A,-145.901872459718,-139.043663007562,25.9183801039845,1
TCGA-CQ-7072-01A,-144.123721616795,-139.752138428352,23.7426152172471,1
TCGA-CQ-A4C7-01A,-137.735516216113,-136.453318342902,28.9308946074091,1
TCGA-CQ-A4C9-01A,-147.111868502736,-142.548034994078,25.0113405377866,1
TCGA-CQ-A4CI-01A,-137.84558441725,-133.054103345916,28.7760407277435,1
TCGA-CR-5243-01A,-142.290552544406,-142.089273031762,23.9573343201754,1
TCGA-CR-5247-01A,-145.991736654926,-137.501172836269,24.8248309781356,1
TCGA-CR-6474-01A,-141.863729739207,-136.530426491366,28.404185717645,1
TCGA-CR-6477-01A,-142.35178446007,-141.638424541679,18.4025229569492,1
TCGA-CR-7365-01A,-144.906274910971,-135.727902465512,24.2233238088422,1
TCGA-CR-7377-01A,-143.40604597057,-138.432406712247,24.2000851450403,1
TCGA-CR-7380-01A,-143.778597976024,-140.260819978393,23.7854963215941,1
TCGA-CR-7382-01A,-140.548532559222,-140.610678435105,18.464417170328,1
TCGA-CR-7383-01A,-144.565815298434,-139.976712749964,21.5414474119595,1
TCGA-CR-7386-01A,-145.926663187402,-138.313994073769,25.0002953590064,1
TCGA-CR-7388-01A,-145.091997142627,-142.225456815001,19.86808672916,1
TCGA-CR-7391-01A,-99.8991995723477,-134.849181390706,19.1380767986336,1
TCGA-CR-7392-01A,-143.511820803307,-136.401985433582,28.556498923937,1
TCGA-CR-7397-01A,-146.002168222256,-139.532337567604,23.8633244452636,1
TCGA-CR-7401-01A,-143.010923817339,-136.532355212237,28.4958747168811,1
TCGA-CV-5431-01A,-143.888683189697,-141.230349734098,21.4283784569808,1
TCGA-CV-5435-01A,-139.094029933966,-140.878898988439,25.1565781497501,1
TCGA-CV-5436-01A,-138.191939909031,-136.918058335507,29.8535590378821,1
TCGA-CV-5441-01A,-135.745122984245,-137.209722864913,30.3028243208536,1
TCGA-CV-5443-01A,-142.669508865559,-142.797449521797,17.3795203608563,1
TCGA-CV-5444-01A,-145.853995410728,-138.739884980277,25.1098537024138,1
TCGA-CV-5970-01A,-141.908883290987,-138.364102981395,23.1751989746734,1
TCGA-CV-6935-01A,-145.20914996821,-141.938701418962,21.050940697349,1
TCGA-CV-6937-01A,-141.967929905963,-135.22727008763,25.9122910280512,1
TCGA-CV-6939-01A,-143.437529000369,-143.012596135666,17.864347012377,1
TCGA-CV-6943-01A,-146.93883989395,-135.496499195583,24.5609616648323,1
TCGA-CV-6954-01A,-144.560180871544,-138.2562913473,28.396767660868,1
TCGA-CV-6956-01A,-142.580819848426,-143.883625562975,26.1376424983058,1
TCGA-CV-7095-01A,-136.992503405847,-137.078694609057,29.5625555969089,1
TCGA-CV-7097-01A,-141.773119206566,-141.676685609757,17.9505641591724,1
TCGA-CV-7102-01A,-147.05006262389,-139.855769754136,24.1031340200656,1
TCGA-CV-7103-01A,-143.755448760204,-139.054900093666,24.0447175163754,1
TCGA-CV-7104-01A,-139.299079672674,-135.639827192553,28.5605408324067,1
TCGA-CV-7177-01A,-145.854989938051,-136.833064636676,24.9929036228748,1
TCGA-CV-7236-01A,-140.221238341255,-136.036030593101,26.4644736291751,1
TCGA-CV-7238-01A,-138.732976303648,-136.708588217049,30.4401196344517,1
TCGA-CV-7248-01A,-142.962505966882,-142.933252091785,17.4263495276795,1
TCGA-CV-7252-01A,-139.730352082779,-136.242901828177,27.0027449609961,1
TCGA-CV-7261-01A,-147.421524478583,-136.575833686007,25.9804178106574,1
TCGA-CV-7263-01A,-146.648462098645,-141.479706365025,24.6638654481486,1
TCGA-CV-7414-01A,-145.483433486384,-142.191623371917,21.1492658332143,1
TCGA-CV-7415-01A,-144.302489432768,-139.244957121064,21.8851995578099,1
TCGA-CV-7421-01A,-139.892147211498,-134.950316141215,28.7059916655052,1
TCGA-CV-7568-01A,-144.15970912134,-137.295073785126,25.8211811860979,1
TCGA-CV-A45R-01A,-145.152073392495,-141.298159928995,21.1008921602415,1
TCGA-CV-A45Y-01A,-146.772945560877,-136.687193321549,24.2170154217037,1
TCGA-CV-A461-01A,-136.820137678623,-143.380777958319,23.5546661927394,1
TCGA-CV-A464-01A,-145.526002771899,-135.908840689297,26.9614516646449,1
TCGA-CV-A468-01A,-144.833140252888,-139.828575748624,24.8031657347983,1
TCGA-CV-A6JE-01A,-100.441097565462,-136.108632898931,21.2826666729204,1
TCGA-CV-A6JT-01A,-144.354106982069,-139.094253083967,22.3426349177313,1
TCGA-CV-A6JU-01A,-147.095501153898,-142.915214993942,25.0718440376306,1
TCGA-CV-A6JZ-01A,-100.804371047014,-136.675913474743,22.3314608481013,1
TCGA-CV-A6K0-01B,-100.001485431895,-134.789903323108,19.1107475627845,1
TCGA-CX-7085-01A,-146.797374504303,-139.484368489147,23.8228323764505,1
TCGA-D6-A6EP-01A,-127.700269315213,-140.185170799486,25.0013873762597,1
TCGA-D6-A6EQ-01A,-142.145804966099,-136.28810784438,25.4902304669754,1
TCGA-DQ-5630-01A,-143.919433470575,-138.796707873869,21.2693916509319,1
TCGA-DQ-7592-01A,-100.438698873814,-135.449757606205,19.8338421235117,1
TCGA-F7-7848-01A,-142.065247565004,-144.400329937716,26.3687420831434,1
TCGA-F7-8298-01A,-140.730080824382,-142.309968829466,17.1413907328012,1
TCGA-H7-8502-01A,-140.097722566458,-144.94437726379,27.448419376968,1
TCGA-HD-7753-01A,-137.000161192863,-137.091748708566,29.5720583474529,1
TCGA-HD-7831-01A,-144.195706685124,-139.673075059941,22.5628836041674,1
TCGA-IQ-A61J-01A,-142.296240557131,-136.713104275666,24.9569757089432,1
TCGA-IQ-A61O-01A,-140.046468550461,-134.59256761908,28.9112226916146,1
TCGA-MT-A51X-01A,-100.467055216881,-135.96750561267,20.9300727919318,1
TCGA-MT-A67D-01A,-139.82078428541,-134.942656173748,28.8017976996167,1
TCGA-P3-A6T8-01A,-139.659779781472,-136.471781692769,26.5874812029014,1
TCGA-QK-A652-01A,-142.217177217435,-136.974847916437,28.702127450373,1
TCGA-QK-A8Z9-01B,-144.524017515754,-139.777465301922,23.1005711383006,1
TCGA-QK-AA3K-01A,-142.023698159613,-136.466660983478,24.3497292459445,1
TCGA-T2-A6WZ-01A,-127.661520566796,-140.212245906835,24.9937816265381,1
TCGA-T2-A6X2-01A,-140.439646894943,-140.625310421532,17.3683879034209,1
TCGA-T3-A92M-01A,-141.32197415692,-135.791870420125,26.5789305199712,1
TCGA-UF-A718-01A,-138.24964308514,-137.47836819538,29.9546098748555,1
TCGA-UF-A71A-01A,-144.590699032019,-140.544410893254,23.6724997211309,1
TCGA-UF-A7JD-01A,-144.671604159888,-141.281734135148,23.0965800285803,1
TCGA-UF-A7JS-01A,-141.441299541622,-140.053326313717,26.5384260263078,1
TCGA-UP-A6WW-01A,-141.044243189954,-141.547532193702,16.9296865185139,1
TCGA-WA-A7GZ-01A,-134.7733274349,-137.982847763371,28.4610431063664,1
TCGA-WA-A7H4-01A,-100.721896691797,-134.741113645841,18.8762856508486,1
TCGA-BA-4075-01A,68.6354436451356,69.3441485632772,-22.2533733616936,2
TCGA-BA-4076-01A,70.7907424466207,65.1411289678296,-19.3941238988177,2
TCGA-BA-4077-01B,65.5288743270753,59.9703234981013,-8.59005234091302,2
TCGA-BA-5151-01A,63.8518600508474,61.0914678543945,-19.5283941509934,2
TCGA-BA-5152-01A,71.7109206779341,64.8778602037846,-19.5086112199605,2
TCGA-BA-5153-01A,63.7386625036505,58.683052293467,-17.6525870410164,2
TCGA-BA-5555-01A,64.6026593960336,60.0241044962402,-13.3271202754802,2
TCGA-BA-5556-01A,60.4061171374237,61.4025696170498,-20.7909417603541,2
TCGA-BA-5557-01A,61.3679902377518,57.1680269051055,-27.5706966925733,2
TCGA-BA-5558-01A,64.4445872683173,68.3879156892605,-9.43059297341036,2
TCGA-BA-6868-01B,71.1867117320375,75.6282833932028,-16.4492010543459,2
TCGA-BA-6869-01A,65.6891377540043,64.825628678583,-13.0672047094922,2
TCGA-BA-6870-01A,75.7402862725822,75.7790403152743,-18.2906118605501,2
TCGA-BA-6872-01A,78.874194786581,68.6266088043757,-18.4822026596529,2
TCGA-BA-6873-01A,72.7937982910214,64.6506115832659,-19.7902060921603,2
TCGA-BA-A4IF-01A,65.3170786719798,64.1293842850258,-11.196059184957,2
TCGA-BA-A4IG-01A,62.1615891103641,58.1328247213345,-19.1780600005231,2
TCGA-BA-A4IH-01A,57.5778041547324,64.4227658486995,-17.9570506508382,2
TCGA-BA-A4II-01A,64.1486039267192,68.1078246986576,-8.74324683965306,2
TCGA-BA-A6D8-01A,71.1222691304361,74.261791392852,-19.0071760468602,2
TCGA-BA-A6DA-01A,69.6764036620433,71.0299399306169,-15.0424190947077,2
TCGA-BA-A6DE-01A,65.8024806953182,65.2738605733677,-12.7019240970299,2
TCGA-BA-A6DI-01A,71.5944181486592,74.247477231115,-18.5704133091691,2
TCGA-BA-A6DJ-01A,68.9566858856237,66.206691479626,-18.8565174493977,2
TCGA-BA-A6DL-01A,65.5109545558397,60.6595582544919,-14.7976332428406,2
TCGA-BB-4217-01A,74.8412010044938,64.8620429689928,-19.1565886974059,2
TCGA-BB-4223-01A,63.7859230240324,57.6164123821631,-16.2044811050504,2
TCGA-BB-4225-01A,60.975406813388,57.3471467778397,-19.9632255058151,2
TCGA-BB-4227-01A,68.9473236908915,65.2076211284274,-17.5791723337715,2
TCGA-BB-8601-01A,69.3611543663797,65.8231795982163,-19.1148548777577,2
TCGA-BB-A5HY-01A,77.2373992590554,70.1603567889782,-17.983790596224,2
TCGA-BB-A5HZ-01A,64.8418127474664,56.2002856926108,-13.4389263777266,2
TCGA-BB-A6UM-01A,63.6104925405883,58.0846124551253,-16.3636043119812,2
TCGA-C9-A47Z-01A,67.1333975589065,68.7854730895371,-17.8426314421418,2
TCGA-C9-A480-01A,61.0582312784843,60.6430252876009,-17.3246181359219,2
TCGA-CN-4722-01A,49.661263494909,68.1309048649851,-17.8477440984347,2
TCGA-CN-4725-01A,68.1845495242448,70.3930574645396,-16.6865987537065,2
TCGA-CN-4727-01A,62.248111393183,57.4727718804457,-21.9836128269972,2
TCGA-CN-4729-01A,66.5684507387382,61.3307384866114,-19.7420502919729,2
TCGA-CN-4730-01A,54.8578840101753,66.7580166533169,-16.5863881337209,2
TCGA-CN-4734-01A,60.4602380723734,60.4625294219472,-20.9457836172499,2
TCGA-CN-4738-01A,48.127654303491,68.3025313555759,-15.4423639494658,2
TCGA-CN-4741-01A,62.0113598722227,58.249514952894,-9.38111375995176,2
TCGA-CN-5365-01A,58.5851105644853,64.2497152093206,-18.0054167164762,2
TCGA-CN-5374-01A,64.8058720631604,58.519048321654,-15.3891288440202,2
TCGA-CN-6010-01A,59.858464024603,53.4299537222583,-19.325372364507,2
TCGA-CN-6011-01A,64.5759146539614,68.6266257985869,-9.77590398926106,2
TCGA-CN-6012-01A,61.1048893790677,56.7491166126943,-15.8641483020367,2
TCGA-CN-6013-01A,63.7001332097521,60.4047392713415,-9.71829915479045,2
TCGA-CN-6018-01A,51.8959912808272,69.5257326730609,-17.1038692631903,2
TCGA-CN-6021-01A,65.0620553267599,67.7344237908303,-15.4768477951273,2
TCGA-CN-6023-01A,60.5532014882844,56.932883928589,-19.4851781221898,2
TCGA-CN-6988-01A,64.551789271631,60.6398675881721,-10.2228473986477,2
TCGA-CN-6995-01A,71.2505558818926,74.1214469301761,-19.0622177811753,2
TCGA-CN-6996-01A,78.0658094605688,74.4641167147251,-13.2670656279698,2
TCGA-CN-6998-01A,63.7846407779802,61.201513240461,-18.1808466610106,2
TCGA-CN-A498-01A,66.2729469355713,66.0598179687498,-12.7228292478596,2
TCGA-CN-A499-01A,69.519950787393,65.3003502387605,-18.8825438068311,2
TCGA-CN-A49C-01A,64.6582797883455,58.9765023850518,-15.2924189922676,2
TCGA-CN-A63W-01A,69.9666247501465,67.3524431829369,-14.1945554682065,2
TCGA-CN-A641-01A,67.8301817441908,64.0019153793859,-11.2277043418315,2
TCGA-CN-A642-01A,51.4375162673494,67.7770872856324,-16.6411224882634,2
TCGA-CN-A6UY-01A,67.7559690392702,59.6563567729283,-12.4016674808347,2
TCGA-CN-A6V3-01A,56.6686013947708,66.744235937336,-16.2038961408754,2
TCGA-CN-A6V6-01A,61.5662939738022,57.3135341340843,-15.8166997400106,2
TCGA-CN-A6V7-01A,64.1453571319359,59.6508898367951,-15.8112378621229,2
TCGA-CQ-5323-01A,59.008323484903,61.2029051703689,-18.3853393633791,2
TCGA-CQ-5324-01A,61.1918576122991,57.1323639149228,-22.6877967899593,2
TCGA-CQ-5326-01A,69.1172376476948,67.4955504215397,-14.7371982896638,2
TCGA-CQ-5327-01A,49.1543123801061,68.8082144438529,-16.4532324687954,2
TCGA-CQ-5329-01A,62.1162286547767,58.1932298933017,-27.5684810886896,2
TCGA-CQ-5331-01A,59.9551963035521,58.9104210402329,-21.3202921995802,2
TCGA-CQ-5333-01A,75.2603520163764,75.8179872820965,-18.3491823753226,2
TCGA-CQ-6220-01A,66.6937529830502,68.4150799306744,-17.7374998949644,2
TCGA-CQ-6223-01A,57.3818043778781,66.2388399007746,-16.5796285796064,2
TCGA-CQ-6225-01A,65.2065524336257,59.8417301334486,-9.76839187658299,2
TCGA-CQ-6229-01A,52.3074673506825,70.4323721881202,-16.341620773673,2
TCGA-CQ-7063-01A,61.4164204946977,60.5101078224166,-21.1563167034841,2
TCGA-CQ-7065-01A,72.1894608797106,73.9305282932338,-16.5966015281151,2
TCGA-CQ-7068-01A,61.5280979927394,58.0235096330996,-21.3460870700597,2
TCGA-CQ-7069-01A,70.891324817754,74.313801492998,-17.1136652094343,2
TCGA-CQ-7071-01A,61.6165123165226,57.4211340488422,-27.2961130019903,2
TCGA-CQ-A4C6-01A,72.5666425748291,74.2632636393794,-16.6041226323672,2
TCGA-CQ-A4CA-01A,48.0765054876836,70.916082719129,-14.6515450622934,2
TCGA-CQ-A4CD-01A,54.5994324167269,68.1120315326295,-16.5917122382805,2
TCGA-CQ-A4CE-01A,52.7212081727003,68.8410146636699,-13.4877478785393,2
TCGA-CQ-A4CG-01A,68.5974067486596,71.6853264344221,-20.7229722982366,2
TCGA-CQ-A4CH-01A,63.4537116847229,58.7218008862315,-18.9112340521528,2
TCGA-CR-5248-01A,68.0525152965306,60.5231649900268,-10.329272366371,2
TCGA-CR-5249-01A,63.781725381681,57.4749332654389,-16.3131521799377,2
TCGA-CR-5250-01A,68.3874481669385,58.7956024557801,-12.0348283640799,2
TCGA-CR-6467-01A,67.5266438345397,59.5909581776101,-9.7512782503126,2
TCGA-CR-6470-01A,59.8849012083231,53.5588270873976,-23.4310480426318,2
TCGA-CR-6472-01A,60.2066138875349,53.4397736081191,-22.7381422230829,2
TCGA-CR-6473-01A,66.5156041312254,65.9942047005232,-12.577295087081,2
TCGA-CR-6478-01A,65.287373156715,68.670813424437,-11.1433832633308,2
TCGA-CR-6480-01A,64.7086216619163,60.7295737506987,-10.1014286932218,2
TCGA-CR-6481-01A,63.8515918073454,58.4056492102457,-16.4070216679033,2
TCGA-CR-6482-01A,68.9556226022432,60.6604365775195,-10.1420816096626,2
TCGA-CR-6488-01A,49.4986610131874,70.1709242479818,-15.0348185435306,2
TCGA-CR-6491-01A,69.0805367259309,71.4163227322162,-15.4225016309998,2
TCGA-CR-6492-01A,59.9810750162956,66.1763571047174,-17.852174039777,2
TCGA-CR-6493-01A,68.7139920807005,67.9609350293677,-14.8309517738307,2
TCGA-CR-7364-01A,67.3986196594913,69.8931987134686,-17.5099813723652,2
TCGA-CR-7368-01A,62.5282214555206,58.6863871103507,-7.75757101207724,2
TCGA-CR-7372-01A,51.0529443230168,69.7445485850267,-15.3870841986798,2
TCGA-CR-7373-01A,55.112182720261,67.7317110260034,-16.5980619417226,2
TCGA-CR-7374-01A,60.2564842128331,55.9017188259782,-20.3794766736153,2
TCGA-CR-7379-01A,60.6653548657054,57.0781451566249,-23.4038749699097,2
TCGA-CR-7385-01A,63.0617299858738,57.4325779942038,-16.4223725199863,2
TCGA-CR-7389-01A,74.6365985900177,75.6837205366689,-18.3460592100398,2
TCGA-CR-7390-01A,65.8366079052862,61.1231653702476,-19.5527115309983,2
TCGA-CR-7393-01A,50.2325969130516,68.1776698927643,-17.9298641516935,2
TCGA-CR-7394-01A,61.1698988009005,56.9877256884749,-27.8104992178424,2
TCGA-CR-7395-01A,60.3688485351307,58.4447847636715,-22.1744188073827,2
TCGA-CR-7399-01A,60.5692778761182,56.0596549763351,-19.7646557077531,2
TCGA-CR-7402-01A,65.7056178256041,64.4825276527706,-12.1872390114022,2
TCGA-CR-7404-01A,62.3904334773289,58.6066367311587,-9.34630014148149,2
TCGA-CV-5432-01A,64.4586986584497,59.1957413260259,-17.7876163335114,2
TCGA-CV-5439-01A,51.5919328823248,69.4461171680452,-15.3504967111526,2
TCGA-CV-5440-01A,63.9152588784888,68.1242678044926,-8.27322405458334,2
TCGA-CV-5442-01A,59.8511905000968,59.8342951801096,-18.3070941890894,2
TCGA-CV-5966-01A,76.753118378966,66.0723540628953,-18.9699142123118,2
TCGA-CV-5973-01A,69.3197934777104,66.9217729005875,-12.2074680576623,2
TCGA-CV-5976-01A,80.7705761398711,68.0722661585117,-18.7482855864557,2
TCGA-CV-5977-01A,56.2331078906618,66.6899856653979,-15.9729150657467,2
TCGA-CV-5979-01A,54.0479332987767,70.7065106322648,-16.0831154428237,2
TCGA-CV-6003-01A,60.1479309199316,66.3455595111594,-17.7731228008525,2
TCGA-CV-6433-01A,65.6782511580049,63.3359817428837,-13.641895235652,2
TCGA-CV-6436-01A,69.9498618653645,67.2040010455481,-12.3614952793624,2
TCGA-CV-6441-01A,76.6791880732739,65.6205623362985,-18.9040883606679,2
TCGA-CV-6933-01A,60.1826548348102,53.3176028761839,-22.5037359146572,2
TCGA-CV-6936-01A,58.1091552151139,59.317356193623,-20.3036031200983,2
TCGA-CV-6938-01A,78.0387559065432,74.4604364915834,-13.2573599368323,2
TCGA-CV-6940-01A,59.9844786597858,52.7111062883441,-22.0948423930528,2
TCGA-CV-6945-01A,70.7549810684765,73.3638186455688,-16.8438147645916,2
TCGA-CV-6950-01A,74.8142461399568,75.3972245507802,-18.1712350035763,2
TCGA-CV-6951-01A,61.607692879744,57.3089432594551,-26.9385059226209,2
TCGA-CV-6952-01A,76.6564303072506,70.7148368701477,-17.4341135899851,2
TCGA-CV-6953-01A,60.9084543369771,59.9468904563601,-17.3693830583331,2
TCGA-CV-6955-01A,60.3158836562102,59.5885451532279,-18.3995478933692,2
TCGA-CV-6959-01A,72.6157026144442,73.9721439802425,-17.1313293698239,2
TCGA-CV-6960-01A,76.0599907454698,65.789289406303,-19.048633346756,2
TCGA-CV-6962-01A,64.8825513632211,67.8296702604203,-14.8620785939356,2
TCGA-CV-7089-01A,76.4871885584027,66.380171540846,-18.8667787033446,2
TCGA-CV-7090-01A,53.3218601261144,70.2359789435482,-15.6990774649682,2
TCGA-CV-7091-01A,48.0103003868468,70.7729549273085,-15.3212007761425,2
TCGA-CV-7099-01A,58.1589493591472,63.0759872986175,-18.4867246578464,2
TCGA-CV-7101-01A,61.269638198019,54.0025439966047,-22.6561795071876,2
TCGA-CV-7180-01A,69.471673352895,67.3241599050418,-14.3510380631284,2
TCGA-CV-7183-01A,61.2284062438884,62.7235497789443,-17.6272349209228,2
TCGA-CV-7242-01A,76.0098641732811,65.0832998324116,-18.682032288981,2
TCGA-CV-7245-01A,62.0759101540705,58.6162212220069,-7.23086444196569,2
TCGA-CV-7247-01A,63.9501315461686,68.9133072933209,-8.69397966748726,2
TCGA-CV-7250-01A,74.2518107223946,64.623464784273,-18.5846822414073,2
TCGA-CV-7253-01A,64.4688822207163,60.9586165764516,-10.4022956877725,2
TCGA-CV-7255-01A,68.0241146738496,70.1217008852085,-17.5992567557028,2
TCGA-CV-7407-01A,59.5466713443099,56.9294967586,-19.0230074782582,2
TCGA-CV-7416-01A,77.3741691531936,70.6532251041554,-19.8316098570823,2
TCGA-CV-7418-01A,71.3771519112758,63.8798288079794,-19.2135019372967,2
TCGA-CV-7423-01A,62.5423710747094,62.7168940006217,-18.1566316030723,2
TCGA-CV-7425-01A,50.5755790294274,69.5149808647736,-15.4415795952023,2
TCGA-CV-7427-01A,61.1272768457508,58.7443932421238,-19.9173947872112,2
TCGA-CV-7428-01A,49.303437016501,70.7913789171437,-14.5840427226994,2
TCGA-CV-7429-01A,80.9675650810561,67.7131269121455,-18.8405191461299,2
TCGA-CV-7430-01A,62.2508867406853,56.3466683480589,-19.041996679353,2
TCGA-CV-7432-01A,70.2140595495027,67.4746457052953,-14.6954339661212,2
TCGA-CV-7434-01A,56.9213098992803,66.9575759474978,-15.807677503848,2
TCGA-CV-7437-01A,60.5549451595708,55.401044818344,-20.0200586028519,2
TCGA-CV-7438-01A,68.0282088197581,71.8090994453632,-21.3181964751451,2
TCGA-CV-7440-01A,61.8005687384173,56.4643757150635,-18.7650977692653,2
TCGA-CV-A45O-01A,59.7337138394986,61.8262724790679,-15.939385815356,2
TCGA-CV-A45P-01A,61.0745314314137,61.9638324007458,-17.1268503678793,2
TCGA-CV-A45Q-01A,70.9117709185087,66.1975023643784,-8.25516974319505,2
TCGA-CV-A45T-01A,68.6294306314567,70.6160219459364,-21.1109129847421,2
TCGA-CV-A45U-01A,65.1829446042551,68.8408444379876,-13.8228902714018,2
TCGA-CV-A45X-01A,63.5474155134604,58.7881685369055,-13.0343276234572,2
TCGA-CV-A463-01A,57.0589841047563,65.0191831315968,-16.9367552550996,2
TCGA-CV-A465-01A,69.3860558665008,70.6023008771201,-15.1421803537667,2
TCGA-CV-A6JD-01A,68.342886173041,71.6469724822253,-20.8978028589064,2
TCGA-CV-A6JM-01A,60.7601606562143,55.2522068981226,-23.2118654906806,2
TCGA-CV-A6JN-01A,69.8940189079108,72.531268448609,-16.6072795141436,2
TCGA-CV-A6JO-01B,61.0958027384903,57.3794686095976,-22.2195280749513,2
TCGA-CV-A6JY-01A,58.7432048271544,62.4881848428089,-17.0861177789077,2
TCGA-CV-A6K1-01A,70.7027738456088,65.5334241035563,-8.02952269491517,2
TCGA-CX-7086-01A,64.9349354290144,60.1480479842864,-12.0456094798143,2
TCGA-CX-7219-01A,73.2626084230286,62.5630067698346,-21.4551425514501,2
TCGA-CX-A4AQ-01A,52.4593062269862,69.413710386718,-15.7408038522761,2
TCGA-D6-6515-01A,47.7862691653744,70.959737492215,-14.656206349096,2
TCGA-D6-6516-01A,51.8498582181452,69.5523052796414,-15.3305065536993,2
TCGA-D6-6517-01A,73.4678177419237,74.6807697148573,-17.7928892952718,2
TCGA-D6-6823-01A,66.4491034640161,61.0195655166301,-13.752614232679,2
TCGA-D6-6825-01A,66.9568057563995,71.0294058798421,-20.6561980831241,2
TCGA-D6-6826-01A,77.7104690675204,70.3227810990446,-18.827584384828,2
TCGA-D6-6827-01A,52.2292801011747,68.3328087487519,-16.2342354812855,2
TCGA-D6-8568-01A,76.8453816341428,72.555155207542,-17.7339579580915,2
TCGA-D6-8569-01A,72.9798436515608,73.5814484534473,-18.0517890800189,2
TCGA-D6-A4Z9-01A,49.1133213665829,70.0202817223329,-14.4382850786925,2
TCGA-D6-A4ZB-01A,65.0296368135271,64.1037598975393,-13.9410769425261,2
TCGA-D6-A6EK-01A,60.973105988835,62.2187139722785,-16.8716359846632,2
TCGA-D6-A6EM-01A,72.158023682739,75.2914918946321,-17.3486829311296,2
TCGA-D6-A6EN-01A,71.0794671049897,65.1077273126655,-19.5414106193474,2
TCGA-D6-A6EO-01A,65.6789296353622,64.0243717062647,-12.2446445140442,2
TCGA-D6-A6ES-01A,66.3336595526455,68.598563211624,-17.8411960356681,2
TCGA-DQ-5624-01A,80.1189997238698,68.9671403685767,-18.512417916306,2
TCGA-DQ-5629-01A,61.0060920930273,54.9224562208456,-20.2486624536389,2
TCGA-DQ-5631-01A,72.4277251500756,75.2159867187147,-19.3933224011042,2
TCGA-DQ-7588-01A,68.452635272049,70.8605094009823,-17.1278547993352,2
TCGA-DQ-7591-01A,66.5340012621442,58.5803441444618,-13.0106853597923,2
TCGA-F7-8489-01A,76.8979985831325,71.7832750261882,-17.7733996076281,2
TCGA-F7-A50G-01A,50.5978234390872,69.6020440737943,-14.8825870669355,2
TCGA-F7-A50I-01A,57.8715024708463,59.4881227692545,-20.5470146188477,2
TCGA-F7-A50J-01A,71.8619161225583,74.8366150392271,-17.0329005270554,2
TCGA-F7-A61S-01A,71.4501998165994,74.301979560597,-17.34743623213,2
TCGA-F7-A61V-01A,66.3381758584269,66.378540387729,-11.9031683422018,2
TCGA-F7-A61W-01A,71.8013992304236,74.4366534742879,-18.0407787415988,2
TCGA-F7-A620-01A,76.8699050161496,71.2863979804843,-17.6892029205032,2
TCGA-F7-A622-01A,67.9302908269097,64.008224646975,-11.1986711523807,2
TCGA-F7-A623-01A,64.4776631987217,59.9903521149998,-10.0719027392266,2
TCGA-F7-A624-01A,74.0879403815647,64.6181713730515,-19.3950358484187,2
TCGA-H7-7774-01A,61.637532067589,58.2041818983592,-19.7559769484378,2
TCGA-H7-8501-01A,58.8050187062182,61.1403291498011,-21.1296402745608,2
TCGA-H7-A6C4-01A,80.0587010804138,69.9185733360107,-18.1387394094553,2
TCGA-HD-7229-01A,77.0423545585034,70.4022183122877,-17.7461071513585,2
TCGA-HD-7832-01A,56.6903489181101,67.0404920577127,-15.7937469585656,2
TCGA-HD-8314-01A,62.9925468963472,58.7929234381887,-7.80861232318124,2
TCGA-HD-8634-01A,58.3411248239463,63.4755221203241,-18.0163215334968,2
TCGA-HD-8635-01A,79.3691482479652,69.5496865174032,-18.348779708628,2
TCGA-HD-A4C1-01A,61.7763262823566,58.0882510656341,-21.3308542938391,2
TCGA-HD-A633-01A,76.951113904608,65.9702138798719,-18.9685343560064,2
TCGA-HD-A634-01A,62.5704441170699,62.4998559061831,-11.8400794742641,2
TCGA-HD-A6HZ-01A,60.81974541637,55.0441345035824,-23.5988119301144,2
TCGA-HD-A6I0-01A,68.9523952699092,64.937282401775,-18.9688486957589,2
TCGA-HL-7533-01A,52.8724114081683,67.703085238462,-16.3831610091699,2
TCGA-IQ-7630-01A,68.3736365205043,72.160990464479,-18.2168636284293,2
TCGA-IQ-7632-01A,58.3903833832295,62.9589874629486,-17.7850932801524,2
TCGA-IQ-A61E-01A,68.6650222445421,71.9217455046004,-20.1345273241832,2
TCGA-IQ-A61G-01A,65.8492263010611,59.8823055587715,-13.1556145577589,2
TCGA-IQ-A61I-01A,66.0817884577598,58.7788853395004,-12.4286716360566,2
TCGA-IQ-A6SG-01A,64.983497271818,68.2216630915119,-14.2384257683871,2
TCGA-IQ-A6SH-01A,77.1417278564305,70.4398972435237,-17.7975786302298,2
TCGA-KU-A66T-01A,61.7749052855738,56.8759353833741,-18.4877281380642,2
TCGA-KU-A6H7-01A,67.0994723951644,70.150617819103,-16.656960449723,2
TCGA-KU-A6H8-01A,48.4257419487337,69.7196169285242,-15.2607922408467,2
TCGA-MT-A51W-01A,57.184916096499,65.9620296865553,-16.7222290521417,2
TCGA-MT-A67A-01A,52.6451462543982,68.7466936396264,-13.4418488907421,2
TCGA-MT-A67F-01A,60.7827640807304,57.1334362940247,-22.3953970547337,2
TCGA-MT-A7BN-01A,48.1616012962122,69.3023078690273,-15.416114683089,2
TCGA-MZ-A5BI-01A,53.198779669781,69.0479662658962,-15.9503856171503,2
TCGA-MZ-A6I9-01A,61.4101141151777,58.2087471177543,-16.2314994180504,2
TCGA-MZ-A7D7-01A,62.4027151451971,60.6753725645183,-22.3240868228242,2
TCGA-P3-A5Q5-01A,62.8366607750857,59.0787876140968,-9.37774306834109,2
TCGA-P3-A5QA-01A,72.2134993710329,75.2477010065602,-17.5024894741577,2
TCGA-P3-A5QE-01A,52.5496772586949,68.2958293098971,-16.3024079212155,2
TCGA-P3-A5QF-01A,61.9308108129361,58.1656580560332,-9.31376782017607,2
TCGA-P3-A6SW-01A,52.1208356070539,68.8150518713732,-13.3001093802573,2
TCGA-P3-A6SX-01A,53.0185013354239,69.7318652624115,-13.1519253558968,2
TCGA-P3-A6T0-01A,61.4715981821285,57.6654604484739,-22.0617964868488,2
TCGA-P3-A6T2-01A,72.4925861458997,65.0800777512734,-19.5637920463267,2
TCGA-P3-A6T3-01A,64.1418106112826,61.1875846618938,-19.1442285306368,2
TCGA-P3-A6T4-01A,63.9220121325931,67.9773414375392,-8.21405886446411,2
TCGA-P3-A6T5-01A,48.5682225892224,71.2830428157957,-14.3001957160593,2
TCGA-P3-A6T6-01A,64.096275044214,56.8073137655641,-13.4268934737746,2
TCGA-P3-A6T7-01A,70.5242619960144,67.6057703125292,-12.5154511166709,2
TCGA-QK-A64Z-01A,80.7498497808568,68.6133136122713,-18.6136053207911,2
TCGA-QK-A6IF-01A,52.2962501999677,67.9475955331944,-16.4290821276267,2
TCGA-QK-A6IG-01A,68.8606302901832,69.6779010160857,-22.0842350634584,2
TCGA-QK-A6IH-01A,70.6627234452973,65.4568284488131,-8.03465601584204,2
TCGA-QK-A6II-01A,60.4932174952637,61.87963873667,-16.2211291374952,2
TCGA-QK-A6IJ-01A,70.9911942081235,73.5460847618774,-16.7262229391363,2
TCGA-QK-A6V9-01A,67.7649212993624,59.3270764456231,-12.2847187560981,2
TCGA-QK-A6VB-01A,64.4733295572406,61.9533894421074,-18.9580870809035,2
TCGA-QK-A6VC-01A,65.845796863203,57.3093748414253,-13.7110968204647,2
TCGA-QK-A8Z8-01A,68.4528982187004,70.0580340517633,-15.8178585737425,2
TCGA-QK-A8ZA-01A,63.625510031206,60.0516310960759,-14.3356675522589,2
TCGA-QK-A8ZB-01A,73.3609796762777,75.940131628711,-17.4106879902179,2
TCGA-QK-AA3J-01A,65.8461953414112,59.015288524581,-11.6960835233585,2
TCGA-RS-A6TO-01A,61.8399730753219,58.0347457550291,-22.7278497957448,2
TCGA-RS-A6TP-01A,68.4434789976231,60.4360786493806,-10.4343254108052,2
TCGA-T2-A6WX-01A,61.9185309987406,60.4167639142346,-21.740919857587,2
TCGA-T3-A92N-01A,73.1920317853452,62.4476632518771,-21.554864831325,2
TCGA-TN-A7HI-01A,74.6884046042987,63.9718663466697,-19.5379169315133,2
TCGA-TN-A7HJ-01A,69.3798511809165,67.6831666588186,-14.9703159547355,2
TCGA-TN-A7HL-01A,68.9466014737425,60.2703544271129,-10.5482834976384,2
TCGA-UF-A719-01A,65.7097134533677,59.1053742292227,-12.4083494286431,2
TCGA-UF-A71B-01A,65.4838423946838,68.8465537862653,-11.4044626514993,2
TCGA-UF-A71D-01A,65.3285040122936,59.6685623611449,-12.6196444429942,2
TCGA-UF-A71E-01A,64.0343166764731,61.3087153152285,-19.0462305911201,2
TCGA-UF-A7JC-01A,70.9297294574157,66.2230254795762,-8.25451528040089,2
TCGA-UF-A7JF-01A,75.7370416653517,65.2144047344842,-19.1124186319472,2
TCGA-UF-A7JK-01A,72.3050312412431,75.3211812612049,-19.5772240697018,2
TCGA-UF-A7JO-01A,61.0405564683225,55.8834676221838,-23.0131716431472,2
TCGA-UF-A7JV-01A,67.9920661493953,71.5673893285404,-21.233635572153,2
TCGA-BA-4078-01A,56.4902629643637,56.0502068617663,11.6370020168582,3
TCGA-BA-5559-01A,-30.0784514484017,-24.5869735113597,20.7928268603083,3
TCGA-BB-4224-01A,-23.7414467504139,-19.011127937556,19.1779117815209,3
TCGA-BB-8596-01A,-33.0017247646098,-36.3315572843209,27.7363940269872,3
TCGA-CN-4728-01A,-32.4676223385787,-35.6803300845276,27.5898046112553,3
TCGA-CN-4735-01A,-33.2299703241901,-36.0684284283861,31.1810270256183,3
TCGA-CN-4739-01A,-28.8678171970239,-35.5380735649597,27.2422916067889,3
TCGA-CN-4740-01A,-30.722708769958,-30.9215606473541,22.8260661051936,3
TCGA-CN-5355-01A,-31.6207036090159,-34.1666514854868,27.0542112724209,3
TCGA-CN-5358-01A,-33.5847301891437,-36.7877684996075,27.9793924705503,3
TCGA-CN-5359-01A,-32.139454807635,-37.1735419651825,27.0862111809383,3
TCGA-CN-5360-01A,-30.2891935113471,-21.6923764098782,21.4868254950701,3
TCGA-CN-5361-01A,-34.531478349015,-37.1094954663468,29.743115323698,3
TCGA-CN-5364-01A,-34.5944107829095,-32.2164910185478,22.2921017474925,3
TCGA-CN-5369-01A,-31.3661959217908,-35.7676185685204,26.335865307014,3
TCGA-CN-6020-01A,-29.5238020236622,-33.3675624101821,25.565674066371,3
TCGA-CN-6989-01A,-32.4495221222539,-36.0870033985111,27.4354260862279,3
TCGA-CN-6992-01A,-34.1111705844402,-31.8620631707801,22.0376912903726,3
TCGA-CN-6994-01A,-30.0057413193813,-31.8655209991649,23.8950110947727,3
TCGA-CN-A497-01A,57.3235240168848,56.944486475079,11.0810400833573,3
TCGA-CN-A63T-01A,-23.5436456210813,-18.7725280783828,19.108856708745,3
TCGA-CN-A63U-01A,57.0386605970124,56.7214543765335,11.1140780831244,3
TCGA-CN-A63V-01A,-30.3855915579718,-32.2083721421423,24.3901575711934,3
TCGA-CQ-6221-01A,-29.9412135682318,-30.7782426610887,22.2841731533327,3
TCGA-CQ-6222-01A,-30.400193294555,-22.0413272044932,20.9747115871899,3
TCGA-CQ-6228-01A,-31.2553621147146,-33.3154564845056,24.9448098673849,3
TCGA-CQ-A4CB-01A,-29.1194960566262,-31.9232052660659,23.7875917307947,3
TCGA-CR-6471-01A,-35.1298470759674,-36.1520261445638,27.8215379921477,3
TCGA-CR-6484-01A,-31.4474323122489,-30.8017197291769,22.6485551221199,3
TCGA-CR-6487-01A,-31.3278114262284,-33.5131194454932,23.6326614691841,3
TCGA-CR-7367-01A,-34.4146540535888,-36.3177567929616,27.9222587801987,3
TCGA-CR-7369-01A,-29.7988997972393,-20.633014448168,22.1848827617773,3
TCGA-CR-7370-01A,56.1936906797507,55.4204495638844,10.7286365616516,3
TCGA-CR-7371-01A,56.0324339811913,55.29869931798,11.4254315085513,3
TCGA-CR-7376-01A,-30.4766180492063,-31.0634853586391,22.9847403308419,3
TCGA-CR-7398-01A,56.7217329605231,56.5170493548236,12.789087940456,3
TCGA-CV-5430-01A,-32.5550620680149,-31.4197123331587,22.5552273173704,3
TCGA-CV-5434-01A,-31.4100773818897,-35.1682799152433,27.0311002052842,3
TCGA-CV-5971-01A,-32.4579916938343,-36.2449273768429,27.9411000721669,3
TCGA-CV-5978-01A,-30.2955745575408,-30.5030344490703,22.5694484408602,3
TCGA-CV-6934-01A,-33.9031084461112,-37.0759154611405,28.1564041460311,3
TCGA-CV-6941-01A,-31.4840585486096,-33.8610839356066,26.814849470721,3
TCGA-CV-6942-01A,-33.4513407094247,-38.1339999461828,27.1856653759638,3
TCGA-CV-6948-01A,57.2254286860001,57.2943436475206,10.741483764507,3
TCGA-CV-6961-01A,-29.5907694195656,-36.3942204648521,27.8294551718011,3
TCGA-CV-7100-01A,-30.3205300691836,-31.0348873626032,21.212711762236,3
TCGA-CV-7178-01A,-33.8556061423404,-35.757687345224,30.8882034530023,3
TCGA-CV-7235-01A,-31.040583558675,-30.6424970961994,22.1417877999936,3
TCGA-CV-7254-01A,-31.9882613468935,-35.2028091789101,27.549707904349,3
TCGA-CV-7406-01A,-30.3613937634113,-24.5795573257557,20.8325582755553,3
TCGA-CV-7410-01A,-33.9013617900127,-35.5762700855684,30.6987349827633,3
TCGA-CV-7411-01A,-30.6333701469792,-28.2918193076081,21.0249843181954,3
TCGA-CV-7413-01A,-33.2364704212605,-35.9337254700711,27.8890691875845,3
TCGA-CV-7422-01A,-32.7181257965514,-31.207705078833,21.6403364207064,3
TCGA-CV-7424-01A,-30.7289174349122,-32.2088978504318,24.109127415532,3
TCGA-CV-7433-01A,-31.8610728059994,-35.1413563694889,27.2995831602958,3
TCGA-CV-7435-01A,-33.5856796308187,-36.6580640461918,27.8814967676805,3
TCGA-CV-7446-01A,-31.016110463904,-23.3576357134532,21.088095673663,3
TCGA-CV-A45V-01A,-30.615119777188,-26.4684727500328,20.6285209822336,3
TCGA-CV-A45W-01A,56.5375138396676,56.1153348126504,11.6415590156626,3
TCGA-CV-A45Z-01A,-29.225751029339,-23.9444535628599,20.5955839796488,3
TCGA-CV-A460-01A,-31.3864667309611,-33.4590984477218,23.905018984085,3
TCGA-CV-A6K2-01A,-30.6252165000846,-26.6475794076214,20.5476632846296,3
TCGA-CX-7082-01A,57.0994808476347,56.6690092797535,10.8188607956737,3
TCGA-D6-6824-01A,-30.9962382625211,-36.0730054026143,27.4210018606128,3
TCGA-D6-A74Q-01A,-24.0780683342035,-19.4118271659828,19.2873364201498,3
TCGA-DQ-5625-01A,-29.8309431557263,-20.6602984664258,22.1519492455575,3
TCGA-H7-A76A-01A,-32.0425493490454,-37.6627581370545,28.488905013086,3
TCGA-HD-7754-01A,-30.8353621229909,-23.5496160201703,21.0140969334002,3
TCGA-HD-8224-01A,-30.2869321913751,-36.5024249972105,28.0658503564666,3
TCGA-IQ-7631-01A,-34.1114816759845,-36.0320001705318,30.4332680147396,3
TCGA-IQ-A61H-01A,-30.8720593057855,-25.4123272537479,20.6077233406356,3
TCGA-KU-A66S-01A,56.9928370965744,56.6188711178637,10.3958403242213,3
TCGA-P3-A5Q6-01A,-32.7729403943383,-36.2660474766776,25.1509212849074,3
TCGA-QK-A8Z7-01A,-28.7125259865107,-35.3417313919339,24.1785850168522,3
TCGA-T2-A6X0-01A,56.9952001715758,56.5592444354227,10.3267382839544,3
TCGA-UF-A7J9-01A,56.6803316465342,56.2947026834708,11.5559443660429,3
TCGA-UF-A7JA-01A,-34.5287665058795,-32.2113099248487,22.3268474848839,3
TCGA-UF-A7JH-01A,-30.6271228917403,-31.7074360789085,23.6795365693882,3
TCGA-UF-A7JJ-01A,-32.5334053675328,-35.6614570747842,27.6856971661277,3
TCGA-UF-A7JT-01A,-30.5837715988764,-27.5981034562588,20.3792816281675,3
