Sample,X,Y,Z,Cluster
TCGA-CS-4943-01A,-17.7050240887245,24.7593219180474,-7.90847022564646,1
TCGA-CS-5395-01A,-16.674016021292,18.3286908019169,-7.42054039228827,1
TCGA-CS-5397-01A,-15.7031362224682,18.255453334448,-7.79556441898024,1
TCGA-CS-6186-01A,-17.5563893520564,12.9543303821154,-7.31786618547109,1
TCGA-CS-6188-01A,-16.8271967296031,14.5271652427714,-4.64588589935468,1
TCGA-DB-5277-01A,-12.3100511028744,19.1015516225794,-7.64003755992619,1
TCGA-DB-A64W-01A,-19.4280668527966,20.8247903801801,-7.12840379237986,1
TCGA-DH-5140-01A,-19.8225979624444,20.709296512611,-14.4978724052124,1
TCGA-DH-A669-01A,-21.5691478936047,20.8397823507146,-10.3891320842027,1
TCGA-DH-A7UU-01A,-23.4607279746903,19.0092668618521,-8.36846626143444,1
TCGA-DU-5847-01A,-21.0784880572643,19.2424075953819,-7.50856846774581,1
TCGA-DU-5854-01A,-16.0721946141302,13.1616334316647,-4.16985463980129,1
TCGA-DU-6392-01A,-22.5193062445647,20.7895611422686,-10.1881704450064,1
TCGA-DU-6403-01A,-18.1994842446541,21.2953467588238,-8.58762049753292,1
TCGA-DU-6405-01A,-19.5396068430946,18.1839448333843,-7.71118902496449,1
TCGA-DU-6406-01A,-19.9717169911949,19.1450846857526,-10.3939179649071,1
TCGA-DU-7010-01A,-14.4103315847018,19.8456913388293,-5.62801649722609,1
TCGA-DU-7013-01A,-18.8168760852925,21.5508354488136,-9.76970566549184,1
TCGA-DU-7292-01A,-13.9914396663798,15.8377797420937,-5.62322704852746,1
TCGA-DU-7298-01A,-14.9522379386008,15.8819481578993,-6.26870339672717,1
TCGA-DU-8165-01A,-16.8244921270092,17.0685288504697,-5.50489888005833,1
TCGA-DU-A5TY-01A,-15.8548328406771,18.4316927115156,-10.8287845081296,1
TCGA-DU-A76L-01A,-18.2243706760383,17.0917604947023,-9.00981298583334,1
TCGA-DU-A7TD-01A,-20.4403004978052,23.3631785293042,-8.02002302707215,1
TCGA-DU-A7TJ-01A,-18.2174414149836,19.1061023202064,-9.18525391412493,1
TCGA-E1-5304-01A,-18.5425819452511,22.6821516554523,-9.47850864002043,1
TCGA-E1-A7YI-01A,-16.1429289777056,23.572568698439,-8.19959815001821,1
TCGA-E1-A7YQ-01A,-16.690299315508,12.4976895572334,-7.21706842120372,1
TCGA-E1-A7YV-01A,-16.5652453705515,20.4831085356883,-9.22025552863394,1
TCGA-FG-6688-01A,-17.5881543386786,14.8064019527859,-4.74347658956126,1
TCGA-FG-A4MU-01B,-18.2084059290311,19.932907620593,-9.19913802721179,1
TCGA-FG-A87N-01A,-21.2988310286759,21.9659409029373,-8.99999622338623,1
TCGA-HT-7467-01A,-17.0369266566184,11.115026338625,-6.58973151943623,1
TCGA-HT-7471-01A,-19.8307634196186,20.4820502574429,-7.09907445456588,1
TCGA-HT-7477-01B,-15.5370760680886,20.4835593750848,-9.81807828290945,1
TCGA-HT-8011-01A,-18.1622305077605,20.2039460320536,-7.76045510280676,1
TCGA-HT-8104-01A,-15.4546039110547,16.371597998112,-4.97738884782641,1
TCGA-HT-8110-01A,-18.7650123292893,16.768416401068,-7.95977852774911,1
TCGA-HT-8564-01A,-19.1825497771098,11.3502648293831,-7.48238541093254,1
TCGA-HT-A5RA-01A,-19.953402227806,20.0887209252482,-8.52562115684709,1
TCGA-HT-A5RC-01A,-16.760986030358,18.9248683731047,-10.7659056279042,1
TCGA-HT-A61B-01A,-12.68574392228,18.8415540523809,-9.09094348202057,1
TCGA-HT-A61C-01A,-20.772630241711,22.2189814217569,-10.9054261192661,1
TCGA-HW-7486-01A,-17.9890173709805,12.4638090482934,-4.11510203853704,1
TCGA-KT-A7W1-01A,-19.3210112905341,19.7670523251439,-9.89738781963106,1
TCGA-P5-A5EU-01A,-12.4810728024621,19.3103396285583,-8.82082794167112,1
TCGA-S9-A6U0-01A,-17.9359142388517,20.5276613262571,-11.7420135335823,1
TCGA-S9-A6WG-01A,-21.520468514958,17.8280534292594,-8.95548066883258,1
TCGA-S9-A7IS-01A,-19.341199040235,19.8551024214079,-10.0895739169553,1
TCGA-S9-A7J0-01A,-18.8779339779278,21.2850722106907,-7.46968015912057,1
TCGA-TM-A84B-01A,-18.0083255912838,12.9265416923978,-6.2842874666189,1
TCGA-TM-A84I-01A,-16.0995368308809,21.6167496122104,-9.34447831933504,1
TCGA-TM-A84J-01A,-17.6255077102788,23.5600648502,-9.76803518811333,1
TCGA-TQ-A7RM-01A,-18.6030587630793,21.7485309446457,-8.76429822044245,1
TCGA-CS-4944-01A,16.2566449922806,-8.13153030069013,-3.49318772132096,2
TCGA-CS-6670-01A,7.00344009096488,-21.5511448618785,0.57813055588624,2
TCGA-DB-5278-01A,11.8077780855009,-26.6585203190333,3.90666858884317,2
TCGA-DB-A4XA-01A,12.079601864551,-20.6426316922804,1.05978922508517,2
TCGA-DB-A64R-01A,9.892793141163,-25.8614383933692,3.33517159191778,2
TCGA-DB-A64U-01A,15.1606956931437,-21.5747917691007,11.176129362669,2
TCGA-DB-A64V-01A,14.5846931237541,-19.6382029475783,4.97295059620506,2
TCGA-DB-A64X-01A,12.8434027656568,-10.7116251642576,3.32496387686707,2
TCGA-DB-A75P-01A,14.2769812608974,-11.0592849973275,-1.99393822881691,2
TCGA-DH-5141-01A,11.8867706964591,-19.8764001858665,4.21504313927493,2
TCGA-DH-A66B-01A,17.7763816528877,-9.83429006485506,-1.98297312622338,2
TCGA-DH-A66F-01A,14.0010918339561,-23.4231024631925,12.4890966538944,2
TCGA-DH-A7US-01A,13.2995993475263,-19.7992878800352,7.28911122014097,2
TCGA-DH-A7UT-01A,14.2095810431595,-11.3126645222008,3.79723822984239,2
TCGA-DH-A7UV-01A,13.5469706215263,-6.20393319253276,1.7580770109379,2
TCGA-DU-5870-01A,11.5812587641028,-26.0481679584503,3.62869317926181,2
TCGA-DU-5872-01A,7.20161392354921,-6.79091718998046,10.9538919336964,2
TCGA-DU-6395-01A,13.8840101758236,-8.79264362173119,-4.80559260232522,2
TCGA-DU-6397-01A,10.6734355484814,-25.8897956280126,3.81461729283126,2
TCGA-DU-6400-01A,12.6671018500717,-25.9334302152213,3.27370232158184,2
TCGA-DU-6404-01A,16.8587334424302,-20.7550505449623,5.98991741880309,2
TCGA-DU-A5TR-01A,14.6702679042192,-12.5142939994675,2.39753827862486,2
TCGA-DU-A5TS-01A,13.1484537411257,-12.0825222902177,-0.178862887095663,2
TCGA-DU-A5TU-01A,14.1409259277108,-11.7654333379273,-2.25750260960215,2
TCGA-DU-A6S2-01A,8.19053892742724,-22.7615039450624,6.09619958043872,2
TCGA-DU-A6S6-01A,11.1881508976596,-21.0962789370615,0.352197986573623,2
TCGA-DU-A76K-01A,19.5564327458976,-20.8114608888689,1.90034664626267,2
TCGA-DU-A7T8-01A,14.0302534910984,-14.058030604036,-0.51718357264189,2
TCGA-DU-A7TB-01A,16.0571745756482,-10.5260877254452,11.9902849587537,2
TCGA-E1-A7YE-01A,14.0876327301036,-7.57458241562767,1.31956686846671,2
TCGA-E1-A7YH-01A,12.3091591328663,-7.68425089404755,7.26039079788404,2
TCGA-E1-A7YK-01A,14.7440316474811,-13.1165625698766,3.75385733059897,2
TCGA-E1-A7YL-01A,15.9096189951067,-20.601343768071,0.898048002116222,2
TCGA-E1-A7YM-01A,12.9467207347195,-10.1130173581699,10.4405662685622,2
TCGA-E1-A7YU-01A,15.2208169602022,-13.6262932455737,2.88069343399301,2
TCGA-E1-A7YW-01A,12.7380379264059,-6.59474971686757,3.57934957763881,2
TCGA-E1-A7Z2-01A,19.3217512090441,-18.7873397894517,3.39912026755966,2
TCGA-E1-A7Z3-01A,14.0128129899595,-6.14712058056268,5.55155004485906,2
TCGA-E1-A7Z4-01A,16.0011607974671,-12.1282833927498,3.12647596872568,2
TCGA-E1-A7Z6-01A,13.5506742664181,-8.73122259981541,5.57953366964061,2
TCGA-F6-A8O3-01A,12.9502436923256,-27.21381164355,10.8186918227621,2
TCGA-F6-A8O4-01A,15.2345073555576,-8.57378022167395,-5.41587599216572,2
TCGA-FG-5965-01B,12.8882434695364,-7.46630487565675,1.86046965655605,2
TCGA-FG-8186-01A,11.9251937496746,-22.8979824468457,11.7499609477418,2
TCGA-FG-8187-01A,13.7406015864372,-14.4928371807138,11.8636327742517,2
TCGA-FG-A4MY-01A,15.1748049878706,-13.9982055895151,4.22879118046247,2
TCGA-FG-A60K-01A,14.8078594818442,-25.241174249963,10.6196545709551,2
TCGA-FG-A60L-01A,15.3548236028855,-16.8434893212041,3.72409739418456,2
TCGA-FG-A6IZ-01A,14.8123825212743,-19.0817915656584,0.365278964521677,2
TCGA-FG-A6J1-01A,14.1643584769795,-19.1180473862464,2.944251376228,2
TCGA-FG-A70Y-01A,11.8102245082515,-11.3656749957867,6.53802928043173,2
TCGA-FG-A710-01A,16.0455464208553,-20.3430190763568,3.59054919921664,2
TCGA-FG-A87Q-01A,16.3606983036689,-17.6067752618423,6.260494301934,2
TCGA-HT-7681-01A,11.7251799457876,-14.6481750054675,11.9265342599023,2
TCGA-HT-7684-01A,17.3317505992752,-8.38287052034519,-3.89203970718725,2
TCGA-HT-7689-01A,8.54919689964101,-7.99927358791274,8.26726691782111,2
TCGA-HT-7691-01A,15.511272590062,-18.6327123706692,7.25085544760635,2
TCGA-HT-7856-01A,14.4520707151931,-9.48942344044691,11.9043913122586,2
TCGA-HT-7857-01A,15.8308468224,-12.7314073500208,4.49849926034403,2
TCGA-HT-7875-01A,8.94850412321545,-24.9684165671987,5.0045178368338,2
TCGA-HT-7879-01A,14.8446062402859,-10.463016204922,4.49611721340097,2
TCGA-HT-7880-01A,12.1736961268548,-9.35682348763241,5.95890750346848,2
TCGA-HT-7902-01A,12.763993608373,-8.98976745843713,12.1171466366823,2
TCGA-HT-8010-01A,12.4408325949664,-14.2591971496297,9.89256253282539,2
TCGA-HT-8012-01A,16.5501747600418,-23.1539956798942,6.0281931241647,2
TCGA-HT-8013-01A,11.9902041606107,-10.2839770066016,10.0205707827694,2
TCGA-HT-A4DS-01A,18.4550838953608,-18.9408276651486,0.381895513041202,2
TCGA-HT-A4DV-01A,16.8053285026688,-19.2495444443971,4.66848513213014,2
TCGA-HT-A614-01A,12.4864609040852,-5.89013463477841,9.72250109288427,2
TCGA-HT-A74H-01A,19.3173633497372,-19.1275971702867,4.26609542405756,2
TCGA-HT-A74K-01A,10.9456657542643,-19.3501477722847,1.18390940063496,2
TCGA-HW-A5KJ-01A,12.5430791637229,-22.4745933654679,2.13528169068163,2
TCGA-HW-A5KK-01A,14.8001341953422,-10.7062143093747,5.55186170571054,2
TCGA-KT-A74X-01A,11.454111218437,-23.3533708934847,0.72112298983957,2
TCGA-P5-A5ET-01A,13.2927744668197,-26.451674979335,9.87131297441473,2
TCGA-P5-A5EV-01A,16.8342274341253,-8.9313725318396,-2.36482003650259,2
TCGA-P5-A5EX-01A,16.7087520541827,-22.4618003343396,5.04606891819189,2
TCGA-P5-A5F0-01A,8.89784657362197,-25.4968586324535,4.06219216901116,2
TCGA-P5-A5F1-01A,12.4989385380273,-16.9363680328422,10.6774350401131,2
TCGA-P5-A5F6-01A,15.6335956123434,-12.0346762770774,6.49621412631935,2
TCGA-P5-A72U-01A,14.5164783706315,-19.8087499070716,-0.963160039682497,2
TCGA-P5-A72Z-01A,8.2648369828869,-22.6713961693946,2.87971235293791,2
TCGA-P5-A731-01A,14.7713611234646,-10.6493568437138,12.0531179840919,2
TCGA-P5-A737-01A,8.20167706615315,-22.9597230763797,-0.372534781010078,2
TCGA-P5-A781-01A,12.962491724499,-23.7920699676362,13.226899673544,2
TCGA-QH-A65R-01A,13.4933807062555,-28.5063693675503,6.62063980262771,2
TCGA-QH-A65V-01A,15.4804085605983,-19.5269443535566,3.44634265158019,2
TCGA-QH-A65X-01A,11.5042161678075,-20.5998000111435,-0.621471674836205,2
TCGA-QH-A65Z-01A,11.956927960537,-22.0530317104518,9.51415474256787,2
TCGA-QH-A6CU-01A,16.0949853362581,-20.5526327749807,6.06292429087491,2
TCGA-QH-A6CY-01A,13.2188261877577,-15.2183175618843,14.0755361454367,2
TCGA-QH-A6X5-01A,9.81210240343071,-22.5794483824041,2.08559843304608,2
TCGA-QH-A6X8-01A,15.3315345884969,-25.1259487752469,4.91372133081486,2
TCGA-QH-A86X-01A,13.638982067251,-20.5264375409359,5.28423773480956,2
TCGA-QH-A870-01A,12.7808040402225,-5.54484757239142,9.04599585131312,2
TCGA-R8-A6MK-01A,12.4527061914429,-24.7362598412901,10.7725593996584,2
TCGA-R8-A6ML-01A,9.39630184578858,-25.2115525858521,0.391407925281238,2
TCGA-R8-A6MO-01A,11.2382844592974,-19.9006054342852,4.64961104273634,2
TCGA-RY-A83X-01A,15.63878205376,-23.9195937211276,5.82873302019505,2
TCGA-RY-A83Y-01A,11.914145404305,-21.5484443053779,4.78986081748317,2
TCGA-RY-A83Z-01A,11.4706878591655,-19.7185347792454,0.48837865589875,2
TCGA-RY-A840-01A,12.8346444939283,-20.3198300513275,-1.75336048706372,2
TCGA-RY-A845-01A,14.380125818067,-11.0130726176832,2.33042614380465,2
TCGA-RY-A847-01A,13.4069662050698,-15.1251944685183,10.8493557181225,2
TCGA-S9-A6TS-01A,16.3163089807203,-12.5445401512877,0.582098435809175,2
TCGA-S9-A6TX-01A,9.59770307694921,-21.1223078624838,0.205516551647051,2
TCGA-S9-A6TZ-01A,8.15401329413312,-8.21723280787727,11.0334784518931,2
TCGA-S9-A6U2-01A,17.9232479900041,-22.5401264546225,5.9532508909356,2
TCGA-S9-A6U5-01A,12.5803521612822,-20.2780942452133,3.42110388978112,2
TCGA-S9-A6WE-01A,12.3124677559266,-29.0220661074922,4.48487704271335,2
TCGA-S9-A6WH-01A,16.2177662704783,-20.4253239277382,7.02930519050396,2
TCGA-S9-A6WN-01A,15.2080942334198,-22.1253564353504,10.4383931480808,2
TCGA-S9-A6WP-01A,9.4583470555879,-23.2296830862842,1.27688252748292,2
TCGA-S9-A6WQ-01A,14.3508832078958,-19.6560122581627,9.00450765435943,2
TCGA-S9-A7IY-01A,16.1323510881565,-23.4213890041016,10.1241753603534,2
TCGA-S9-A7IZ-01A,13.8067300815311,-7.4299483516984,9.31113931374947,2
TCGA-S9-A7J1-01A,15.6254803911255,-22.1341263009224,11.7148925680517,2
TCGA-S9-A7J2-01A,14.9654066145461,-24.8931992050579,6.5167450838852,2
TCGA-S9-A7J3-01A,15.3766742155766,-23.8086107151624,10.7733101594175,2
TCGA-S9-A7QW-01A,13.9166395381836,-10.3762129545404,-1.59968021706904,2
TCGA-S9-A7QY-01A,16.3847975349668,-21.0878942830731,5.62352880972244,2
TCGA-S9-A7QZ-01A,16.3851222873307,-21.4185351684893,5.02554793942176,2
TCGA-S9-A7R1-01A,14.4141727680092,-27.9005989076511,6.4550378829649,2
TCGA-S9-A7R3-01A,11.8649884697273,-4.98632020493623,7.48400488772275,2
TCGA-S9-A89V-01A,14.0373144087298,-13.4941482312824,12.5933727723337,2
TCGA-S9-A89Z-01A,13.0752313266957,-9.17863910841626,-3.83493942822739,2
TCGA-TM-A84F-01A,14.0245121215454,-11.4941575411763,5.32351931998201,2
TCGA-TM-A84H-01A,7.09894947724124,-10.2723419701483,8.13353041343297,2
TCGA-TM-A84L-01A,12.6806451838308,-12.5540170137397,4.96002908426856,2
TCGA-TM-A84O-01A,10.9110981713273,-21.1870134533133,4.79475573406198,2
TCGA-TM-A84Q-01A,16.0293008643318,-13.5107465999604,0.137895459533491,2
TCGA-TM-A84S-01A,14.6022985811022,-21.0239474944834,11.6629388970221,2
TCGA-TM-A84T-01A,13.9351831476418,-8.37346760473194,4.7622943404288,2
TCGA-TQ-A7RF-01A,16.8043235994087,-8.12523581630751,-2.49395779903419,2
TCGA-TQ-A7RG-01A,17.1362660892842,-22.0825929528386,8.47666389255874,2
TCGA-TQ-A7RH-01A,12.6210911652028,-10.5800890725205,-0.210954401688012,2
TCGA-TQ-A7RI-01A,16.1725289967163,-22.7086968720561,9.67483965341575,2
TCGA-TQ-A7RO-01A,16.6247008066264,-22.816442457828,6.83473865582774,2
TCGA-TQ-A7RP-01A,15.5019339012424,-8.74182662461122,7.90970778138875,2
TCGA-TQ-A7RQ-01A,13.0648455864309,-22.7389350446661,7.08378326820707,2
TCGA-TQ-A7RS-01A,15.2697270592542,-21.6659195324279,6.13734663960265,2
TCGA-TQ-A7RV-01A,14.525527421971,-10.8126023324506,-1.48683403574809,2
TCGA-TQ-A7RW-01A,11.3177867911947,-6.34404695580178,8.61937243147472,2
TCGA-TQ-A8XE-01A,16.9617906298913,-15.1924797792744,0.627816530001434,2
TCGA-VM-A8C8-01A,14.2755625598239,-9.78082413244379,-0.959613894150175,2
TCGA-VM-A8C9-01A,14.8461678775124,-19.4320883720973,3.18976572657625,2
TCGA-VM-A8CA-01A,15.4898772647028,-21.0271564762204,4.24723748738077,2
TCGA-VM-A8CE-01A,13.4866999162015,-23.006308680123,8.80363569620185,2
TCGA-VM-A8CF-01A,14.229039602703,-13.070573219399,3.18241492110175,2
TCGA-VW-A8FI-01A,13.4293206489406,-19.4673610878546,0.0294176808956178,2
TCGA-WY-A85D-01A,14.3421033319473,-7.49669669719241,-3.88491080357647,2
TCGA-CS-5390-01A,-7.15021132091238,-21.0339551348599,2.5576682530936,3
TCGA-CS-5394-01A,-9.76340646472483,-12.3932142522721,1.14756438348169,3
TCGA-CS-5396-01A,-9.01468932586125,-20.1689879109689,-4.06119511175277,3
TCGA-CS-6668-01A,-2.62789147662843,-19.1223336174695,-3.50971713054378,3
TCGA-DB-5274-01A,0.0526003716055332,-13.1588187698475,-9.90180855608683,3
TCGA-DB-5279-01A,-7.39144988877094,-16.7713709929248,-1.21883654257473,3
TCGA-DB-A4XG-01A,-6.77285394091117,-18.6033380042919,3.30030320692591,3
TCGA-DB-A64P-01A,-8.86311978498743,-19.354116616397,0.768383702079638,3
TCGA-DB-A64Q-01A,-1.05707973339791,-13.7521837050296,9.59797168323237,3
TCGA-DB-A75K-01A,6.45890706149769,-21.8453855921072,-1.16659788933173,3
TCGA-DH-5144-01A,-0.849644785663607,-17.5037502631943,-3.88224278917578,3
TCGA-DH-A7UR-01A,-7.20831816164045,-19.482371867351,3.75319488755662,3
TCGA-DU-5849-01A,-4.95724506549816,-21.5246510315678,2.26311208711043,3
TCGA-DU-5852-01A,-2.09457051337135,-13.4918547661917,-10.6376316380637,3
TCGA-DU-5874-01A,-8.13852472628181,-19.9040962879209,0.939689485826496,3
TCGA-DU-6393-01A,-10.8985414702481,-18.4475822593429,-0.957539691786775,3
TCGA-DU-6394-01A,-2.87391712017255,-18.8127718713399,-7.52308550952446,3
TCGA-DU-6402-01A,-2.93053211571305,-14.3811722268588,-11.1758280926344,3
TCGA-DU-6410-01A,-12.78572541685,-11.827989842054,-0.856793560033085,3
TCGA-DU-7009-01A,-7.71351719421699,-12.6462769503936,1.15028955454198,3
TCGA-DU-7018-01A,-9.01712001692533,-16.844140373766,-2.06401801511685,3
TCGA-DU-7294-01A,-10.1022528608756,-13.0742606383588,1.27125699397416,3
TCGA-DU-7300-01A,-11.0342017771654,-7.33832189407969,0.491554302046384,3
TCGA-DU-7302-01A,-10.637472634433,-9.08756826387183,1.46345397461255,3
TCGA-DU-8164-01A,-10.7386750795794,-14.1248585495703,1.98199144252905,3
TCGA-DU-8168-01A,-8.75463075403317,-11.7363241979981,2.21195936539206,3
TCGA-DU-A6S3-01A,0.954047108079605,-20.3305295125347,-2.53344456009591,3
TCGA-DU-A6S8-01A,1.16192872131298,-20.6904090657751,-6.17602924828106,3
TCGA-DU-A76R-01A,-0.925984680018854,-20.7454833148139,6.98245530847404,3
TCGA-DU-A7T6-01A,-1.83681562611635,-16.5242681897901,-8.68101106223281,3
TCGA-DU-A7TC-01A,0.895419142352319,-20.2619390594995,-4.57230901269268,3
TCGA-E1-5311-01A,-9.11147767626254,-18.3805696549033,-3.76324536187779,3
TCGA-E1-5318-01A,-4.6892886801303,-20.70979531139,1.43416636167384,3
TCGA-E1-5319-01A,-0.461365688702749,-22.4209217233471,7.49709384111885,3
TCGA-E1-5322-01A,-9.03386808086826,-16.0963070498919,-1.79379835542303,3
TCGA-E1-A7YD-01A,-0.915889909633631,-10.5986406140577,-10.9899256269215,3
TCGA-E1-A7YJ-01A,2.07829572097949,-15.4826868295655,-9.11211479476632,3
TCGA-E1-A7YO-01A,-2.29136711544835,-18.9344395766022,6.44750227573085,3
TCGA-E1-A7YS-01A,-11.1769924645203,-17.3467234434683,-1.33056340708586,3
TCGA-EZ-7264-01A,-2.23206378771683,-18.7275858216859,-2.81547589144575,3
TCGA-FG-5962-01B,-11.7382091267764,-11.0130905543472,1.07638196469699,3
TCGA-FG-5963-01A,-2.68006195969927,-11.4023909766984,-12.8087118720512,3
TCGA-FG-5964-01A,-0.242499942084253,-16.4295000373157,-9.31626739129223,3
TCGA-FG-6692-01A,-2.27317019487159,-13.5771952232511,-11.044494245632,3
TCGA-FG-7634-01A,-12.5134177131586,-14.4492580951317,-0.767773129573246,3
TCGA-FG-7637-01A,-10.1001083816146,-13.6380478579422,0.808895236963009,3
TCGA-FG-7638-01B,-3.09246633342899,-14.4908447789338,8.14384171219691,3
TCGA-FG-7641-01B,-11.9277901536432,-9.20801498912592,2.33592038917924,3
TCGA-FG-A4MW-01A,-1.245610972356,-12.7730275780011,-11.0731895865631,3
TCGA-FG-A6J3-01A,2.07984642541391,-12.8331118064905,-8.36811826426697,3
TCGA-FG-A70Z-01A,-1.37788394373602,-11.1379393075991,-10.3489823590204,3
TCGA-HT-7468-01A,-11.3807400003577,-13.731924171157,1.89932552690791,3
TCGA-HT-7480-01A,-2.9204150555243,-19.1160710841404,-3.83737366670036,3
TCGA-HT-7481-01A,-13.0754178476072,-7.72712064393501,-0.343254452729835,3
TCGA-HT-7608-01A,-1.11325829395944,-19.968999091519,6.92119349035381,3
TCGA-HT-7616-01A,-11.7830091398219,-9.6864365594399,2.67300936489032,3
TCGA-HT-7677-01A,-2.78630310974565,-19.5117869636355,4.40959537965039,3
TCGA-HT-7687-01A,-4.47803186216131,-20.1285473180266,2.66257124132813,3
TCGA-HT-7692-01A,1.55418612354357,-20.778013848277,-3.67734951827588,3
TCGA-HT-7695-01A,-9.86385211288037,-9.24566644478882,0.993945467555921,3
TCGA-HT-7877-01A,-0.6848367022016,-19.8446674538361,5.19092801021884,3
TCGA-HT-8105-01A,-11.4001465811817,-10.1857344026478,3.88394523058553,3
TCGA-HT-8109-01A,-12.840270235288,-7.63350819897592,2.58570790927433,3
TCGA-HT-A5R9-01A,-8.30758978452565,-19.0577766654194,2.24434993548144,3
TCGA-HT-A615-01A,-2.87406569907864,-14.5873143839222,10.3550522769717,3
TCGA-HT-A619-01A,-3.02908985398885,-14.7279241783095,-8.64092049767171,3
TCGA-HT-A74L-01A,-1.88990380310577,-19.1531037722019,6.93445246688492,3
TCGA-HW-7487-01A,-8.29650822932541,-5.13403296107655,8.1746103933479,3
TCGA-HW-7491-01A,-8.63410013820195,-11.5805930756867,3.28722565479483,3
TCGA-HW-7495-01A,-11.0827426744356,-10.2455054641699,2.19899503221207,3
TCGA-HW-8322-01A,-7.21889311232214,-18.821412039913,0.902588228248061,3
TCGA-IK-8125-01A,-10.5832661210187,-11.9157220260599,-0.65377696784745,3
TCGA-P5-A72W-01A,1.70790104024943,-19.8386022230815,-2.75999902592775,3
TCGA-P5-A730-01A,-4.23595146837126,-20.9540799771694,2.04996172888203,3
TCGA-P5-A77W-01A,-3.09727284504376,-16.0902535336761,-8.08963190277237,3
TCGA-P5-A77X-01A,-3.12892972662633,-14.3592266602634,7.77349368521286,3
TCGA-QH-A6CV-01A,-0.76186521926071,-14.3961220618673,-11.0484173505948,3
TCGA-QH-A6CZ-01A,1.58521474828597,-21.7075104428503,-1.53118252459083,3
TCGA-QH-A6X4-01A,1.14824060878813,-20.9770637255693,-3.54978354899672,3
TCGA-QH-A6XC-01A,0.0171439366766324,-14.6037740637367,-9.07305470928483,3
TCGA-R8-A73M-01A,1.01672807990001,-19.0982828433967,-3.12594032090348,3
TCGA-S9-A6TW-01A,-1.19951510245659,-17.9893455025587,-2.89889079064741,3
TCGA-S9-A6TY-01A,-7.32339551864277,-15.9661677915153,-1.68338485907219,3
TCGA-S9-A6UB-01A,-3.65987279616719,-20.2115589318823,3.66812448651113,3
TCGA-S9-A6WD-01A,-0.625081374664122,-18.9863512888295,-7.7828129640161,3
TCGA-S9-A6WM-01A,-1.64904973743561,-9.81571098530275,-10.4468751393429,3
TCGA-TM-A7C3-01A,1.70599828523265,-15.8016968242939,-10.3550576762749,3
TCGA-TM-A7C5-01A,-4.09355033352158,-18.4847368968669,-6.29475025464365,3
TCGA-TM-A84G-01A,2.25653029566374,-19.8361921877486,-1.12301713863168,3
TCGA-TM-A84M-01A,-3.66191920237425,-19.3035155176744,2.79127294224276,3
TCGA-TQ-A7RK-01A,2.19953904842881,-20.706059685992,-5.45313343273028,3
TCGA-TQ-A7RN-01A,-4.40120400799151,-17.5751736057539,4.15768163942832,3
TCGA-VM-A8CB-01A,2.64533388903114,-21.2378287704253,-0.963705395793786,3
TCGA-VV-A829-01A,-7.47179412474552,-17.9371077728282,0.0627736316011715,3
TCGA-VW-A7QS-01A,-1.0366338305946,-19.9126543249024,-7.15154254733823,3
TCGA-CS-4938-01B,-0.905935956263776,17.1644915777612,-1.48708252850446,4
TCGA-CS-4941-01A,-13.0457953730634,12.1802996491469,11.5835023352987,4
TCGA-CS-4942-01A,-14.5290042726877,14.171137199787,12.5729181944494,4
TCGA-CS-5393-01A,-2.95534593384498,21.2144198505693,-8.37443866484492,4
TCGA-CS-6290-01A,6.84981779386551,4.43144539146479,-11.6215315706909,4
TCGA-CS-6666-01A,-5.91666678402428,18.9057032191951,-10.0321766167656,4
TCGA-CS-6667-01A,-1.77845353285877,19.6460963090499,7.13770512045441,4
TCGA-CS-6669-01A,-7.60952931398347,9.39479296452775,10.3744470438646,4
TCGA-DB-5270-01A,-2.73867644482798,14.6506083322211,9.27242241066851,4
TCGA-DB-5273-01A,-0.652874511027981,8.12802473369404,-14.7029492597799,4
TCGA-DB-5275-01A,6.73411972632539,8.50226029618208,-9.43159457825748,4
TCGA-DB-5280-01A,-0.983161339116267,19.0921946470247,-3.50645855975427,4
TCGA-DB-5281-01A,-1.57175806079305,19.5091580437409,-4.98821004474381,4
TCGA-DB-A4X9-01A,5.56111934182205,9.86431333183505,-11.2692421508704,4
TCGA-DB-A4XB-01A,-3.75757296776891,23.2604089343393,-1.79331593653006,4
TCGA-DB-A4XC-01A,-3.48984657039368,20.9337063011767,1.45188160984432,4
TCGA-DB-A4XD-01A,-2.16098933992367,20.4923934854723,9.55726718131779,4
TCGA-DB-A4XE-01A,-10.3156493058385,19.8733251874213,-6.60527671470971,4
TCGA-DB-A4XF-01A,-3.2760561060493,20.5724379448573,-2.26707708305717,4
TCGA-DB-A4XH-01A,-0.702800124859139,18.4097667522817,5.32204142355998,4
TCGA-DB-A64L-01A,-8.21272668781963,-3.53749644958165,6.57306956741262,4
TCGA-DB-A64O-01A,-9.5658219363159,4.90807471097359,5.93868132942712,4
TCGA-DB-A64S-01A,-2.75229453396188,20.5654688151597,-2.49709010007031,4
TCGA-DB-A75L-01A,0.231815932555676,10.3735525048888,-10.1490812024219,4
TCGA-DB-A75M-01A,2.32936603068936,10.1058104477742,-12.1414844971445,4
TCGA-DB-A75O-01A,-2.08026699165762,3.47808058740688,-12.4973870012551,4
TCGA-DH-5142-01A,-0.0148975425788998,6.78340685529873,-12.1955614940639,4
TCGA-DH-5143-01A,0.270307700736305,23.693635175769,4.65001164388535,4
TCGA-DH-A66D-01A,7.11302793082924,6.87528344815861,-7.84001393548675,4
TCGA-DH-A66G-01A,-1.34124564808361,21.8132255503913,3.3670296547033,4
TCGA-DU-5853-01A,-2.90871380964541,22.1746159753413,6.11934347726824,4
TCGA-DU-5855-01A,4.61928087780673,10.2885150323531,-11.3687837412947,4
TCGA-DU-5871-01A,-0.536561128931097,20.3986633174967,-7.45561026045293,4
TCGA-DU-6396-01A,-16.1640484518505,15.1944736825184,12.8022394696284,4
TCGA-DU-6399-01A,-5.71753742889155,17.8766450870728,-5.17578086139554,4
TCGA-DU-6401-01A,-1.29097609767126,20.0705534095761,-2.60489414905948,4
TCGA-DU-6407-01A,-5.09314848265226,16.4283944763499,-9.49298648083208,4
TCGA-DU-6408-01A,-0.840989085534616,8.69979674430311,-11.8539921939657,4
TCGA-DU-6542-01A,-2.7240562781952,12.2984679827481,-10.7238651136012,4
TCGA-DU-7006-01A,-12.0568999305524,20.7803594186674,-6.16199665127117,4
TCGA-DU-7007-01A,0.0961575613203531,21.7356220067403,-4.92837069137873,4
TCGA-DU-7008-01A,-1.7160977765247,13.9063088797844,-9.77338931035586,4
TCGA-DU-7011-01A,-2.00491296339523,22.342114917476,3.37045778821527,4
TCGA-DU-7012-01A,-16.2608390099378,14.8501807103424,-0.341780606176376,4
TCGA-DU-7014-01A,-4.3642666982358,19.9671412035436,-9.75085725763406,4
TCGA-DU-7015-01A,-1.83329983642252,21.3209009147,-3.12640699332479,4
TCGA-DU-7019-01A,0.018607904044567,25.3837977941427,5.25810547665121,4
TCGA-DU-7290-01A,-16.0140223440739,14.64486466336,-2.46363278455188,4
TCGA-DU-7299-01A,-3.1514581595691,20.5235635973461,-4.1168650035161,4
TCGA-DU-7301-01A,-4.30746688011406,19.4173991572131,-1.01508356850431,4
TCGA-DU-7304-01A,1.26927619901375,17.4375853055424,-3.81030545081168,4
TCGA-DU-7306-01A,-2.17678065691533,21.1224940815124,3.93317859089574,4
TCGA-DU-7309-01A,0.857328022056017,17.5034261257567,-7.53159155507291,4
TCGA-DU-8158-01A,-16.5518545554392,16.4383591132078,-0.732929786534378,4
TCGA-DU-8161-01A,-16.1069492959027,13.3613267576774,11.9954251847646,4
TCGA-DU-8162-01A,-8.18153095489565,12.1959868357422,10.5735878086775,4
TCGA-DU-8163-01A,-7.06620019072735,21.5765300132865,5.70647258082056,4
TCGA-DU-8166-01A,-0.1489896159362,19.0233851510319,-0.593002093256011,4
TCGA-DU-8167-01A,-2.84987628618199,15.6610608141672,-13.1642676307788,4
TCGA-DU-A5TP-01A,-4.20796541473941,18.4624267634663,-12.2350233144031,4
TCGA-DU-A5TT-01A,-2.79107970755013,25.4590354752137,-1.85465782686948,4
TCGA-DU-A5TW-01A,-0.989179654269908,16.6553755624185,-11.1894105371706,4
TCGA-DU-A6S7-01A,-1.81509392607909,11.7197536452962,-12.781630644435,4
TCGA-DU-A76O-01A,-1.09956682195112,5.66784479768922,-15.0761048698239,4
TCGA-DU-A7TA-01A,-1.01025798511928,17.7758870591971,-11.0859159376254,4
TCGA-DU-A7TG-01A,-4.84481590491037,3.74891308162134,11.5325803620561,4
TCGA-DU-A7TI-01A,-13.4818349913977,12.4358103375681,12.8953728269037,4
TCGA-E1-5302-01A,-4.86846104433772,17.865650719859,9.1278902403551,4
TCGA-E1-5303-01A,-3.27056023970412,23.7988600162272,5.31603338462183,4
TCGA-E1-5305-01A,-5.12373920587251,17.9515691674151,-5.04347262126891,4
TCGA-E1-5307-01A,-0.316832035513156,24.3688886212784,3.73256104209093,4
TCGA-E1-A7YN-01A,-17.6616502920241,15.0698823420092,11.085749628132,4
TCGA-E1-A7YY-01A,-7.5809644389435,3.60188574318354,12.6427114065396,4
TCGA-FG-6689-01A,1.69673849463232,22.3249423250339,-2.67064008197857,4
TCGA-FG-6690-01A,-1.04860847500776,21.082554638197,-2.02056544108826,4
TCGA-FG-6691-01A,-3.33487597547505,20.9632986561229,-3.67192039249662,4
TCGA-FG-7636-01A,-1.01386213595756,6.83865708556407,-14.6481092630335,4
TCGA-FG-7643-01A,-8.1070988104701,11.5492466666921,10.9210465873668,4
TCGA-FG-8181-01A,-5.62551912218314,7.94366496879672,12.0333214073916,4
TCGA-FG-8182-01A,-3.20708347837486,18.2120749079796,10.0051964091592,4
TCGA-FG-8185-01A,1.42114253020205,13.0646606401267,-9.01586013123524,4
TCGA-FG-8188-01A,-0.0459933912882185,22.9867189245311,-5.91177952004929,4
TCGA-FG-8189-01B,-6.43031213653684,9.65038674534718,10.722569405364,4
TCGA-FG-8191-01A,-2.2296366370243,20.9920491875192,-1.44686349925059,4
TCGA-FG-A4MT-01A,0.619044575471745,5.37216122644438,-14.4530545095852,4
TCGA-FG-A4MX-01A,0.192288428767589,12.4614720058532,-11.4828304832869,4
TCGA-FG-A60J-01A,7.45871742740788,6.28472735207277,-10.7086768862861,4
TCGA-FG-A711-01A,-1.23415689237583,18.8505057543222,-11.3456334195263,4
TCGA-FG-A713-01A,-7.94664639660065,2.15415047351711,9.63253240883526,4
TCGA-FN-7833-01A,-17.0010024097622,13.4944465390228,12.9365135479748,4
TCGA-HT-7469-01A,-3.72488739298132,20.7809532150386,0.283661101199688,4
TCGA-HT-7470-01A,0.839108255623747,21.6268886889683,-0.728704160936462,4
TCGA-HT-7472-01A,-2.14537420999795,22.8870806391478,5.22004733105897,4
TCGA-HT-7473-01A,-0.670016927343205,20.0276696569027,3.00867217600026,4
TCGA-HT-7474-01A,-5.54544889849075,17.1463495453119,9.58964805697532,4
TCGA-HT-7475-01A,-5.51030795435581,17.3789297188582,-6.69161562264328,4
TCGA-HT-7476-01A,1.0922244482206,23.723199638531,0.193666527041033,4
TCGA-HT-7478-01A,0.231203635002792,21.5243154566819,-5.49578126226173,4
TCGA-HT-7479-01A,-3.1184465118754,22.5693673020321,4.42380228443956,4
TCGA-HT-7482-01A,-0.130982300192199,20.8010574689838,-1.34255996240922,4
TCGA-HT-7483-01A,-3.36061974874079,17.2665417694334,-1.89524602715954,4
TCGA-HT-7485-01A,-0.102367315498836,20.0773515544498,1.18286206954435,4
TCGA-HT-7601-01A,1.36688600095678,22.0383899565978,-6.44715520653804,4
TCGA-HT-7602-01A,-3.96915192836443,23.3806892073128,6.96822774466892,4
TCGA-HT-7603-01A,-5.57220670751826,7.60593361013639,12.0255397020953,4
TCGA-HT-7604-01A,-1.5111261127578,15.3490494838729,-8.67820010982504,4
TCGA-HT-7605-01A,-9.86298617540427,-3.46305291007917,8.73772636804347,4
TCGA-HT-7606-01A,-7.92863074266276,18.4239260895512,-6.11210758053373,4
TCGA-HT-7607-01A,-6.22735250740041,10.8516319329531,10.6002110784049,4
TCGA-HT-7609-01A,3.95052908489693,19.7481665073361,-2.45589244951404,4
TCGA-HT-7610-01A,-0.278518713402018,21.1231070464252,-3.86514903679233,4
TCGA-HT-7611-01A,-1.44469785753576,20.3767244769276,-2.44109817014426,4
TCGA-HT-7620-01A,-7.16955377164506,7.78878988343364,12.3767854273211,4
TCGA-HT-7676-01A,-1.24094059776534,21.7191315788667,-6.18825176844639,4
TCGA-HT-7680-01A,-5.47872576133791,23.8906076422252,7.45920301493779,4
TCGA-HT-7686-01A,-5.26237845695698,16.5413197437935,10.6170496954916,4
TCGA-HT-7688-01A,-8.55603717049894,11.2353010551161,11.2961805661111,4
TCGA-HT-7690-01A,5.28916661205109,8.37045026594866,-8.47526339340489,4
TCGA-HT-7693-01A,0.302555918852814,20.5167832903468,-3.33811208454073,4
TCGA-HT-7694-01A,-7.25273925769285,5.30591914039135,10.2255900428872,4
TCGA-HT-7854-01A,-3.99113231506142,20.0186193282351,10.8355458679257,4
TCGA-HT-7855-01A,-0.33426612983833,18.377114914718,-5.33292685962124,4
TCGA-HT-7858-01A,-2.99649355211151,18.5158212216252,-7.90070074351399,4
TCGA-HT-7860-01A,-15.126911080231,12.0323951898508,13.2427143139362,4
TCGA-HT-7873-01B,0.275112554163094,21.0728511346839,-4.23309360001184,4
TCGA-HT-7874-01A,-6.0847592252304,10.797102167996,11.5287767206242,4
TCGA-HT-7881-01A,-3.61334791124458,4.13997662403117,10.9664259463045,4
TCGA-HT-7882-01A,-7.87831790139664,14.4298483966997,10.0024150990871,4
TCGA-HT-7884-01B,3.26772466359755,8.52138002842034,-10.1190935033835,4
TCGA-HT-8015-01B,-6.77766287358399,7.15056142346748,11.6213026714143,4
TCGA-HT-8018-01A,-6.10859953257607,3.13836207875635,11.9248636496702,4
TCGA-HT-8019-01A,-4.95771168798239,3.45252096250012,10.5500718601352,4
TCGA-HT-8107-01A,-8.31379961529956,10.3559518779777,12.4249697577572,4
TCGA-HT-8108-01A,-1.97139637961674,21.9085190479325,-0.786639123991613,4
TCGA-HT-8111-01A,6.12160578971246,6.39753669022599,-7.52189884804435,4
TCGA-HT-8113-01A,-6.03627316874624,9.50658027939941,10.5773654520811,4
TCGA-HT-8114-01A,-1.8479047409222,19.3804750312831,2.22770989542101,4
TCGA-HT-8558-01A,-5.44348326227515,5.19641460327197,10.672164767983,4
TCGA-HT-8563-01A,-16.2684161780339,13.0755841880809,10.7910455569001,4
TCGA-HT-A5R5-01A,5.82282029826022,4.67961728163445,-12.1115430860242,4
TCGA-HT-A5R7-01A,-8.43708884563258,2.62636654310874,12.1568772372056,4
TCGA-HT-A5RB-01A,-1.17799686812392,18.5832118905315,-2.38511571479249,4
TCGA-HT-A616-01A,-3.49460413653994,17.3882729916442,10.7876891580806,4
TCGA-HT-A617-01A,-8.54037750030121,3.76651079724021,12.4622322459677,4
TCGA-HT-A618-01A,-4.82068912567367,15.4935300194082,9.87209523180359,4
TCGA-HT-A61A-01A,-8.03721630709673,5.2486685361893,12.9852225020038,4
TCGA-HT-A74J-01A,6.07711818527753,8.50937114994771,-12.862510870121,4
TCGA-HT-A74O-01A,-0.0432660623974749,4.52003647751239,-13.0215142970292,4
TCGA-HW-7489-01A,-3.12972253727142,18.0753702786777,-10.5282773703254,4
TCGA-HW-7490-01A,2.43576125490601,18.1876446813935,-1.02784429010561,4
TCGA-HW-7493-01A,-3.85739522485207,20.3810561975379,3.08508590241909,4
TCGA-HW-8319-01A,-5.37553476305702,18.0904180274305,8.35009996134916,4
TCGA-HW-8320-01A,-3.06039624568936,10.9894566945713,-11.3504351997431,4
TCGA-HW-8321-01A,3.45403086376929,19.1290590470006,-1.42280346716295,4
TCGA-HW-A5KL-01A,-3.37803932231276,21.1036064954083,7.7585335803666,4
TCGA-HW-A5KM-01A,-17.5159803411688,14.6173621199372,12.2724635418259,4
TCGA-IK-7675-01A,-6.00269197169239,18.7938431493034,7.98388927544135,4
TCGA-P5-A5EW-01A,-2.55198391608083,21.9896921723435,5.66102074808103,4
TCGA-P5-A5EY-01A,-3.71931182656587,13.8179215572532,10.3028120762776,4
TCGA-P5-A5EZ-01A,-1.70608964719737,16.0786896541202,-6.61502444050048,4
TCGA-P5-A5F2-01A,5.38754925069747,6.64464151700621,-12.3766995780927,4
TCGA-P5-A5F4-01A,2.58505059922355,13.1347000607377,-11.4370608211343,4
TCGA-P5-A72X-01A,6.68480439871357,9.16293474416669,-8.57111513696835,4
TCGA-P5-A733-01A,-1.631773686263,24.731890459895,-4.71224566263635,4
TCGA-P5-A735-01A,-1.49140066650778,4.59013247860373,-15.0207742120481,4
TCGA-P5-A736-01A,4.16952550023177,7.87243305028072,-10.2523228116862,4
TCGA-P5-A780-01A,-0.7421772027828,11.2306135384386,-10.3958772162227,4
TCGA-QH-A65S-01A,-3.17793063817978,17.8953909473549,11.0255618670233,4
TCGA-QH-A6CS-01A,-11.3101103319957,7.80236868916535,8.13112209262457,4
TCGA-QH-A6CW-01A,0.330573210900147,10.8582562126361,-12.4551850404631,4
TCGA-QH-A6CX-01A,-2.82402863268486,2.734624100343,-11.8939579796202,4
TCGA-QH-A6X3-01A,-1.26785110654999,21.4637703327655,-1.13089154518182,4
TCGA-QH-A6X9-01A,-0.138116521324579,17.7163796886604,-3.51348222943167,4
TCGA-QH-A6XA-01A,-0.68541156369407,23.4726593189538,-5.11109515985673,4
TCGA-R8-A6YH-01A,-1.34502851241933,4.48943780500553,-15.5931988744962,4
TCGA-RY-A843-01A,-4.72633538277701,20.1510880296156,4.34303282885128,4
TCGA-S9-A6TU-01A,0.0419456078403952,7.13586186623599,-13.6546642557435,4
TCGA-S9-A6TV-01A,-3.74874940026589,21.034587135556,-11.365824173778,4
TCGA-S9-A6U1-01A,-3.86735564048241,22.1215400869072,-2.47109142084932,4
TCGA-S9-A6U6-01A,3.05431891482299,12.6301903375039,-9.96177066210948,4
TCGA-S9-A6U8-01A,-3.2868745600599,19.3694518380742,7.13392102382623,4
TCGA-S9-A6U9-01A,1.36127080841155,10.7670780032031,-12.4336642207812,4
TCGA-S9-A6UA-01A,-14.3940153291592,8.3639024995274,-4.91626445019671,4
TCGA-S9-A6WI-01A,-6.16007235666172,4.22596445824707,8.8687631992851,4
TCGA-S9-A6WL-01A,-10.4231271640212,-3.8480256893408,6.12265466486641,4
TCGA-S9-A6WO-01A,0.584183889095361,20.7837292283057,-3.54140132188928,4
TCGA-S9-A7IQ-01A,-7.4116726715977,3.39007336405718,9.13865770267235,4
TCGA-S9-A7IX-01A,-14.5225387348531,8.17818192200654,-2.49310544649802,4
TCGA-S9-A7QX-01A,-1.81206312237486,20.6563470197877,-13.4794146749796,4
TCGA-S9-A7R2-01A,-6.34056433150152,3.42698898848834,10.7846763387997,4
TCGA-S9-A7R4-01A,-2.48313090513381,18.1820740401662,8.17306911183654,4
TCGA-S9-A7R7-01A,-2.36728307797525,23.2667162588587,-4.84596818686162,4
TCGA-S9-A7R8-01A,0.991138726054326,7.36348643837713,-13.9440567519867,4
TCGA-TM-A7C4-01A,2.95975361280511,20.2678318635987,-2.69594286290691,4
TCGA-TM-A7CA-01A,5.62023768661739,9.46420517659419,-9.78014137086706,4
TCGA-TM-A7CF-01A,1.87959104744579,12.2353426099199,-12.2094873453776,4
TCGA-TM-A84C-01A,-5.8323108448733,14.7457016632856,10.3661174224614,4
TCGA-TM-A84R-01A,-6.15257634319124,6.83867438491898,10.6196043735894,4
TCGA-TQ-A7RJ-01A,3.00313296590903,12.1592915790283,-10.5805812771172,4
TCGA-TQ-A7RR-01A,3.10097366270508,21.9246848326625,-7.6620814580452,4
TCGA-VM-A8CD-01A,-16.8399119125068,13.9256205849638,13.4955117197864,4
TCGA-VM-A8CH-01A,-0.393536101222256,22.9802093845633,-3.60677757001024,4
TCGA-VV-A86M-01A,-2.21644999403252,21.3496230462768,-10.5847287138616,4
TCGA-W9-A837-01A,-8.25233066451567,-3.7795817520401,7.88237304367901,4
TCGA-WH-A86K-01A,4.36157225150957,9.30361247734865,-10.2726312784984,4
TCGA-WY-A858-01A,3.03345686498604,8.13744623815957,-8.98855165713333,4
TCGA-WY-A859-01A,-7.11509729820205,3.4343699974201,9.33549619693656,4
TCGA-WY-A85A-01A,4.34575107388605,8.37940008182236,-10.8417948285153,4
TCGA-WY-A85B-01A,-1.13445763118968,16.2736979700829,-7.55275765174119,4
TCGA-WY-A85C-01A,-1.93165997284048,19.1163716794545,-7.02947329468823,4
TCGA-WY-A85E-01A,0.885133686346848,14.0499481953602,-12.225854826234,4
