Sample,X,Y,Z,Cluster
TCGA-CS-4938-01B,19.5349030055482,-8.53492713679595,6.29955346160487,1
TCGA-CS-4941-01A,25.549253853418,0.858576276227013,14.8278434407169,1
TCGA-CS-4942-01A,17.4501182316497,-7.86564465327985,15.4316773712936,1
TCGA-CS-4943-01A,26.5619173941177,-2.72110839250368,3.76009843195409,1
TCGA-CS-4944-01A,9.38999234752946,-8.03550268221758,14.7329985515446,1
TCGA-CS-5390-01A,22.7158286651597,-11.6374643388695,24.7921080627272,1
TCGA-CS-5393-01A,8.22662390400255,-10.5153962912567,16.933012014047,1
TCGA-CS-5395-01A,33.4719606599851,-6.52433348434722,1.86680666920433,1
TCGA-CS-5396-01A,23.2810314679775,-13.4196135448159,27.2463249581936,1
TCGA-CS-5397-01A,31.0887790694825,-2.33016189353258,-2.84736096669613,1
TCGA-CS-6186-01A,29.8616847718387,-6.2321219526113,-2.02394370695826,1
TCGA-CS-6188-01A,29.0943680104358,-3.69401737151636,0.191964368052479,1
TCGA-CS-6290-01A,8.33012779052113,-5.59231960621747,11.0178475744957,1
TCGA-CS-6666-01A,30.564565006712,-2.81596897464406,11.826403817598,1
TCGA-CS-6667-01A,4.80106108147351,-9.58199759691176,13.2062841061065,1
TCGA-CS-6668-01A,16.4421880686494,-12.7499167250357,9.17457062873858,1
TCGA-CS-6669-01A,22.4586043794886,-8.94181291983551,1.49457925854473,1
TCGA-DB-5270-01A,17.3239112377107,-9.88031946893924,7.13898305112952,1
TCGA-DB-5273-01A,21.0250357488087,-9.96446709073295,9.57199092411757,1
TCGA-DB-5275-01A,23.5413042488057,-9.44130800427168,-5.02003506535061,1
TCGA-DB-5277-01A,28.1685167417624,-4.89831773857602,3.12538078753916,1
TCGA-DB-5278-01A,19.3735341363625,-13.4296792010212,0.225136759069011,1
TCGA-DB-5279-01A,4.19829435360572,-7.64701692495485,15.01136917139,1
TCGA-DB-5280-01A,20.4386707792053,-13.067551107316,18.4108182370188,1
TCGA-DB-5281-01A,22.7545504408562,-6.42662467385413,14.2782490710883,1
TCGA-DB-A4X9-01A,24.1842745198323,-9.38857580564795,-1.94991970859773,1
TCGA-DB-A4XB-01A,24.5355802874232,-6.38897562621324,2.99596676091678,1
TCGA-DB-A4XC-01A,22.8796141833244,-9.29335081229411,-0.564678317296647,1
TCGA-DB-A4XD-01A,19.9073797838326,-13.025756285582,10.565840759052,1
TCGA-DB-A4XE-01A,24.4686503241905,-9.74916866167968,0.735121548177269,1
TCGA-DB-A4XF-01A,21.9690266755491,-5.45816842080002,0.478732033552283,1
TCGA-DB-A4XH-01A,2.21667792812249,-10.7342333035177,13.4521279441695,1
TCGA-DB-A64O-01A,0.0446846279390704,-11.5488955094394,11.0672618814959,1
TCGA-DB-A64R-01A,21.6874931920901,-8.84558498253877,3.65562629301101,1
TCGA-DB-A64S-01A,6.44074640574886,-7.01507796540712,13.1917015496315,1
TCGA-DB-A64W-01A,22.1352903582815,0.523113828197717,17.3022442154056,1
TCGA-DB-A64X-01A,14.0524971057754,-5.8105552489683,15.109249478547,1
TCGA-DB-A75L-01A,21.813823322973,-11.742540577171,4.35215598508294,1
TCGA-DB-A75M-01A,15.501496981301,-8.07322849821986,16.0009815341564,1
TCGA-DB-A75O-01A,10.5827019239802,-3.55715766037268,10.0159511252315,1
TCGA-DH-5140-01A,30.6410402174568,-5.18787261736487,4.13567443637017,1
TCGA-DH-5142-01A,20.9850294361711,-9.89276305856176,20.2607916724173,1
TCGA-DH-5143-01A,22.3216654891857,-11.8707138809516,12.6337485710705,1
TCGA-DH-5144-01A,7.56503070089255,-6.74119681520143,18.8912153178197,1
TCGA-DH-A66B-01A,24.1606762795723,-12.0742685945707,18.508412574296,1
TCGA-DH-A66D-01A,23.3809472356289,-13.1065128115145,18.9525235310282,1
TCGA-DH-A7UR-01A,27.7357330530695,-13.5258859211719,26.2294827149454,1
TCGA-DH-A7UT-01A,9.48196272795744,-7.56644083093435,10.8792730033171,1
TCGA-DH-A7UU-01A,20.2863549000105,-0.37937366530053,20.1628851763151,1
TCGA-DH-A7UV-01A,12.0541593245462,-6.78730807479794,13.6900977932275,1
TCGA-DU-5847-01A,21.6674828018461,1.2389290009652,17.2587750831918,1
TCGA-DU-5852-01A,32.3291785657446,-2.02655749895658,4.25736429419389,1
TCGA-DU-5853-01A,20.4739431026983,-9.2594275217437,7.66728987944295,1
TCGA-DU-5854-01A,32.1205623781474,-3.22831163070391,-5.72607877299457,1
TCGA-DU-5855-01A,27.5764396324891,-11.4762557231395,26.6649213209773,1
TCGA-DU-5871-01A,11.8824068647231,-9.28402344148087,11.8076968365433,1
TCGA-DU-5872-01A,18.0108348359676,-11.1079235891985,13.386118713102,1
TCGA-DU-5874-01A,25.9126621009389,-16.1781132188353,19.849479111291,1
TCGA-DU-6392-01A,27.2470069975874,-10.5189041609534,19.6470044359476,1
TCGA-DU-6393-01A,22.690369284434,-16.3554883325015,21.4463332745523,1
TCGA-DU-6394-01A,28.8567825238527,-5.16303453620334,29.3416368483974,1
TCGA-DU-6395-01A,17.1469330644233,-12.6525788714613,3.9880215307463,1
TCGA-DU-6396-01A,22.6645340706893,-11.7559280851331,4.42422741074463,1
TCGA-DU-6399-01A,27.253988997648,-4.1338527221137,-3.69502713938685,1
TCGA-DU-6400-01A,21.2889226997635,-16.8080920538911,16.9290306119294,1
TCGA-DU-6401-01A,2.23684078078431,-8.24504743227778,15.0506566221373,1
TCGA-DU-6403-01A,26.2523548282898,5.24109382278317,12.1190556954831,1
TCGA-DU-6404-01A,24.762378360159,-13.7800025064237,21.6079252341151,1
TCGA-DU-6405-01A,33.3651016885894,-1.92422215648268,2.4606573336517,1
TCGA-DU-6406-01A,34.9777141846846,-1.29808484076729,2.29365120252771,1
TCGA-DU-6407-01A,16.1224987711114,-5.55618502876115,18.3368261782977,1
TCGA-DU-6408-01A,19.4251126064776,-9.47369125381182,16.9879805455093,1
TCGA-DU-6410-01A,25.61418147135,-13.961508604244,28.1230145040232,1
TCGA-DU-6542-01A,21.7509598343113,-9.12466599809949,23.3881492481127,1
TCGA-DU-7007-01A,26.1047155009379,-5.21101062513406,-1.50699913831308,1
TCGA-DU-7008-01A,27.3373622340969,-5.87006846173938,0.109461138214155,1
TCGA-DU-7010-01A,30.9778338104119,2.76738072031574,11.103845956124,1
TCGA-DU-7011-01A,18.507203043861,-10.9331133646711,18.4956573047612,1
TCGA-DU-7012-01A,13.1669531116662,-4.83034101936841,17.0283530663416,1
TCGA-DU-7013-01A,25.4689340953051,5.11302803194633,10.5053865818973,1
TCGA-DU-7014-01A,18.9051115679039,-11.0138288273947,14.408248401004,1
TCGA-DU-7015-01A,18.9826248092049,-8.7408735434698,11.3816779780936,1
TCGA-DU-7018-01A,27.6951184393838,-14.6686358073913,24.9430598146824,1
TCGA-DU-7019-01A,11.1032314969518,-11.6221736858504,19.8712076887149,1
TCGA-DU-7292-01A,34.5642040947142,-6.78517273495707,-0.962560830104791,1
TCGA-DU-7298-01A,28.6999405475836,1.42888735833346,14.9217817253071,1
TCGA-DU-7299-01A,24.1060493066909,-13.2817232652589,24.3957061925505,1
TCGA-DU-7300-01A,22.6489323030191,-13.8331661604092,17.4411636731511,1
TCGA-DU-7301-01A,22.0525457502014,-14.1144140960952,0.567242322782386,1
TCGA-DU-7304-01A,24.6675712861687,-9.27844944639867,12.0937507044778,1
TCGA-DU-7306-01A,22.3923663518719,-12.5217107538702,2.50442406307312,1
TCGA-DU-7309-01A,19.0932086369659,-10.9279930916803,15.7831499526973,1
TCGA-DU-8161-01A,21.0258615664813,-8.19806347991864,15.8145793248611,1
TCGA-DU-8162-01A,34.3464899170685,-6.62265218908152,-6.39022253825378,1
TCGA-DU-8163-01A,16.6882925611447,-8.78526993456819,12.9095752526552,1
TCGA-DU-8165-01A,24.8204399901711,0.480175158952906,16.0473328192587,1
TCGA-DU-8167-01A,27.7094049175866,-15.5707197657664,21.0318193336127,1
TCGA-DU-8168-01A,27.2324110660815,-13.6864734120149,20.4782123299374,1
TCGA-DU-A5TS-01A,6.21081011780317,-8.12479629068776,15.8786005412931,1
TCGA-DU-A5TT-01A,23.7700979048985,1.76215587934902,17.3704186884879,1
TCGA-DU-A5TU-01A,24.0938553605491,-10.0611739121608,0.242109147620026,1
TCGA-DU-A5TW-01A,23.6515679621384,-2.10295614132383,14.602043821773,1
TCGA-DU-A5TY-01A,31.8615168277763,1.00714086559278,11.4070188680954,1
TCGA-DU-A6S3-01A,17.5871632116868,-12.7103134711584,23.1439662899609,1
TCGA-DU-A6S7-01A,20.1468410670865,-6.77749662470336,17.5530999019801,1
TCGA-DU-A6S8-01A,27.2878219352452,-10.4328652643254,20.4728525574886,1
TCGA-DU-A76K-01A,25.3188939526194,-6.90795420963926,-3.85728810123384,1
TCGA-DU-A76O-01A,28.5107898046342,-5.20973254258086,1.56729152907223,1
TCGA-DU-A7T6-01A,27.451852023341,-14.1753781468986,27.3087364952765,1
TCGA-DU-A7T8-01A,26.4390425731359,-6.78499992856435,1.68031404846283,1
TCGA-DU-A7TA-01A,28.1037247264575,-6.32711412351884,2.17928884046627,1
TCGA-DU-A7TB-01A,25.6836420416556,-3.26371156887783,15.2529364931515,1
TCGA-DU-A7TC-01A,16.8669887405155,-6.63429793464217,14.2631968151228,1
TCGA-DU-A7TD-01A,30.1665703005258,-2.99647397625332,4.90915598740341,1
TCGA-DU-A7TJ-01A,34.222254141335,-6.32352236286476,0.0902042812155077,1
TCGA-E1-5302-01A,24.7775073185158,-10.9840172074549,6.8647803766907,1
TCGA-E1-5303-01A,2.60560980494252,-7.98046090868274,11.4785709121763,1
TCGA-E1-5304-01A,28.4657935577412,-6.67862057351323,-2.01812379146413,1
TCGA-E1-5305-01A,25.0175666062837,2.80239529135696,13.8181245782388,1
TCGA-E1-5307-01A,22.2061921300178,-10.3497890353535,4.87001113753367,1
TCGA-E1-5318-01A,15.1583396730174,-6.21225240254328,20.266332964036,1
TCGA-E1-5322-01A,26.3197860766673,-3.03817785638645,15.510373550122,1
TCGA-E1-A7YD-01A,27.6631144982329,3.49862247065743,12.2988320801631,1
TCGA-E1-A7YE-01A,24.2322798105856,-9.42814200415675,28.4952459820191,1
TCGA-E1-A7YH-01A,21.943735781515,-7.35564623879078,-1.65466370650546,1
TCGA-E1-A7YI-01A,30.4062273037771,-6.65437778513501,4.67901706765116,1
TCGA-E1-A7YL-01A,26.4939062984298,-3.49083647169915,6.30063200660104,1
TCGA-E1-A7YQ-01A,33.3234406442514,-6.25631334545796,-0.820186364528037,1
TCGA-E1-A7YS-01A,30.5151014802718,-7.24815770934291,-4.19481702752385,1
TCGA-E1-A7YU-01A,23.8552871937946,-11.7010327178999,-4.59320517353247,1
TCGA-E1-A7YV-01A,28.921051632315,1.63055168346443,11.1742405907501,1
TCGA-E1-A7YY-01A,1.39229249442762,-4.21160826837852,7.41671426031505,1
TCGA-E1-A7Z4-01A,13.910882695388,-11.0702964449043,15.1598948688111,1
TCGA-E1-A7Z6-01A,4.74181035124937,-8.74099491812383,9.84329736435717,1
TCGA-EZ-7264-01A,4.01174863200516,-9.53435396570123,12.5716014690493,1
TCGA-F6-A8O4-01A,9.61943761228102,-7.21939022401586,14.6172057172153,1
TCGA-FG-5963-01A,21.2757095111916,-0.424762167363908,13.5650555207271,1
TCGA-FG-5965-01B,32.0393858429881,6.42356552642289,12.0277604171832,1
TCGA-FG-6689-01A,10.3766850970535,-8.79967737344828,8.90078253286081,1
TCGA-FG-6690-01A,27.8939948891065,-4.72957166310524,-0.773593489450063,1
TCGA-FG-6691-01A,25.0848489220678,-11.4348407511748,1.94136385126394,1
TCGA-FG-6692-01A,30.0147263336868,-1.08080007534261,-4.60204379322838,1
TCGA-FG-7634-01A,21.7667526248762,-9.92184312010317,25.7749275378763,1
TCGA-FG-7636-01A,27.555122811589,-4.81998779315119,-1.21163179799411,1
TCGA-FG-7643-01A,25.2083631812312,-7.96041335972191,-1.40481714310015,1
TCGA-FG-8182-01A,23.5886148965009,-8.1299042196459,2.20664180243942,1
TCGA-FG-8185-01A,22.7213577680744,-9.62388114130573,1.5305337353939,1
TCGA-FG-8187-01A,1.00776754966903,-8.70972354278009,15.7219723648983,1
TCGA-FG-8188-01A,22.1929320268713,-7.13923491811208,22.1899739866639,1
TCGA-FG-8189-01B,0.193964527380227,-7.9678972768385,9.45919058928825,1
TCGA-FG-A4MT-01A,29.8356117859945,-0.206365962996609,14.9671681657652,1
TCGA-FG-A4MU-01B,36.5799939796016,-3.27367750719957,-2.47416866366288,1
TCGA-FG-A4MW-01A,30.5013457715201,-1.20332517666627,2.21536452545787,1
TCGA-FG-A4MX-01A,27.3422989878337,-6.80329989236009,0.158844443942507,1
TCGA-FG-A4MY-01A,13.519247803241,-11.0434412111685,16.9406371697981,1
TCGA-FG-A60J-01A,24.8497803196775,-14.4563749748747,20.9760507105153,1
TCGA-FG-A60L-01A,16.2159529849378,-4.06215317014787,18.9278347919483,1
TCGA-FG-A6IZ-01A,26.5456669750824,1.75729925136483,6.5345682744888,1
TCGA-FG-A6J3-01A,25.6502292107125,-2.14565888869134,3.32313267941533,1
TCGA-FG-A70Y-01A,6.10604619322813,-3.62369287723808,12.2289854458848,1
TCGA-FG-A70Z-01A,26.3746557789056,2.95450415440595,11.1521286531787,1
TCGA-FG-A711-01A,23.8061804651998,-9.76714551941926,0.51427675642324,1
TCGA-FG-A713-01A,2.23982184066086,-2.76632192839735,14.0033401177133,1
TCGA-FG-A87N-01A,27.1208505172625,-11.7695002042919,24.9720303377715,1
TCGA-FN-7833-01A,9.55162046089167,-8.76354585749236,12.6242423560341,1
TCGA-HT-7467-01A,0.996743496928249,-5.55748561672008,17.7296579391092,1
TCGA-HT-7468-01A,23.4045329316862,-11.8524293929428,24.1646023215528,1
TCGA-HT-7469-01A,32.0780640937956,-8.26232687117957,0.354272362956154,1
TCGA-HT-7470-01A,16.4238816163614,-8.21633416813615,17.6005510414262,1
TCGA-HT-7471-01A,24.3320028865834,4.91204572489113,12.2970135731427,1
TCGA-HT-7472-01A,21.6411158019337,-8.45342505801426,17.9276193294151,1
TCGA-HT-7473-01A,11.9690702033308,-4.28971818928365,14.8123142595186,1
TCGA-HT-7474-01A,3.80017511705267,-6.20230797654066,9.86968154535989,1
TCGA-HT-7475-01A,24.854176241414,-14.1807257274258,17.6218436511491,1
TCGA-HT-7476-01A,20.4422620125077,-1.44828648944406,18.4977062150993,1
TCGA-HT-7477-01B,21.4998468678068,-0.141931913522692,19.0710958457834,1
TCGA-HT-7478-01A,26.7942108661265,-11.3243889853688,10.4530688381893,1
TCGA-HT-7479-01A,13.9727836793825,-6.52623748355097,20.8077528407724,1
TCGA-HT-7480-01A,21.6744073308469,-8.1822497685377,24.5814244207659,1
TCGA-HT-7481-01A,27.2465953929013,-8.84722505783737,-3.49459676454088,1
TCGA-HT-7482-01A,24.3174538920999,-10.3253833019981,9.14893446115397,1
TCGA-HT-7483-01A,18.8998499489068,-5.63339094284299,15.152897189478,1
TCGA-HT-7485-01A,7.56826777792095,-8.69974777500443,17.8641953484309,1
TCGA-HT-7601-01A,23.0605673630482,-10.6931220082459,14.3286520937707,1
TCGA-HT-7602-01A,8.06898554992511,-5.68451527806876,15.1892186027973,1
TCGA-HT-7603-01A,1.70591633645705,-6.76053452465346,9.1474979030992,1
TCGA-HT-7604-01A,20.0183182258891,-13.1284013080234,4.56234860286408,1
TCGA-HT-7606-01A,19.7707063803422,-6.7201193909527,20.5404868931079,1
TCGA-HT-7609-01A,21.9749249737113,-7.48894679755593,12.0220000401167,1
TCGA-HT-7610-01A,18.5582162618596,-6.98519574761903,12.3990448186302,1
TCGA-HT-7611-01A,20.3008120804791,-8.20404786785007,16.6529693573287,1
TCGA-HT-7620-01A,-0.00442337941118323,-6.47282742583216,14.7523057427428,1
TCGA-HT-7676-01A,21.8061141220419,-6.80417833826031,4.31420789758242,1
TCGA-HT-7686-01A,24.1292526433761,-10.4369662064529,9.36786933128852,1
TCGA-HT-7688-01A,23.9021829552995,-14.9976572048128,18.8809667939519,1
TCGA-HT-7689-01A,13.3741129457944,-7.57175304982885,16.5791569418009,1
TCGA-HT-7690-01A,30.2523163874204,-6.04024584317647,5.16367090891512,1
TCGA-HT-7692-01A,28.4435187275977,-8.99286135494909,-3.01541911929174,1
TCGA-HT-7693-01A,10.9422211617051,-11.6236787594112,14.4114021852112,1
TCGA-HT-7694-01A,0.905624029815826,-10.8346373643734,7.69187656397447,1
TCGA-HT-7854-01A,3.65650208278713,-6.75658306794543,16.9375522691187,1
TCGA-HT-7855-01A,8.90582552797156,-10.6251426099779,13.3998025643431,1
TCGA-HT-7856-01A,1.85912253792263,-8.34985192652168,12.3302480567115,1
TCGA-HT-7858-01A,21.2137955354921,-6.91827366861233,2.27725806987518,1
TCGA-HT-7860-01A,12.0948725812644,-8.40298430225482,16.1449210053796,1
TCGA-HT-7873-01B,18.5244137822638,-9.52352254548326,17.9975813664857,1
TCGA-HT-7874-01A,0.44675005689593,-10.8380098759951,12.091324637806,1
TCGA-HT-7879-01A,21.4944981847846,-11.6643719290226,9.9161736406872,1
TCGA-HT-7880-01A,7.13039566974468,-4.83057655290036,10.8428985424581,1
TCGA-HT-7881-01A,5.87075848826558,-9.00429807767996,12.4823580691801,1
TCGA-HT-7884-01B,20.2507336894088,-7.7612642815252,5.05983820700992,1
TCGA-HT-7902-01A,7.51244201830354,-8.6101121591505,15.3165461846849,1
TCGA-HT-8011-01A,33.6540088117015,-6.96100147464836,2.18624660765373,1
TCGA-HT-8012-01A,0.739005657967161,-5.62232207065053,15.2208790564836,1
TCGA-HT-8013-01A,18.41797160018,-9.69270050811545,22.2027029667668,1
TCGA-HT-8019-01A,0.75165082063952,-5.97354133519938,8.55306648389228,1
TCGA-HT-8104-01A,35.8470714710672,-3.69875252102638,-2.88912611975283,1
TCGA-HT-8108-01A,16.2231568969971,-7.35122766236907,16.738237588557,1
TCGA-HT-8111-01A,17.0941969998568,-9.35680874908639,17.5951233885032,1
TCGA-HT-8114-01A,9.90303822238328,-5.31806928181065,12.4795913084642,1
TCGA-HT-8558-01A,2.66987273176239,-6.68142337764912,8.06508912263921,1
TCGA-HT-8564-01A,19.9871427663088,-8.93072485949175,4.35958236243465,1
TCGA-HT-A4DS-01A,26.7666495705085,-0.702124396830514,13.9486202589521,1
TCGA-HT-A5R7-01A,35.8895149740788,-4.36529533996838,2.46123647323148,1
TCGA-HT-A5R9-01A,23.232066653922,-11.4347616158875,24.1739842257655,1
TCGA-HT-A5RB-01A,14.9794541735063,-11.474509911556,17.2352502399035,1
TCGA-HT-A5RC-01A,29.8641209088316,-5.65178236641636,-0.260407815237297,1
TCGA-HT-A614-01A,25.8951779156721,-9.49211127962375,0.554825292631879,1
TCGA-HT-A615-01A,4.79085961870958,-12.9722470426768,13.2522866213738,1
TCGA-HT-A617-01A,26.2954742420052,-8.31296613147432,-5.56696195686951,1
TCGA-HT-A618-01A,26.9659995351077,-11.3810296084861,10.3127850546471,1
TCGA-HT-A619-01A,21.758533416348,-8.77091917305531,26.2859940208696,1
TCGA-HT-A61A-01A,5.90194535418122,-5.24786231683131,6.44772641477413,1
TCGA-HT-A61B-01A,31.4284491956058,2.71013223283314,14.2971754650877,1
TCGA-HT-A61C-01A,28.0440740198788,0.849820588279834,13.9221657465027,1
TCGA-HT-A74H-01A,4.17778607476489,-8.60037535702054,14.1907043156109,1
TCGA-HT-A74J-01A,6.05226232895654,-9.44556414806939,14.8121762634902,1
TCGA-HT-A74K-01A,25.4031171346457,-10.9958645394493,28.1544528968477,1
TCGA-HT-A74L-01A,15.5227388358584,-13.5222599366771,0.225058070949936,1
TCGA-HT-A74O-01A,15.4379846781011,-10.1140588829483,18.5170436295713,1
TCGA-HW-7486-01A,1.04878758602101,-7.9090993092726,13.8543435192996,1
TCGA-HW-7489-01A,8.57656858663595,-6.09731180637283,11.79313721261,1
TCGA-HW-7490-01A,6.15872454955713,-12.055672566258,14.4223114045516,1
TCGA-HW-7493-01A,11.0285776544879,-4.95739008032588,19.6695963815706,1
TCGA-HW-8319-01A,16.3282061330125,-7.63175419270868,20.0193515715342,1
TCGA-HW-8320-01A,19.3889871274368,-11.4725595633183,19.5892530060538,1
TCGA-HW-8321-01A,9.23918522983188,-4.98995956959445,14.5003838466658,1
TCGA-HW-8322-01A,25.6450780139886,-8.93474755616413,-1.46257976275637,1
TCGA-HW-A5KK-01A,35.1172756114196,-5.3188077674943,-4.80239148666187,1
TCGA-HW-A5KL-01A,21.0200392212069,-10.5018738153502,9.65145811020463,1
TCGA-HW-A5KM-01A,23.5624300074948,-10.6627336472874,12.4364310866425,1
TCGA-IK-7675-01A,27.3420874227751,2.41872669506081,11.1517966352665,1
TCGA-KT-A7W1-01A,30.6754656308621,-5.47739670392381,-3.56001081246522,1
TCGA-P5-A5ET-01A,17.3994323015314,-12.9837337445957,8.9609633923742,1
TCGA-P5-A5EU-01A,35.0456184448172,-7.45234105714871,6.90649369306646,1
TCGA-P5-A5EV-01A,20.0390194627834,-7.93222145951662,19.0065429353518,1
TCGA-P5-A5EW-01A,11.7738811436105,-6.33516719771704,16.1855315335279,1
TCGA-P5-A5EY-01A,27.3390129684344,-8.04710893303896,22.2746986637628,1
TCGA-P5-A5EZ-01A,25.5288184078984,4.66908131859266,12.2195979225531,1
TCGA-P5-A5F0-01A,26.3439990139041,-11.8794440926095,24.982830252391,1
TCGA-P5-A5F1-01A,6.18951390263378,-9.30709188179988,14.6658285043694,1
TCGA-P5-A5F2-01A,3.18943385648888,-7.97351375065407,11.7804984922568,1
TCGA-P5-A5F4-01A,3.54546191203087,-7.74556479794482,14.3670085579167,1
TCGA-P5-A72U-01A,32.5745923393539,1.86383615200407,10.5029151472575,1
TCGA-P5-A72W-01A,18.8264464534505,-9.04540759737011,5.5058274180359,1
TCGA-P5-A72X-01A,21.9254730642675,-14.29203666471,21.8428181513162,1
TCGA-P5-A72Z-01A,23.3619492198012,-8.05209484989487,21.0857211807476,1
TCGA-P5-A733-01A,5.89054717781702,-6.4648366151645,8.89076055916675,1
TCGA-P5-A735-01A,15.6887725865753,-10.537313023606,11.4019654080772,1
TCGA-P5-A736-01A,12.5950738366963,-9.3662222101799,15.4925884543273,1
TCGA-P5-A737-01A,24.8085772040004,-7.52309568971309,-2.8606695081496,1
TCGA-P5-A77W-01A,23.416267990002,-12.1918775685279,22.8272626040235,1
TCGA-P5-A780-01A,20.8809067519247,-8.48644351275916,27.1749700373003,1
TCGA-QH-A65S-01A,26.6914270449074,-13.5175718974161,16.6760288859701,1
TCGA-QH-A6CS-01A,8.77509991453456,-13.9117696230571,12.4738178149105,1
TCGA-QH-A6CV-01A,26.9908170464192,-1.77290255556451,-0.472870534288492,1
TCGA-QH-A6CX-01A,28.3806933306231,-8.27190454943304,-1.3782919383744,1
TCGA-QH-A6CZ-01A,15.6630435713047,-9.21140809346119,15.4413056529504,1
TCGA-QH-A6X3-01A,23.4457178560534,-4.92196020153712,1.02282346867798,1
TCGA-QH-A6X4-01A,4.004513470785,-5.64972750794382,9.13588802531986,1
TCGA-QH-A6X8-01A,22.9462686923779,-16.676137917561,19.5973905722459,1
TCGA-QH-A6X9-01A,26.296679759317,-8.26834388476097,-1.45216035878614,1
TCGA-QH-A6XA-01A,21.7750919702999,-10.8063635274795,2.91034888137416,1
TCGA-QH-A6XC-01A,31.9910000881347,-5.91040358392478,0.378488007081661,1
TCGA-QH-A870-01A,7.56948424001722,-8.56494050677198,10.9660486583288,1
TCGA-R8-A6YH-01A,25.7228054929597,-10.2051112321971,14.8075000048462,1
TCGA-R8-A73M-01A,20.8866682547525,-10.6681031199668,3.82314589883061,1
TCGA-RY-A83X-01A,7.3556740001948,-4.14819223432599,14.8106167164735,1
TCGA-RY-A83Z-01A,23.3956863687023,-2.56181385493431,12.8482067900043,1
TCGA-RY-A840-01A,18.8722548444249,-9.65198943513674,6.58423033476905,1
TCGA-RY-A845-01A,20.6936444355613,-11.2753748650624,-1.60585163635826,1
TCGA-RY-A847-01A,23.8369981177467,-10.9910584173522,-0.885958307327997,1
TCGA-S9-A6TS-01A,13.5820940698784,-10.3916507604139,11.01868096145,1
TCGA-S9-A6TU-01A,20.5307187333394,-13.3579228816248,21.3175321833935,1
TCGA-S9-A6TY-01A,23.9063419493233,-7.80146201210543,21.7755417855503,1
TCGA-S9-A6TZ-01A,10.5724661016612,-11.4980509116934,17.849569971938,1
TCGA-S9-A6U1-01A,18.079752865387,-8.08333124387802,9.17624279311716,1
TCGA-S9-A6U8-01A,13.4427163344699,-9.36796842798587,11.3921910628687,1
TCGA-S9-A6UB-01A,26.0350403111126,-15.3149187660951,20.0810724646368,1
TCGA-S9-A6WH-01A,22.6399956919432,-9.88553914547555,21.5451646360919,1
TCGA-S9-A6WI-01A,3.2633069562017,-9.70135431285275,11.610890017802,1
TCGA-S9-A6WM-01A,29.1200429321782,-5.47004209342138,4.11588043377372,1
TCGA-S9-A6WO-01A,22.7277019848335,-9.60919424149662,-0.48766047507258,1
TCGA-S9-A6WQ-01A,22.8644875091648,-7.16548190535132,2.63806725459796,1
TCGA-S9-A7IQ-01A,4.46967516953135,-4.47421262963107,7.23503018152655,1
TCGA-S9-A7IS-01A,28.5303527507636,-13.9983803277125,19.24981781105,1
TCGA-S9-A7IX-01A,30.4412547711314,-7.1478540611811,5.37486928790377,1
TCGA-S9-A7J0-01A,26.1636905019541,-4.46030478011619,-0.570902138423646,1
TCGA-S9-A7QW-01A,24.8847947150231,-13.5037200715308,18.0706997982274,1
TCGA-S9-A7QX-01A,20.464843062378,-4.05448983759586,18.6816479223132,1
TCGA-S9-A7QZ-01A,20.2794193284616,-16.8341905228364,16.104612156548,1
TCGA-S9-A7R2-01A,27.42749903059,3.88014389318477,10.6990728447527,1
TCGA-S9-A7R3-01A,3.23390432183754,-10.5854122351809,16.7056388679384,1
TCGA-S9-A7R4-01A,21.5980790117123,-12.8781566607361,15.1505197306138,1
TCGA-S9-A7R7-01A,24.5210264712862,-8.71308077880828,-3.75840982234805,1
TCGA-S9-A7R8-01A,27.5796576709612,-14.650677264866,17.8990129347713,1
TCGA-S9-A89V-01A,25.1058328495528,-9.09575823427257,22.2910497112898,1
TCGA-S9-A89Z-01A,31.5720283753804,-4.23571329423784,2.6825705767876,1
TCGA-TM-A7C3-01A,28.4697842648999,2.93614615274505,12.5516378835144,1
TCGA-TM-A7C4-01A,17.8547255512313,-6.84929364909717,18.4301860979035,1
TCGA-TM-A7C5-01A,25.2688156284209,-13.9962521495782,29.7163527691519,1
TCGA-TM-A7CA-01A,17.5860209478365,-13.053100391897,6.03258107968571,1
TCGA-TM-A7CF-01A,13.9338872824867,-7.72285549431301,15.5747141193248,1
TCGA-TM-A84B-01A,31.869083710248,5.3575285930985,10.9657225937094,1
TCGA-TM-A84F-01A,25.6611096067681,-9.00201429051566,24.2724146476379,1
TCGA-TM-A84G-01A,4.95116605737145,-9.29733851923747,10.2769433943756,1
TCGA-TM-A84H-01A,21.3581558251525,-10.7829102650117,21.763160372389,1
TCGA-TM-A84I-01A,29.6693283273157,0.605205087677919,12.7848972791097,1
TCGA-TM-A84J-01A,28.3078130611967,-10.9302012880262,22.6434969943328,1
TCGA-TM-A84L-01A,19.4510459420339,-12.6718277811783,21.2270840205956,1
TCGA-TM-A84M-01A,27.8756289249295,1.65952755092004,15.897743202843,1
TCGA-TM-A84Q-01A,19.9091744789358,-10.1998069195005,20.1482265494344,1
TCGA-TM-A84R-01A,5.49585312965439,-10.1878999756683,10.7940466516167,1
TCGA-TM-A84T-01A,22.1284380488053,-11.4435409006411,24.5802758016244,1
TCGA-TQ-A7RF-01A,13.4443047934679,-6.86607497849008,14.4391737622326,1
TCGA-TQ-A7RH-01A,21.3850908445445,-10.5867496543845,4.73300111909886,1
TCGA-TQ-A7RI-01A,15.1022064681424,-10.2386907247368,18.0356006278662,1
TCGA-TQ-A7RJ-01A,17.9080600869217,-9.05731784208358,11.6799954320205,1
TCGA-TQ-A7RK-01A,26.4656342761127,-4.09783965564603,-2.38050680487745,1
TCGA-TQ-A7RM-01A,24.0121125903105,1.12133845394967,18.8993461225429,1
TCGA-TQ-A7RN-01A,7.03846611600265,-8.99277564477471,15.2230973499786,1
TCGA-TQ-A7RQ-01A,2.86603172351554,-4.86028111019604,17.5227091774924,1
TCGA-TQ-A7RR-01A,3.88677730141305,-8.66370073454148,12.9011628215496,1
TCGA-TQ-A7RV-01A,20.699075588146,-12.4597260663712,15.1849037598497,1
TCGA-TQ-A7RW-01A,20.7873406054314,-2.46463736339153,21.0229913530831,1
TCGA-TQ-A8XE-01A,25.7906287610959,0.212667244055531,9.79485292151925,1
TCGA-VM-A8C8-01A,24.5039965675681,-6.35771637945151,0.229567297113471,1
TCGA-VM-A8CB-01A,-0.483537487611048,-4.67694704019988,13.9616927614484,1
TCGA-VM-A8CD-01A,34.2889327054645,-3.8451042801996,5.23001557138507,1
TCGA-VM-A8CF-01A,-1.60133964100678,-9.86531534623035,14.1617244537521,1
TCGA-VM-A8CH-01A,23.1854437935391,-9.0115384180698,3.3613542352579,1
TCGA-VV-A86M-01A,15.5727968337895,-8.05949176597847,10.7130479253294,1
TCGA-VW-A8FI-01A,29.4209040188239,6.0769763551322,9.97741208203761,1
TCGA-WH-A86K-01A,22.333451660111,-10.2642305718759,21.5758710916868,1
TCGA-WY-A858-01A,20.2033786171911,-4.26637319588088,17.7209669542289,1
TCGA-WY-A859-01A,4.93102115600424,-6.52780363880367,7.84064568393715,1
TCGA-WY-A85A-01A,19.8089289733167,-3.86387371333689,13.1225153461783,1
TCGA-WY-A85B-01A,25.6591140836732,-8.13664345106034,17.2621903146095,1
TCGA-WY-A85C-01A,25.1255350982947,-10.831118690943,21.9442337091317,1
TCGA-WY-A85D-01A,22.5211406314428,-12.1899138558935,-0.966420343499792,1
TCGA-WY-A85E-01A,26.3301216890931,-7.13099580773696,1.17672568573879,1
TCGA-CS-5394-01A,-45.5190688094773,13.5115332833205,-27.9246891823702,2
TCGA-CS-6670-01A,-45.9053191259659,14.7320617624312,-30.6808233039858,2
TCGA-DB-5274-01A,-55.1387446630599,24.3579165677301,-71.9078145467016,2
TCGA-DB-A4XA-01A,-52.88201551283,15.5682024429749,-28.6989307261759,2
TCGA-DB-A4XG-01A,-46.256527736866,16.9546924410494,-25.9863068336366,2
TCGA-DB-A64L-01A,-45.0595121266944,22.023284420545,-22.8667842860075,2
TCGA-DB-A64P-01A,-43.9240400247726,16.2853953540826,-24.0338169481401,2
TCGA-DB-A64Q-01A,-44.8080092626415,19.6753973692047,-24.6869977793939,2
TCGA-DB-A64U-01A,-45.0184040163751,18.8867181971859,-18.5813795338372,2
TCGA-DB-A64V-01A,-41.7210045704055,16.6843017340643,-22.2896132936428,2
TCGA-DB-A75K-01A,-45.3530477609395,20.0714942524029,-28.1169006537171,2
TCGA-DB-A75P-01A,-50.6445269162075,14.8168206544796,-33.2819235770159,2
TCGA-DH-5141-01A,-50.1661505727862,20.8400103222717,-29.792114422997,2
TCGA-DH-A669-01A,-52.3142778371989,17.6820815790976,-30.8360427461002,2
TCGA-DH-A66F-01A,-46.5914308085131,15.9958895509664,-26.5227804820413,2
TCGA-DH-A66G-01A,-46.7146628253586,12.6079044232045,-27.361792165532,2
TCGA-DH-A7US-01A,-44.5452083959588,13.8572688744626,-29.3408565583134,2
TCGA-DU-5849-01A,-41.0622972468829,17.9053628438249,-21.0420531978191,2
TCGA-DU-5870-01A,-52.3355361301936,17.9688742269084,-33.461839283144,2
TCGA-DU-6397-01A,-50.5497469223282,22.7593335593288,-26.6038460246739,2
TCGA-DU-6402-01A,-51.1060303089577,17.1198698540258,-30.7030803855647,2
TCGA-DU-7006-01A,-51.9417770760084,14.3928504602433,-36.8102486197902,2
TCGA-DU-7009-01A,-50.5482422656675,22.2363697360114,-25.5204493862937,2
TCGA-DU-7290-01A,-46.2107334393271,17.647212251846,-31.4084900740715,2
TCGA-DU-7294-01A,-55.4205298475305,16.8507139154944,-28.6061069191399,2
TCGA-DU-7302-01A,-55.5929530736595,16.0234792080765,-23.5302168155235,2
TCGA-DU-8158-01A,-53.4351085493091,21.0873863791059,-27.6219851730866,2
TCGA-DU-8164-01A,-52.1183689543333,23.3393390309442,-30.9839234538044,2
TCGA-DU-8166-01A,-46.4157459790503,21.476619898677,-24.7444626992826,2
TCGA-DU-A5TP-01A,-55.6045751736358,14.4288565962223,-30.2774211166736,2
TCGA-DU-A5TR-01A,-52.9291502023523,22.4575477706791,-30.8763299707254,2
TCGA-DU-A6S2-01A,-46.4325473174783,20.7258352420933,-26.4525485432739,2
TCGA-DU-A6S6-01A,-49.6766696492668,21.5367487564577,-21.2420614084891,2
TCGA-DU-A76L-01A,-51.3734111134321,18.0755192567016,-30.5651756913765,2
TCGA-DU-A76R-01A,-51.5950220191008,22.2742284219973,-27.4855999992257,2
TCGA-DU-A7TG-01A,-45.085442386545,17.9969764551447,-24.7573542185885,2
TCGA-DU-A7TI-01A,-47.4505453086054,13.170657663491,-29.8033500094116,2
TCGA-E1-5311-01A,-55.233007270676,16.3369163781205,-23.9466899050569,2
TCGA-E1-5319-01A,-50.516085119982,18.6720440474242,-28.2872811732978,2
TCGA-E1-A7YJ-01A,-49.5050591566811,16.2401958137852,-36.6026549761409,2
TCGA-E1-A7YK-01A,-55.4519527170098,19.5081863161987,-27.2020840010145,2
TCGA-E1-A7YM-01A,-42.0791330770892,15.3492419428907,-17.246434362618,2
TCGA-E1-A7YN-01A,-53.2717024031009,21.6951054954294,-24.262163871982,2
TCGA-E1-A7YO-01A,-45.0542492971601,18.9215571782015,-23.1785066619777,2
TCGA-E1-A7YW-01A,-47.9773031641564,13.8252127188178,-22.2622731617925,2
TCGA-E1-A7Z2-01A,-42.3054715707547,16.3991166837797,-19.8348988370969,2
TCGA-E1-A7Z3-01A,-55.4880808065913,21.2885166035153,-25.9658930770003,2
TCGA-F6-A8O3-01A,-53.7512612036694,21.2026262479606,-27.6917008583743,2
TCGA-FG-5962-01B,-46.2684262373874,13.7586843700237,-31.8478440244202,2
TCGA-FG-5964-01A,-45.3447004989681,11.6132488802804,-27.8473924284104,2
TCGA-FG-6688-01A,-47.775295401607,17.3721408819963,-36.4935279540548,2
TCGA-FG-7637-01A,-47.6358056530458,17.4272721538577,-27.6258071318856,2
TCGA-FG-7638-01B,-51.7986817106111,16.0729555482495,-32.7866645601143,2
TCGA-FG-7641-01B,-44.9977076580131,19.6718839449876,-25.3766372206765,2
TCGA-FG-8181-01A,-41.1170336612992,16.034782930844,-25.5197425827048,2
TCGA-FG-8186-01A,-42.1120127579502,19.3916285187828,-25.5159264479801,2
TCGA-FG-8191-01A,-42.5480958909001,11.2003323793543,-28.5268918622884,2
TCGA-FG-A60K-01A,-46.1327859135198,21.1336420923867,-27.8956364151477,2
TCGA-FG-A6J1-01A,-55.5892603494376,14.5311200917302,-27.0266746912601,2
TCGA-FG-A710-01A,-50.2123363242395,16.5608652970157,-31.3142121957501,2
TCGA-FG-A87Q-01A,-41.920590687954,17.5976522748444,-26.778063491924,2
TCGA-HT-7605-01A,-39.9360560982308,21.5066307863193,-20.3339633339488,2
TCGA-HT-7607-01A,-44.900071325792,21.0412687973208,-18.956926971993,2
TCGA-HT-7608-01A,-50.9754854826782,17.7874033819672,-27.8224612483375,2
TCGA-HT-7616-01A,-45.5269883555983,17.8243033312022,-28.2238720199548,2
TCGA-HT-7677-01A,-54.9225740687546,14.3283002781381,-31.1193887439801,2
TCGA-HT-7680-01A,-46.0284105030684,22.1470277679098,-34.011978421852,2
TCGA-HT-7681-01A,-43.9300818898632,22.7299710671893,-24.4063148738553,2
TCGA-HT-7684-01A,-50.2735027486719,20.0215018380201,-30.6953920486838,2
TCGA-HT-7687-01A,-52.3151306668664,14.0314594830411,-31.4574713698242,2
TCGA-HT-7691-01A,-51.0967834886014,19.7001878449087,-30.6268184854352,2
TCGA-HT-7695-01A,-44.2699817269367,24.3446668229205,-20.7666035250198,2
TCGA-HT-7857-01A,-54.6320213712843,12.3734380872255,-33.8613237433141,2
TCGA-HT-7875-01A,-51.197677257672,19.1383500044838,-25.9629703554642,2
TCGA-HT-7877-01A,-38.9686003477431,19.9946027389855,-23.1801916494635,2
TCGA-HT-7882-01A,-50.49952876538,15.6875661818184,-34.179419075882,2
TCGA-HT-8010-01A,-48.6893103747179,18.2572279711388,-24.0987322010611,2
TCGA-HT-8015-01B,-50.4677919779254,16.898950595285,-34.6391768304042,2
TCGA-HT-8018-01A,-56.9588946414252,18.402674597027,-23.0011269444419,2
TCGA-HT-8105-01A,-48.226226952805,22.3252759886699,-22.4399627349303,2
TCGA-HT-8107-01A,-42.6312022475741,16.9673280525204,-20.9844085965826,2
TCGA-HT-8109-01A,-51.3902272391808,22.3353726352654,-22.4478367323444,2
TCGA-HT-8110-01A,-51.3057159756798,21.9414150682612,-31.2191703397776,2
TCGA-HT-8113-01A,-42.0453707980912,20.1422799218605,-22.1161589029861,2
TCGA-HT-8563-01A,-50.2990804034756,24.8019678997789,-33.4540808845779,2
TCGA-HT-A4DV-01A,-45.4996895924105,21.2361555201335,-18.6572083014712,2
TCGA-HT-A5R5-01A,-46.0672260412353,14.9922566831347,-34.7511142435991,2
TCGA-HT-A5RA-01A,-51.3692996797887,20.241408365593,-32.9021084151101,2
TCGA-HT-A616-01A,-43.303050637942,19.4000020481581,-25.6469487460539,2
TCGA-HW-7487-01A,-45.1603479729236,21.2115568755649,-20.6831857993658,2
TCGA-HW-7491-01A,-51.7813850584457,20.7804945702505,-32.5116571392331,2
TCGA-HW-7495-01A,-47.1172239726519,20.5473223863495,-30.6355054663078,2
TCGA-HW-A5KJ-01A,-46.3619625627365,12.9807733633742,-24.7951615358189,2
TCGA-IK-8125-01A,-52.6156636586769,18.8986193348658,-27.3185785902434,2
TCGA-KT-A74X-01A,-46.9064258840955,10.7487640130468,-26.5992147582484,2
TCGA-P5-A5EX-01A,-47.4316411182917,21.7722624071851,-30.4056865420004,2
TCGA-P5-A5F6-01A,-54.1719682167982,19.8639812555838,-26.1533834930506,2
TCGA-P5-A730-01A,-47.250453375543,22.0517016541222,-19.8489366319345,2
TCGA-P5-A731-01A,-49.088976493741,20.4806820876867,-34.3536889480235,2
TCGA-P5-A77X-01A,-44.3327175607064,23.6505681486159,-20.0858178855587,2
TCGA-P5-A781-01A,-50.344045310863,21.906307372066,-27.843884421184,2
TCGA-QH-A65R-01A,-46.6834954418777,22.2698008006435,-21.4621062390616,2
TCGA-QH-A65V-01A,-51.0658729498445,21.9053836151655,-27.5080154951389,2
TCGA-QH-A65X-01A,-54.7517487813452,14.9223536416647,-29.3332931335109,2
TCGA-QH-A65Z-01A,-45.9178216889255,21.9223512102042,-29.4696967004434,2
TCGA-QH-A6CU-01A,-40.9854154088363,20.4326861037764,-22.011675203315,2
TCGA-QH-A6CW-01A,-44.5582971688851,10.9612090144039,-31.7959913871716,2
TCGA-QH-A6CY-01A,-41.0574991215605,17.8451680156575,-28.7673221144148,2
TCGA-QH-A6X5-01A,-50.5111286264463,18.0372335409788,-26.7361859816851,2
TCGA-QH-A86X-01A,-41.7846473115401,12.3015169120873,-28.063323063067,2
TCGA-R8-A6MK-01A,-47.5161744722946,21.6096839599414,-21.2774838559533,2
TCGA-R8-A6ML-01A,-46.2756678821936,16.3792227340684,-24.5016906712724,2
TCGA-R8-A6MO-01A,-39.7962993885976,14.3286405178978,-27.9605361390069,2
TCGA-RY-A83Y-01A,-40.2076246519761,15.5663835238299,-18.5408086514588,2
TCGA-RY-A843-01A,-45.8245005656019,19.0785055940096,-32.0192434316967,2
TCGA-S9-A6TV-01A,-45.6937498132962,7.87686143936832,-27.5747351441869,2
TCGA-S9-A6TW-01A,-50.5837678091767,19.322763926219,-33.0840585614594,2
TCGA-S9-A6TX-01A,-48.6482785624346,20.9613459583782,-28.9617256838072,2
TCGA-S9-A6U0-01A,-48.5881145008952,17.8591599100079,-34.3245756424786,2
TCGA-S9-A6U2-01A,-49.704079748967,21.2187815497067,-27.605092295894,2
TCGA-S9-A6U5-01A,-50.1439120069762,19.0200673605439,-32.2373926671208,2
TCGA-S9-A6U6-01A,-43.1203408746674,15.8867070853005,-31.2633229485234,2
TCGA-S9-A6U9-01A,-44.1750341340866,18.6857335546026,-26.6501160012218,2
TCGA-S9-A6UA-01A,-52.7182031428469,17.5865215844774,-33.1301851210563,2
TCGA-S9-A6WD-01A,-53.085048535251,17.3879806928351,-24.5318809207579,2
TCGA-S9-A6WE-01A,-41.1096396960099,20.3974410717398,-23.8664672467562,2
TCGA-S9-A6WG-01A,-51.8521612669717,16.7358503940525,-30.5165680038986,2
TCGA-S9-A6WL-01A,-52.9085018519541,14.0377479556268,-33.1176292975018,2
TCGA-S9-A6WN-01A,-47.275310866964,16.3663548598515,-35.1006087506053,2
TCGA-S9-A6WP-01A,-53.213431463649,13.0887999931679,-31.6987347304581,2
TCGA-S9-A7IY-01A,-56.6639589764033,15.5382173896605,-28.0127570181926,2
TCGA-S9-A7IZ-01A,-47.9683970615597,14.3736393677148,-21.8228058434387,2
TCGA-S9-A7J1-01A,-47.2662309426301,20.1815132626495,-26.109106460073,2
TCGA-S9-A7J2-01A,-52.1520439839398,18.4128557313296,-26.1372218579784,2
TCGA-S9-A7J3-01A,-42.9316518382152,17.968164657311,-17.9478891756683,2
TCGA-S9-A7QY-01A,-44.1297005231771,21.4179015577378,-22.8348645710069,2
TCGA-S9-A7R1-01A,-39.7250562631943,17.1467081522378,-21.3850731755746,2
TCGA-TM-A84C-01A,-50.0185354202358,19.6975024228364,-31.8086787229519,2
TCGA-TM-A84O-01A,-49.2902956393823,14.8031103142611,-31.6858202778424,2
TCGA-TM-A84S-01A,-43.3164403811125,15.8770455168,-28.87661740211,2
TCGA-TQ-A7RG-01A,-48.7032698237229,15.08601222261,-33.0957158173823,2
TCGA-TQ-A7RO-01A,-50.8806541041771,20.9553514858005,-27.5546987123893,2
TCGA-TQ-A7RP-01A,-50.9658807234415,14.3083190548659,-29.6148319157086,2
TCGA-TQ-A7RS-01A,-46.4470661138544,15.5920511840919,-27.8916009332918,2
TCGA-VM-A8C9-01A,-45.6791799021291,13.6165241549017,-32.7138727615993,2
TCGA-VM-A8CA-01A,-46.8186953747195,21.476992585495,-27.9533035015687,2
TCGA-VM-A8CE-01A,-47.7053997261143,23.1595277282517,-24.120303239102,2
TCGA-VV-A829-01A,-46.5991677269739,22.4602123620281,-26.2957493541552,2
TCGA-VW-A7QS-01A,-46.453389346985,19.0426810456311,-28.525873083797,2
TCGA-W9-A837-01A,-42.0058297754659,19.2235978313355,-19.171275581288,2
