Sample,X,Y,Z,Cluster
TCGA-CS-4942-01A,2.02599789039286,3.68810921391439,41.5930229889374,1
TCGA-CS-4943-01A,-30.7719210098442,18.7020523496,14.6142003113387,1
TCGA-CS-5390-01A,-45.7844872494862,0.508532937453598,9.39472111257189,1
TCGA-CS-5393-01A,-63.9848231132872,2.35635991799118,18.5858128928756,1
TCGA-CS-5394-01A,-43.103850785623,16.4643598010555,16.2357297882144,1
TCGA-CS-5396-01A,-45.2739709564884,14.9281167548731,-1.67729038988215,1
TCGA-CS-6667-01A,-25.3227154236041,-11.9769617514247,20.9495216159781,1
TCGA-CS-6668-01A,-43.6024839828887,-1.87287446597522,27.2023308873809,1
TCGA-CS-6670-01A,-54.9712814875211,3.93441748457036,15.1815183635993,1
TCGA-DB-5274-01A,-52.1101544409777,-13.4895074417789,17.9446523663077,1
TCGA-DB-5275-01A,-37.8521499370697,13.866590935442,5.99226079041166,1
TCGA-DB-5278-01A,-20.0400931465625,-3.00533479021632,13.082158117953,1
TCGA-DB-5280-01A,-10.6946943192607,1.16612564468628,44.3287476073722,1
TCGA-DB-5281-01A,-14.0331150912509,-14.0871466959711,30.2310978933496,1
TCGA-DB-A4XA-01A,-36.9869549510301,-4.71804396151161,17.3519152631207,1
TCGA-DB-A4XB-01A,-45.230489668626,11.8766188222748,5.38245134103025,1
TCGA-DB-A4XC-01A,-46.4973051598706,0.719778817858184,26.6876711863887,1
TCGA-DB-A4XD-01A,-36.0182308372851,8.36217535407657,24.2100918308107,1
TCGA-DB-A4XE-01A,-28.9781358272987,-18.5590250739738,28.9569882340234,1
TCGA-DB-A4XF-01A,-23.0110228157728,-15.5392594102539,29.640206893679,1
TCGA-DB-A4XG-01A,-41.8877522930263,7.95041791620219,4.57507186535835,1
TCGA-DB-A64P-01A,-52.8726471429661,-19.538392463501,18.0770891739369,1
TCGA-DB-A64R-01A,-50.8463631502468,-10.7727159103152,11.5523804984918,1
TCGA-DB-A64S-01A,-8.40328846684896,2.04516211660223,19.5412776284908,1
TCGA-DB-A64U-01A,-39.6190776383924,3.15185087260929,22.5307744016587,1
TCGA-DB-A64V-01A,-22.8386620667213,-2.64201833492741,6.25446814400139,1
TCGA-DB-A64W-01A,-41.8983301113282,-2.87195453287799,21.7146882385349,1
TCGA-DB-A64X-01A,-38.2674970086234,-6.95849063896525,8.14210135592075,1
TCGA-DB-A75K-01A,-51.7991474754235,-9.17988104829815,21.8610126252497,1
TCGA-DB-A75L-01A,-29.6477193303866,0.232768077932032,33.5185996617851,1
TCGA-DB-A75M-01A,-31.3859168343519,-0.95647378570054,29.4608970257728,1
TCGA-DH-5140-01A,-33.5100842026415,-2.15248703938479,8.74364337313225,1
TCGA-DH-5141-01A,-25.6375504256317,-1.45771099278665,15.8023735208146,1
TCGA-DH-5142-01A,-13.4319108960048,-0.33088747505228,19.4429523310435,1
TCGA-DH-5144-01A,-40.9931153086999,16.2318440944833,15.9529274719332,1
TCGA-DH-A669-01A,-27.7675220177347,11.1506613871845,-3.23140944505366,1
TCGA-DH-A66B-01A,-31.7354424891118,1.49833447838061,18.6790713862242,1
TCGA-DH-A66D-01A,-12.4504798828644,2.48565347102166,8.69526909328503,1
TCGA-DH-A66F-01A,-7.5062744527171,-3.41360489869757,26.9622498502168,1
TCGA-DH-A7UR-01A,-54.2199093709217,-16.2222207373113,29.6676262087455,1
TCGA-DH-A7US-01A,-46.2029441593255,-15.8442864391542,38.6748787715242,1
TCGA-DH-A7UT-01A,-40.916449563449,-8.88744492767595,35.6440010951392,1
TCGA-DH-A7UU-01A,-55.106054870311,2.38153844660004,27.0874939830827,1
TCGA-DH-A7UV-01A,-42.7045825233641,5.17772596349079,25.6630474329669,1
TCGA-DU-5849-01A,-32.6982458407121,18.4796540797665,10.2003769250422,1
TCGA-DU-5855-01A,-11.9196476114223,-4.01419007682525,33.4368865866055,1
TCGA-DU-5870-01A,-14.0818741253978,2.10458441916829,27.1769283522311,1
TCGA-DU-5871-01A,-13.2091824901219,-8.46534881039172,26.0041840514588,1
TCGA-DU-5872-01A,-16.7206768953987,0.864661680630505,26.286830178216,1
TCGA-DU-5874-01A,-38.4995774093809,7.68294261222243,14.2492685939876,1
TCGA-DU-6392-01A,-44.6350992953942,11.1739777852514,17.6357293172762,1
TCGA-DU-6393-01A,-57.3459978727493,-5.8912229692362,22.2792068441579,1
TCGA-DU-6394-01A,-39.7445762225,16.2363641663963,3.25375058524971,1
TCGA-DU-6395-01A,-52.5533741796849,15.5402561715816,20.6379055233467,1
TCGA-DU-6396-01A,-44.6703808530698,4.66017648418766,25.3294988794295,1
TCGA-DU-6397-01A,-22.5303295958581,-19.4116925339112,31.493655632703,1
TCGA-DU-6399-01A,-21.8308240968405,-3.57185124170177,35.5723328728467,1
TCGA-DU-6400-01A,-43.0608538829635,-1.37271939645425,18.0838887365773,1
TCGA-DU-6401-01A,-24.3667961500009,-3.78754846436733,42.2730033597367,1
TCGA-DU-6403-01A,-59.2534836247749,9.80525800366957,22.4530043870836,1
TCGA-DU-6408-01A,-33.6516406274405,7.45415529914761,24.050178566924,1
TCGA-DU-6410-01A,-55.0750771592499,-16.1580208014741,18.7895274491893,1
TCGA-DU-6542-01A,-8.55461212134773,6.07467261643839,45.0438327795057,1
TCGA-DU-7008-01A,-52.2858082774793,-12.9971048202282,24.3911895420247,1
TCGA-DU-7009-01A,-28.7716422969465,6.82794768930611,21.5585630792999,1
TCGA-DU-7010-01A,-25.8369490204303,0.477910888554676,13.0722391600794,1
TCGA-DU-7014-01A,-31.7128504018056,-0.506113579515741,11.0148937599061,1
TCGA-DU-7018-01A,-46.9729874785722,12.7660298799577,6.05036961764494,1
TCGA-DU-7019-01A,1.31869378030891,-14.4407186742134,48.2776800992162,1
TCGA-DU-7294-01A,-41.6374667239624,2.63390765032244,6.64178773955137,1
TCGA-DU-7298-01A,-6.84842262440592,-13.9905328094851,40.6987239774335,1
TCGA-DU-7299-01A,-52.4732046186735,-8.88184250837437,9.57135562573832,1
TCGA-DU-7306-01A,-11.1373381612346,-11.0073676063307,32.3757699777322,1
TCGA-DU-8164-01A,-8.52667562676044,-8.37089979855344,26.4007788320812,1
TCGA-DU-8166-01A,-14.2247517156098,4.06528096634903,23.0344321800456,1
TCGA-DU-8167-01A,-38.4730249759349,18.3490232080063,22.4508663467407,1
TCGA-DU-8168-01A,-49.2267933531212,-10.6690558631393,16.8336827102681,1
TCGA-DU-A5TR-01A,-26.3579194441371,-12.6984980467918,-4.89520934053262,1
TCGA-DU-A5TS-01A,-27.6693929140057,10.3547451948339,18.2292912638027,1
TCGA-DU-A5TU-01A,-25.1730298141733,-10.564515398925,21.622930710874,1
TCGA-DU-A5TW-01A,-44.4648270863996,1.18914114706164,27.9247782701661,1
TCGA-DU-A6S2-01A,-49.3737812989637,-14.1883375185036,11.8207038076017,1
TCGA-DU-A6S3-01A,-57.375278708816,3.48773380911876,12.7650376079762,1
TCGA-DU-A6S6-01A,-52.9366913145952,-11.0106393519984,25.9600923391114,1
TCGA-DU-A6S7-01A,-38.5014480334135,-6.58168354846907,28.9537385888856,1
TCGA-DU-A6S8-01A,-57.1874210383277,-16.5610870493543,22.7734103218697,1
TCGA-DU-A76O-01A,-44.0391849766878,-3.44381390327024,27.0361628268355,1
TCGA-DU-A7T6-01A,-53.1017142244146,0.245234697464273,8.73636794777383,1
TCGA-DU-A7T8-01A,-37.6439729969995,-6.12239385261877,16.7287293357153,1
TCGA-DU-A7TA-01A,-48.4500080735184,-23.0990031006402,11.9937693313603,1
TCGA-DU-A7TB-01A,-53.3797449111557,7.0169063560278,-0.196521615318236,1
TCGA-DU-A7TC-01A,-39.09426430596,-15.8989144328236,14.952909086914,1
TCGA-DU-A7TI-01A,-33.5159788120593,9.32895658627371,17.8062308228508,1
TCGA-E1-5304-01A,-62.9320829181496,19.2693181414382,5.75846972072358,1
TCGA-E1-5305-01A,-2.79243266402806,-13.7539490743167,32.4147807062388,1
TCGA-E1-5307-01A,-22.7887070060943,-10.2750042108406,29.9095133883218,1
TCGA-E1-5311-01A,-52.8179447147629,-2.8062878500023,13.554233893869,1
TCGA-E1-5318-01A,-49.671216844242,-11.7223374547264,-0.0229430794952866,1
TCGA-E1-5319-01A,-43.5230653539989,-0.367838476246166,22.6664089987952,1
TCGA-E1-5322-01A,-46.9442709386711,-0.200167998123869,14.8215290902444,1
TCGA-E1-A7YD-01A,-35.3217320917159,6.88038012784567,15.5569133957446,1
TCGA-E1-A7YE-01A,-52.1075394020169,4.02003520094968,13.3463662474382,1
TCGA-E1-A7YH-01A,-49.7381082974754,-6.57063089091662,17.3169216729261,1
TCGA-E1-A7YI-01A,-61.0870742693763,13.1005569775747,13.7615741325846,1
TCGA-E1-A7YO-01A,-36.8626976446711,-6.48885778180395,33.2544417133344,1
TCGA-E1-A7YS-01A,-35.220509311423,22.3411867932567,5.05132741918533,1
TCGA-E1-A7YV-01A,-26.1940072890668,-7.26649288068513,25.7321930003758,1
TCGA-E1-A7YW-01A,-33.4867270663072,8.09052179256519,18.9682527525183,1
TCGA-EZ-7264-01A,-47.8670732974089,-0.751591505678616,5.49359472153983,1
TCGA-F6-A8O3-01A,-53.1309251935225,-13.2421538378208,24.4026791962657,1
TCGA-FG-5962-01B,-23.7923736430359,-1.44111199060427,9.96178833438715,1
TCGA-FG-5964-01A,-56.2412946731314,-10.6992760010521,15.4305720239517,1
TCGA-FG-5965-01B,-35.2049178416161,-1.5720862203926,34.4928420461303,1
TCGA-FG-6689-01A,-20.1912079276352,1.56194263255296,43.3463151872984,1
TCGA-FG-6690-01A,-23.5886505707575,-3.08328062113089,20.0575486057251,1
TCGA-FG-7636-01A,-40.0306682885177,9.90431663223825,7.29190642680684,1
TCGA-FG-7637-01A,-54.7304346186578,-7.1017100018323,9.83792823429924,1
TCGA-FG-7638-01B,-23.9645539616826,-19.6848981665588,43.8435189410415,1
TCGA-FG-7641-01B,-29.276023126487,-21.7755090003402,34.1858350522083,1
TCGA-FG-8182-01A,-58.8770944671783,-11.9329367853042,12.5170442394379,1
TCGA-FG-8185-01A,-37.3405006303266,-7.07303540206525,12.7882458549093,1
TCGA-FG-8186-01A,-28.0466589469621,-7.95107515853692,19.5245910454018,1
TCGA-FG-8188-01A,-12.9101456865499,-15.3947302498639,23.7497684464414,1
TCGA-FG-A4MT-01A,-49.5180602983744,11.4107563527673,32.6711964412719,1
TCGA-FG-A4MX-01A,-32.1634111351879,17.0799893329133,24.6222841123172,1
TCGA-FG-A60J-01A,-39.1770977659694,-0.680582392188135,22.4194127757771,1
TCGA-FG-A60K-01A,-26.3398792415494,-0.791917042461185,31.5344518361645,1
TCGA-FG-A60L-01A,-30.6297237428051,1.08184758898922,6.02288041513117,1
TCGA-FG-A6IZ-01A,-52.3867843967533,-2.65927039128187,30.5188045350699,1
TCGA-FG-A6J1-01A,-51.2302567950647,-4.62980091237034,34.4039930509837,1
TCGA-FG-A70Y-01A,-41.7499945326468,2.11278119952051,28.4975310730751,1
TCGA-FG-A710-01A,-35.1930077587261,-5.08385314767411,28.6338942254647,1
TCGA-FG-A87N-01A,-44.0434034445817,4.86598812614911,12.6820117549821,1
TCGA-FN-7833-01A,-41.6291633552135,2.78578328703753,22.0808328146413,1
TCGA-HT-7467-01A,-24.7912040969132,-0.950246625986788,33.6734113115398,1
TCGA-HT-7470-01A,-16.573781792176,1.08040117485254,48.1171497616841,1
TCGA-HT-7471-01A,-58.7345295001675,-0.932551134697504,26.560783973569,1
TCGA-HT-7472-01A,-15.6528205597296,-4.05678870024283,40.5781559003975,1
TCGA-HT-7475-01A,-46.8428924890435,4.38703181164748,13.9566711285522,1
TCGA-HT-7480-01A,-25.5836249088496,-12.1446908531884,34.1631219487851,1
TCGA-HT-7483-01A,-50.2910435028525,6.43538330561584,-2.06838876016593,1
TCGA-HT-7604-01A,-26.1097607366087,-7.37583669490455,38.6958751092667,1
TCGA-HT-7606-01A,-61.9556957396946,17.0760724999722,17.2888824503664,1
TCGA-HT-7608-01A,-5.81484223784143,-17.3216411498522,48.0455853533461,1
TCGA-HT-7609-01A,-42.0089705286682,18.7648712617956,34.1096311374328,1
TCGA-HT-7610-01A,-16.0208862003948,-5.73947869159032,30.0322825152286,1
TCGA-HT-7616-01A,-46.0124714902733,-0.0332076638020064,1.23189769636599,1
TCGA-HT-7676-01A,-29.8475230172606,5.34412540589918,14.1898621203117,1
TCGA-HT-7677-01A,-18.2722545584887,-18.9421766497322,22.4338447123974,1
TCGA-HT-7681-01A,-22.41626062989,-7.00158710794409,27.9306976530635,1
TCGA-HT-7684-01A,-47.3454182756365,-5.51352095327383,10.7259098426019,1
TCGA-HT-7686-01A,-32.8698753018202,-10.9746668096496,21.0435967152246,1
TCGA-HT-7687-01A,-59.9456131629329,-10.6113755134774,23.4123125180664,1
TCGA-HT-7688-01A,-41.2410657993887,1.84977360384391,9.3282888882926,1
TCGA-HT-7689-01A,-10.1106598658012,-16.5921109733429,49.5513968227294,1
TCGA-HT-7692-01A,-42.0633358403038,6.66135461123175,12.7363549244409,1
TCGA-HT-7693-01A,-45.78542912507,17.9836153480793,20.2241133839639,1
TCGA-HT-7695-01A,-18.2566467030611,-7.13362955212974,49.0905101232917,1
TCGA-HT-7855-01A,-18.418933569049,-2.90283389882195,38.7245089873717,1
TCGA-HT-7858-01A,-3.30881830452048,-10.4233796182348,24.5999986505826,1
TCGA-HT-7873-01B,-18.4792422369938,-6.98237046182693,31.8979431915488,1
TCGA-HT-7875-01A,-11.5023492218583,-3.62598788339281,30.4285418182006,1
TCGA-HT-7877-01A,-24.7322874826907,-19.6394198641196,34.71916604995,1
TCGA-HT-7879-01A,-34.6271638346734,3.85880081191085,40.8644690151748,1
TCGA-HT-7884-01B,-20.9289243894687,-10.7071473574958,31.6971222446728,1
TCGA-HT-8012-01A,-37.4466487882271,-2.11966097469956,9.46881006690109,1
TCGA-HT-8013-01A,-20.2115773557074,-10.0427401686737,19.9739804459263,1
TCGA-HT-8105-01A,-47.1630605721394,5.95757076423751,19.6951128432303,1
TCGA-HT-8108-01A,-12.5947429196257,4.58246041043783,42.5447808286394,1
TCGA-HT-8114-01A,-36.1572994415857,-4.26650106082887,38.6830453993277,1
TCGA-HT-8564-01A,-54.4391644650518,9.65015809940182,26.625551369234,1
TCGA-HT-A4DV-01A,-37.6600296956086,8.53498685405527,11.0183104968184,1
TCGA-HT-A5R9-01A,-39.4893037379835,6.64124421269364,28.2949669650705,1
TCGA-HT-A5RB-01A,-9.79737130075797,-7.29408651148022,25.2564819948231,1
TCGA-HT-A614-01A,-32.3241096166455,8.5501630887193,12.2053352720132,1
TCGA-HT-A615-01A,-42.672386222193,17.4275230295324,8.54530685061752,1
TCGA-HT-A619-01A,-64.6731927648222,-6.03197153351146,11.165071351538,1
TCGA-HT-A61B-01A,-22.3600606570977,-6.13431939609704,17.5656909213025,1
TCGA-HT-A61C-01A,-13.5418914029485,-0.500761059357895,1.88434340229508,1
TCGA-HT-A74J-01A,-56.1115052620529,0.668057705705114,19.5593382015414,1
TCGA-HT-A74K-01A,-57.325405411046,-14.5925940396305,13.4609657882519,1
TCGA-HT-A74L-01A,-48.2531215612763,2.94738092014535,25.8887622988186,1
TCGA-HT-A74O-01A,-31.7314852207134,-13.1400660084968,34.0444122723103,1
TCGA-HW-7486-01A,-28.339312488376,-11.0683979403808,42.4142293586219,1
TCGA-HW-7487-01A,-31.5788499049644,1.13103352289653,10.7018089138218,1
TCGA-HW-7489-01A,-45.1468600105203,-1.72617151912815,34.2423808754629,1
TCGA-HW-7490-01A,-23.1328132130057,4.88315162891501,33.2693581776482,1
TCGA-HW-7491-01A,-38.4615123659431,9.20117869497309,16.720417701106,1
TCGA-HW-7495-01A,-17.5663032887051,-10.3573481343009,38.0963025279893,1
TCGA-HW-8319-01A,-3.9567341195944,-9.85153824716451,36.7452703152285,1
TCGA-HW-8320-01A,-32.0365899472418,-5.73209445922671,41.106529757964,1
TCGA-HW-8321-01A,-15.4838438790692,0.51354763058285,45.75088482349,1
TCGA-HW-8322-01A,-49.682487808662,-6.22911274104445,8.98043462307657,1
TCGA-HW-A5KJ-01A,-43.4760745971668,-16.2930942305535,32.4711026346437,1
TCGA-HW-A5KL-01A,-22.773029047604,2.1190931268517,30.4173519689689,1
TCGA-IK-7675-01A,-57.542853166944,6.0007019402477,1.09401623085915,1
TCGA-IK-8125-01A,-6.72420671945725,-16.5592995234848,50.1959994105854,1
TCGA-KT-A74X-01A,-51.048301423365,-4.1157673389034,18.6623612368575,1
TCGA-P5-A5ET-01A,-49.6664410647378,4.52288203712793,25.3870120233629,1
TCGA-P5-A5EV-01A,-42.24431060005,-0.231999975648255,30.1945051687185,1
TCGA-P5-A5EW-01A,-3.94878916273972,-16.3157382776758,42.6517151816428,1
TCGA-P5-A5EZ-01A,-52.0333443681188,12.0039854593539,25.008936429366,1
TCGA-P5-A5F0-01A,-34.8714721513625,0.801189072633575,8.53592205497614,1
TCGA-P5-A5F4-01A,-32.8861664593349,4.38933253589065,23.4530860289079,1
TCGA-P5-A72W-01A,-33.1425095151723,-10.838510356524,23.2284366341537,1
TCGA-P5-A72X-01A,-20.5338528749938,-10.2134662458994,22.674943828027,1
TCGA-P5-A72Z-01A,-45.2779417808422,-12.7361631806058,11.2178142015107,1
TCGA-P5-A730-01A,-50.8737389262727,3.45347475584053,22.9424450685964,1
TCGA-P5-A733-01A,-8.47836435877286,-11.2995059417761,32.9113510846068,1
TCGA-P5-A735-01A,-31.7946302562373,7.45185877724186,28.6719951657725,1
TCGA-P5-A737-01A,-47.3604693586365,-11.0458449095231,20.2328307116363,1
TCGA-P5-A77W-01A,-47.9970340315354,-16.8546243298776,21.1175959426318,1
TCGA-P5-A77X-01A,-51.6761669438223,-11.6585096096637,27.7147021365999,1
TCGA-P5-A780-01A,-38.7858006083026,7.86943294164476,29.8703025339466,1
TCGA-P5-A781-01A,-5.62338314088874,-6.7958453813094,50.3262989307481,1
TCGA-QH-A65R-01A,-48.0160234430535,-10.0768634871104,31.0417588229362,1
TCGA-QH-A65S-01A,-30.1445068382497,8.67716381249859,23.3801765055204,1
TCGA-QH-A65V-01A,-49.4493834338533,-13.572026521245,35.9849970439399,1
TCGA-QH-A65X-01A,-38.7732164213866,2.46763554635414,33.75574517408,1
TCGA-QH-A65Z-01A,-39.6476462663427,3.73168043495625,10.9984847181268,1
TCGA-QH-A6CW-01A,-40.9734984512382,15.6799504531623,21.4964172340288,1
TCGA-QH-A6CY-01A,-25.3577316294137,12.2771522829631,0.570353769599158,1
TCGA-QH-A6CZ-01A,-43.0328617484153,5.47499430116965,5.37342438199954,1
TCGA-QH-A6X3-01A,-7.71837428511268,-7.2321395064924,33.9989482985048,1
TCGA-QH-A6X4-01A,-53.9527643349464,-10.6321205433875,14.3571536941787,1
TCGA-QH-A6X5-01A,-29.4511310862152,-18.1134374760255,17.844569795328,1
TCGA-QH-A6X8-01A,-49.4737137557615,-6.93944757435037,19.5271379089621,1
TCGA-QH-A6X9-01A,-47.4991092065431,11.2297173662212,32.7755758792293,1
TCGA-QH-A6XA-01A,-20.4629326083648,-5.82055394259136,21.5857281898987,1
TCGA-QH-A86X-01A,-34.0537008307925,-0.456422109618954,41.9416969715504,1
TCGA-R8-A6MK-01A,-13.9385776495494,-4.87483700000554,39.2046636922697,1
TCGA-R8-A6ML-01A,-34.3158522562733,-6.1724712308076,35.4266879113157,1
TCGA-R8-A6MO-01A,-51.942591756883,8.08199498690494,20.8243910944273,1
TCGA-R8-A6YH-01A,-52.4652291163067,17.7913739111005,10.239130720824,1
TCGA-R8-A73M-01A,-39.8609924721009,11.1384745198216,18.7005684330394,1
TCGA-RY-A83X-01A,-39.6639094869259,-1.90189104882895,17.7441392268083,1
TCGA-RY-A83Y-01A,-37.3215189999935,-2.81447304760894,10.30888058858,1
TCGA-RY-A83Z-01A,-48.1723244861769,-5.73167636905332,30.2588937263845,1
TCGA-RY-A840-01A,-24.8749579567307,17.8588782354658,26.3890604366983,1
TCGA-RY-A843-01A,-17.58765965447,-2.97713226813107,28.2650853586755,1
TCGA-RY-A845-01A,-48.65456344189,0.230139719632882,27.065373870732,1
TCGA-RY-A847-01A,-62.4653689480664,-0.529576314644157,10.7829139702889,1
TCGA-S9-A6TS-01A,-42.6342913031017,9.78972331988042,30.5634996388807,1
TCGA-S9-A6TU-01A,-34.3929255269591,18.2332072380269,27.6874661090943,1
TCGA-S9-A6TW-01A,-43.5425653104789,-13.1182282917712,20.3666342448124,1
TCGA-S9-A6TX-01A,-60.0432596219786,-12.1713513583022,21.8359662558401,1
TCGA-S9-A6TY-01A,-42.8640497400739,7.94001951632297,11.3561344885163,1
TCGA-S9-A6U1-01A,-24.5374795856369,-2.68737645921868,31.3926274020574,1
TCGA-S9-A6U2-01A,-9.46177887710324,-19.8142018759091,49.3806280527716,1
TCGA-S9-A6U5-01A,-13.9744441635471,-3.74919406535239,37.4866555522169,1
TCGA-S9-A6U6-01A,-43.7681243198992,-8.5345681500431,19.7185701438966,1
TCGA-S9-A6U8-01A,-29.3292487325086,7.55346922572715,34.6330807825348,1
TCGA-S9-A6UB-01A,-46.8527585057548,6.34329382717286,31.7178830782002,1
TCGA-S9-A6WD-01A,-46.6788720820624,17.0348708428793,19.1663022662786,1
TCGA-S9-A6WE-01A,-50.0652001410921,16.159358155424,30.1440828532291,1
TCGA-S9-A6WH-01A,-50.9991906831767,2.84886267674845,17.2155899210524,1
TCGA-S9-A6WO-01A,-15.5467242652179,-4.82028532582458,1.70244013170121,1
TCGA-S9-A6WP-01A,-50.8593874249898,-20.1901995075738,30.5739107393807,1
TCGA-S9-A6WQ-01A,-28.3468682604346,-11.215377208604,19.2831788651509,1
TCGA-S9-A7IS-01A,-60.7357215137252,2.80966422153175,13.5259484236644,1
TCGA-S9-A7J0-01A,-53.0371408935512,-11.0543354074046,25.1787949222443,1
TCGA-S9-A7J1-01A,-18.0930715522197,-12.9618591060763,48.9163354711522,1
TCGA-S9-A7J2-01A,-19.8734128604072,-16.1997876541548,43.9085452928019,1
TCGA-S9-A7J3-01A,-30.9435098432683,-19.5347341520211,48.7614843255501,1
TCGA-S9-A7QW-01A,-47.2826615776862,18.3903611734908,25.7133141712282,1
TCGA-S9-A7QX-01A,-54.6928508377702,-11.0156767747598,1.74769138276489,1
TCGA-S9-A7QY-01A,-45.1772184985829,-16.1966569115626,20.2145621147129,1
TCGA-S9-A7QZ-01A,-59.2231001126105,-4.22256346991708,20.9084868281948,1
TCGA-S9-A7R1-01A,-43.4020969306086,-14.7003225959184,20.2846268688491,1
TCGA-S9-A7R4-01A,-42.1963442755572,1.12277698093381,24.4698418738257,1
TCGA-S9-A7R8-01A,-14.9412972992048,-6.53821538150934,24.2683357969878,1
TCGA-S9-A89Z-01A,-10.8257904120577,5.41480457771447,36.5382337371976,1
TCGA-TM-A7C4-01A,-54.0639875417925,-2.44735870751201,17.3885347934409,1
TCGA-TM-A7C5-01A,-38.5445367568134,-18.7180228316309,6.96735568767732,1
TCGA-TM-A7CA-01A,-58.0275736744708,-5.66085354992341,21.2768644618414,1
TCGA-TM-A7CF-01A,-34.6709548057352,-5.28058814410453,28.7972890639014,1
TCGA-TM-A84G-01A,-37.2632170815172,-12.1451977468165,15.1796304550685,1
TCGA-TM-A84H-01A,-24.1168751618908,4.48911644587003,12.3730368641538,1
TCGA-TM-A84I-01A,-41.9540954256825,-1.06759118397021,12.6134490308847,1
TCGA-TM-A84J-01A,-26.5624417871931,-0.542495116877588,30.4621436036126,1
TCGA-TM-A84L-01A,-40.517842144851,-17.1623099664594,13.552274276256,1
TCGA-TM-A84M-01A,-34.5526068600357,11.9881776727799,19.6518988952594,1
TCGA-TM-A84Q-01A,-57.2256170558116,1.42425913534861,27.6170838234825,1
TCGA-TM-A84T-01A,-49.5929645150794,3.10032672001458,22.9197806216075,1
TCGA-TQ-A7RG-01A,-16.097691304398,3.55438744012805,24.9840026590996,1
TCGA-TQ-A7RH-01A,-49.832826837333,-8.70062576559954,16.2172128233121,1
TCGA-TQ-A7RI-01A,-31.2285661032311,13.3104098792014,23.1852944690119,1
TCGA-TQ-A7RJ-01A,-29.1118744978319,-2.51843914927313,33.3499026532877,1
TCGA-TQ-A7RK-01A,-37.7506569227527,12.6902566176544,7.55424659822528,1
TCGA-TQ-A7RM-01A,-44.2997620928983,-7.62006807172144,33.7795583183959,1
TCGA-TQ-A7RN-01A,-18.9803261703129,-2.47085191882859,48.9450111411905,1
TCGA-TQ-A7RQ-01A,-62.0265530074759,-9.66318821546373,18.9694831127684,1
TCGA-TQ-A7RR-01A,-22.5379013754333,2.39171628633966,35.085570253179,1
TCGA-TQ-A7RS-01A,-42.3121962781648,-0.727443399142311,28.632784467605,1
TCGA-TQ-A7RV-01A,-38.3571803797247,3.38633371423438,21.5345013816548,1
TCGA-TQ-A8XE-01A,-44.2217841358288,11.4149054967225,19.5808283540571,1
TCGA-VM-A8C8-01A,-35.424704060431,-10.23975247687,30.1545947990733,1
TCGA-VM-A8CB-01A,-59.0677752248801,-2.75827287350037,18.8877922675266,1
TCGA-VM-A8CE-01A,-27.1914381165368,-13.4352093009536,4.71215599373787,1
TCGA-VM-A8CH-01A,-6.91381245481348,-16.2483596669958,41.1211946697072,1
TCGA-VV-A829-01A,-62.8432935621564,0.957593582291654,8.13025897056875,1
TCGA-VV-A86M-01A,-29.2103157901829,-3.54995540398294,21.1267588644073,1
TCGA-VW-A7QS-01A,-33.9311588595672,-14.4696905919102,29.8403516174637,1
TCGA-WH-A86K-01A,-24.9364480689952,4.38884910165507,20.4033561191438,1
TCGA-WY-A858-01A,-42.5835529284359,-12.509909209288,15.9299582744557,1
TCGA-WY-A859-01A,-44.5535741564368,-8.13168549516328,30.8819692356203,1
TCGA-WY-A85A-01A,-31.286157247291,-8.55801421642714,25.3914568574301,1
TCGA-WY-A85B-01A,-42.7457041079659,0.40742660585264,21.0381903898072,1
TCGA-WY-A85C-01A,-54.6849595481259,8.81908478683147,31.9833529796639,1
TCGA-WY-A85D-01A,-53.3617091768671,-3.74758837425379,27.7279496345767,1
TCGA-WY-A85E-01A,-43.534135170728,9.26451788309881,31.3911816031846,1
TCGA-CS-6669-01A,79.1414877155946,-82.0342312878164,-139.870338174081,2
TCGA-DB-5270-01A,65.3532501114629,-74.6523738047928,-119.769330436233,2
TCGA-DB-A4XH-01A,82.2719780110459,-65.328502202415,-128.141023463844,2
TCGA-DB-A64L-01A,84.8577244354077,-61.4046309263544,-126.185140657858,2
TCGA-DB-A75O-01A,79.4538909779921,-63.4844499160866,-127.364781716965,2
TCGA-DU-7300-01A,64.489736726568,-59.3212112233567,-128.440486991877,2
TCGA-DU-A7TG-01A,70.73288835108,-65.4791371759995,-132.915264569906,2
TCGA-E1-A7YU-01A,89.9707240262161,-60.2080994851496,-116.818929667644,2
TCGA-E1-A7YY-01A,75.682231199663,-66.8730385153124,-120.788026887252,2
TCGA-E1-A7Z3-01A,68.5292846624864,-78.1850130633649,-117.359378037088,2
TCGA-FG-8181-01A,74.3256802026902,-63.1024964905559,-130.304331811353,2
TCGA-FG-8189-01B,84.2150358639345,-60.1923005248397,-117.997359471249,2
TCGA-FG-A711-01A,72.9767093422382,-74.8220232405611,-113.481432592178,2
TCGA-FG-A713-01A,75.6227434893318,-74.8135435459552,-130.162394687011,2
TCGA-HT-7603-01A,69.0997537836206,-78.3858755344048,-128.068181072831,2
TCGA-HT-7694-01A,81.9336128199781,-62.4673991930898,-135.237376324524,2
TCGA-HT-7856-01A,88.5960260008698,-59.8267634844729,-114.199656176424,2
TCGA-HT-8019-01A,78.7985615225957,-69.650096477468,-132.586816277882,2
TCGA-HT-8107-01A,83.397772935514,-82.3640583748342,-128.150045248931,2
TCGA-HT-8113-01A,75.8922463654443,-63.4924374051053,-126.956751227777,2
TCGA-HT-8558-01A,81.5931655672983,-59.7023156215154,-117.996981937244,2
TCGA-HT-A616-01A,84.7876714250574,-86.4518668401211,-113.14241024331,2
TCGA-HT-A61A-01A,74.2355395662904,-61.4617631277743,-130.257258428228,2
TCGA-S9-A6WI-01A,74.8747183974742,-80.1645130782014,-135.308893332175,2
TCGA-S9-A7IQ-01A,86.92142989561,-82.256243626441,-112.261562922928,2
TCGA-TM-A84R-01A,70.5490477905351,-70.3029717073578,-117.02725871015,2
TCGA-VM-A8CA-01A,84.2083527956877,-63.0067657465533,-116.608041083093,2
TCGA-CS-4938-01B,47.5750484174399,-8.22406701038867,-40.7037151910454,3
TCGA-CS-4944-01A,33.7320380464803,-18.9153532250557,-47.5537564288411,3
TCGA-CS-5395-01A,20.1928126085333,-16.2963256387788,-51.3672858157697,3
TCGA-CS-6186-01A,29.5071101141848,-31.5827106534528,-42.9306625373413,3
TCGA-CS-6188-01A,29.7515278899382,-11.8160728314316,-51.9383996627377,3
TCGA-CS-6290-01A,25.9514413054945,-11.4671452590422,-41.5484047597932,3
TCGA-CS-6666-01A,28.7054803587709,-9.45884049237896,-41.6736770239368,3
TCGA-DB-5273-01A,28.1568522376649,-8.56622809659773,-37.1988324229161,3
TCGA-DB-5277-01A,33.8559156695316,-21.4070027788171,-36.2526071857091,3
TCGA-DB-5279-01A,23.5869061320669,-26.165311910237,-51.6471573604901,3
TCGA-DB-A4X9-01A,32.3958483031191,-35.9985988536317,-36.149797640806,3
TCGA-DB-A64Q-01A,16.4004230231806,-36.6124946401236,-38.6398738733787,3
TCGA-DB-A75P-01A,52.9654654008977,-20.4829921643625,-39.1323001706936,3
TCGA-DH-5143-01A,29.8057604055862,-7.00516843390731,-41.0350304195508,3
TCGA-DH-A66G-01A,41.9417874991546,-21.5142334956011,-46.2532373297246,3
TCGA-DU-5852-01A,42.6820300645584,-20.3383982095566,-56.3925980413346,3
TCGA-DU-5853-01A,22.8399146266309,-20.2047892897227,-49.5794355642175,3
TCGA-DU-5854-01A,54.3006146252267,-5.18634666919208,-41.4991756619264,3
TCGA-DU-6402-01A,47.070863346705,-18.4051440159391,-48.5188818663685,3
TCGA-DU-6404-01A,37.9787090847895,-12.8032870125481,-44.2400552589115,3
TCGA-DU-6406-01A,45.6283366579568,-8.97988035581607,-58.0447364274139,3
TCGA-DU-6407-01A,45.4682030334807,-28.140718073359,-33.2172259087335,3
TCGA-DU-7006-01A,26.7180157443146,-20.0075388039848,-43.8791331184682,3
TCGA-DU-7007-01A,35.4011575261388,-31.7521713015333,-45.0583317631314,3
TCGA-DU-7011-01A,27.0556629841813,-31.8214165229959,-41.001759924211,3
TCGA-DU-7013-01A,44.346318229826,-17.1906387864051,-56.4607337386982,3
TCGA-DU-7015-01A,24.3031784754973,-30.2006984007038,-49.8384907993117,3
TCGA-DU-7292-01A,22.8708194622063,-15.1494669114774,-32.3901605147964,3
TCGA-DU-7301-01A,15.4871725205198,-25.132904700016,-43.4996524032945,3
TCGA-DU-7302-01A,21.7771795590253,-31.4196270072829,-45.5519860882059,3
TCGA-DU-7304-01A,25.0580857499123,-24.6304126387416,-42.3099634313329,3
TCGA-DU-7309-01A,24.7059608690225,-22.2818544187576,-40.4566301463897,3
TCGA-DU-8162-01A,17.0364908871128,-27.3402192231608,-53.7609425745251,3
TCGA-DU-8163-01A,22.4102410849982,-17.193390810536,-39.6840911871166,3
TCGA-DU-A5TP-01A,27.4073761350567,-11.7836065876541,-42.1491075767823,3
TCGA-DU-A5TY-01A,51.7249595949675,-10.2048874962271,-35.1705424494431,3
TCGA-DU-A76K-01A,43.4356073610984,-11.5701228721753,-31.3763284895105,3
TCGA-DU-A76L-01A,37.313415677748,-15.5821753891379,-50.0295684259075,3
TCGA-DU-A76R-01A,25.8157770085663,-12.1023474021558,-43.0144308252405,3
TCGA-DU-A7TD-01A,31.020576343539,-12.9325347307733,-41.2857423404827,3
TCGA-DU-A7TJ-01A,27.658937098253,-28.0694668756961,-41.1449728390956,3
TCGA-E1-5302-01A,38.7950206749186,-17.2960366936188,-44.8647435941414,3
TCGA-E1-5303-01A,40.6133127786896,-12.8559962691593,-39.2442317916674,3
TCGA-E1-A7YJ-01A,32.5866130185369,-20.1321758845874,-48.330563251987,3
TCGA-E1-A7YK-01A,34.5533928081886,-12.1578894190982,-53.3273278250888,3
TCGA-E1-A7YM-01A,33.6448071270062,-7.57650460262436,-43.8428454321554,3
TCGA-E1-A7YN-01A,33.4489828913235,-14.9886734466123,-53.9052253424044,3
TCGA-E1-A7Z2-01A,32.8740291206893,-26.0625648452512,-30.0061430068514,3
TCGA-E1-A7Z6-01A,18.0943064522168,-34.9952511875743,-40.9297119060829,3
TCGA-F6-A8O4-01A,25.3873331259354,-23.2736456550949,-40.1473623953598,3
TCGA-FG-5963-01A,33.7507310380797,-7.92859677890495,-46.2931416718241,3
TCGA-FG-6691-01A,28.630756184443,-23.4440626007007,-52.6006687879518,3
TCGA-FG-6692-01A,27.8147554604858,-19.6672163301865,-50.3540095317343,3
TCGA-FG-7634-01A,40.0427532518108,-15.2609123501311,-51.4812420213395,3
TCGA-FG-7643-01A,20.0771304110398,-17.9728064030548,-39.3045768958235,3
TCGA-FG-8187-01A,28.4129915782914,-27.691940200644,-52.5152871302915,3
TCGA-FG-8191-01A,34.2178209955474,-28.8790981550005,-55.4872450128396,3
TCGA-FG-A4MU-01B,45.3165176971719,-18.9849196983458,-56.1397420132086,3
TCGA-FG-A4MW-01A,35.2162554608497,-3.89290321193351,-58.0364913148998,3
TCGA-FG-A6J3-01A,45.0452230195241,-11.5051900258945,-41.8359909458472,3
TCGA-HT-7468-01A,36.0297141727656,-18.725057281899,-40.9130460331894,3
TCGA-HT-7469-01A,34.079353906801,-29.5444922789131,-46.3979016094456,3
TCGA-HT-7473-01A,25.0315348382961,-27.8582885749805,-31.9144903410656,3
TCGA-HT-7474-01A,26.408033104273,-36.4524640719017,-40.2505707583806,3
TCGA-HT-7476-01A,37.1936458540301,-25.3972889913547,-43.2836909003535,3
TCGA-HT-7477-01B,50.3593879712423,-18.1643953673635,-30.573265776601,3
TCGA-HT-7478-01A,36.3749740788038,-23.6489322326349,-46.5286059357052,3
TCGA-HT-7479-01A,38.2510315672994,-18.9049112535668,-42.9882943357214,3
TCGA-HT-7481-01A,30.0858052936485,-19.5892059038371,-32.0024808471965,3
TCGA-HT-7482-01A,30.5935631183172,-9.37706090340323,-54.4899465242507,3
TCGA-HT-7485-01A,26.8323811974171,-16.3808722071459,-39.1489639797908,3
TCGA-HT-7601-01A,37.8018760566397,-24.0165572494003,-59.8781400584927,3
TCGA-HT-7602-01A,39.2245521861939,-7.13104805746107,-59.1104019647324,3
TCGA-HT-7605-01A,14.9530533585579,-40.4790211372864,-50.0798387416208,3
TCGA-HT-7607-01A,25.2680662595833,-18.9829781036256,-42.0970117034771,3
TCGA-HT-7611-01A,23.4714084468092,-21.9164670601981,-30.3234359444959,3
TCGA-HT-7620-01A,35.6658370167976,-15.7046362207743,-49.1665962911853,3
TCGA-HT-7680-01A,44.8517510976471,-13.8368393030577,-53.0069744063863,3
TCGA-HT-7691-01A,26.6708427151657,-30.2927435545401,-31.9067985039221,3
TCGA-HT-7857-01A,41.7397086615173,-13.4164582853994,-57.3197332049608,3
TCGA-HT-7860-01A,33.9124218143265,-37.9133852950898,-34.3489494965734,3
TCGA-HT-7874-01A,27.084683474234,-37.9715402647403,-35.4243442747281,3
TCGA-HT-7880-01A,30.6679525499899,-25.302111423485,-48.6992297655597,3
TCGA-HT-7881-01A,26.3231940282912,-30.949438406532,-42.1940375836385,3
TCGA-HT-7882-01A,43.2294525386883,-25.5462190627467,-51.5053316527484,3
TCGA-HT-7902-01A,37.8022740098202,-27.2272943830308,-42.0176495697963,3
TCGA-HT-8010-01A,36.5267417259312,-37.9666862749824,-49.0613465402661,3
TCGA-HT-8011-01A,54.7811565072177,-1.31399827046914,-46.1960782574522,3
TCGA-HT-8015-01B,52.2628472902247,-19.7390517498482,-38.15193703792,3
TCGA-HT-8018-01A,29.0700897431973,-15.5257864036904,-30.4013657788273,3
TCGA-HT-8104-01A,48.429590242226,-22.5506979796531,-53.0674301068327,3
TCGA-HT-8109-01A,36.0780491056954,-16.0794055565501,-32.5021820861504,3
TCGA-HT-8111-01A,46.1595341767137,-23.7674574326722,-46.8928659584748,3
TCGA-HT-8563-01A,33.8814204588044,-23.1912373934249,-37.3859995678735,3
TCGA-HT-A4DS-01A,51.5231750050278,-4.12701209672186,-66.4499405859005,3
TCGA-HT-A5R5-01A,36.6504866631549,-15.6761935499672,-41.4617691008286,3
TCGA-HT-A5R7-01A,26.1963408309896,-6.91823573026597,-58.1453696386332,3
TCGA-HT-A5RA-01A,27.3864092038772,-22.5030999072971,-25.5868451191558,3
TCGA-HT-A5RC-01A,40.8228895464967,-21.9604032503499,-51.9490247597078,3
TCGA-HT-A618-01A,52.663993254674,-30.15114637843,-42.0866018683739,3
TCGA-HT-A74H-01A,44.6305705556783,-10.3385031604846,-31.7590746935469,3
TCGA-HW-7493-01A,24.7290229112815,-20.9128206489907,-44.6036997804214,3
TCGA-HW-A5KM-01A,17.1158734606874,-19.4612224028119,-56.9101618870961,3
TCGA-KT-A7W1-01A,54.8385322997998,-9.92901168765417,-47.8606911361832,3
TCGA-P5-A5EX-01A,34.3915864989497,-6.04110733557792,-43.4363190677883,3
TCGA-P5-A5EY-01A,21.7982830278553,-26.5967504749196,-43.3452215005023,3
TCGA-P5-A5F1-01A,55.3302222830146,-18.5576872942212,-28.5855282506707,3
TCGA-P5-A5F2-01A,15.9035651112174,-23.8626503004748,-45.9117952973225,3
TCGA-P5-A5F6-01A,30.3941715850058,-20.7137559692073,-46.3030599783472,3
TCGA-P5-A72U-01A,32.4924881104452,-29.3430233548779,-39.4109622519422,3
TCGA-P5-A731-01A,18.6119836083238,-10.7067995395517,-42.1169349703777,3
TCGA-P5-A736-01A,37.8140933536273,-19.9757525453668,-35.8678185743811,3
TCGA-QH-A6CU-01A,42.389787710707,-14.1142730021897,-45.7989677258375,3
TCGA-QH-A6CV-01A,35.0292554586133,-20.9096250266561,-47.8060920019924,3
TCGA-QH-A6XC-01A,54.07023914667,-9.39436591162416,-35.8421718041499,3
TCGA-QH-A870-01A,28.9385119581649,-20.9165350438632,-31.5034827356338,3
TCGA-S9-A6TV-01A,26.4487786962925,-28.2021783830652,-38.1877385813068,3
TCGA-S9-A6TZ-01A,15.4358499581257,-32.4100114270873,-41.9604064229445,3
TCGA-S9-A6U0-01A,38.7337848981838,-10.495427594362,-33.1757696177966,3
TCGA-S9-A6U9-01A,34.1665289293388,-23.469268221407,-29.0265814487737,3
TCGA-S9-A6UA-01A,30.4406782291553,-15.5261136271494,-56.6329491082559,3
TCGA-S9-A6WG-01A,33.536668098305,-21.6884941282977,-39.4625030929559,3
TCGA-S9-A6WL-01A,31.0328916282686,-28.4389375951043,-47.6329134604803,3
TCGA-S9-A6WM-01A,45.1390544590282,-8.88272524112551,-39.3887381962649,3
TCGA-S9-A6WN-01A,28.6075365797208,-3.98701777897852,-56.5853922473735,3
TCGA-S9-A7IX-01A,34.7923974203039,-6.21230467044107,-56.5934330754235,3
TCGA-S9-A7IY-01A,21.9160650146504,-23.3817051766342,-57.425646226562,3
TCGA-S9-A7IZ-01A,37.3927297500636,-28.548051995844,-33.1251780278737,3
TCGA-S9-A7R3-01A,23.3787910536393,-17.3782254224801,-38.3572876885148,3
TCGA-S9-A7R7-01A,29.2499465540113,-12.5255386082227,-49.3488871812004,3
TCGA-S9-A89V-01A,46.0454033510463,-24.8737329276904,-46.3072425259433,3
TCGA-TM-A7C3-01A,33.8210015934094,-3.21178612314085,-41.9884396157708,3
TCGA-TM-A84B-01A,41.6383061586261,-31.4622429287158,-36.3946647757278,3
TCGA-TM-A84C-01A,35.3580786720771,-17.8579393793554,-57.1969746692859,3
TCGA-TM-A84F-01A,51.3851673828206,-23.8594720764155,-38.3377189506332,3
TCGA-TM-A84O-01A,27.4936143008328,-23.3364690706054,-38.6135696261828,3
TCGA-TM-A84S-01A,27.8834284793609,-17.5950024169139,-48.1214120943619,3
TCGA-TQ-A7RF-01A,18.4226228627422,-21.0417517804659,-27.0575981310594,3
TCGA-TQ-A7RO-01A,15.7209172120424,-41.936746327867,-41.1078397842785,3
TCGA-TQ-A7RP-01A,43.0348360645848,-24.6372123368798,-44.5674336037728,3
TCGA-TQ-A7RW-01A,43.0081925389024,-22.6439910205921,-54.2298415032381,3
TCGA-VM-A8C9-01A,30.8330587679853,-17.9806046422145,-47.7553296986752,3
TCGA-VM-A8CF-01A,53.3842765517911,-24.1353548480989,-32.202502533108,3
TCGA-VW-A8FI-01A,43.6762450536746,-15.5731039779296,-45.5443788805671,3
TCGA-W9-A837-01A,39.0229374799339,-19.500594637163,-31.7802185179547,3
TCGA-CS-4941-01A,142.476614712976,189.486065366821,80.4786495161293,4
TCGA-CS-5397-01A,162.534417542849,186.505558102531,86.4529054241094,4
TCGA-DB-A64O-01A,152.325133097906,180.687248789025,93.7905564439856,4
TCGA-DU-5847-01A,141.394776620707,190.796812615591,96.633506178008,4
TCGA-DU-6405-01A,158.683087887017,185.104962725364,95.2874085805347,4
TCGA-DU-7012-01A,155.589370860597,188.940349699736,100.257694671386,4
TCGA-DU-7290-01A,154.00331554208,198.45545598159,79.4646288377471,4
TCGA-DU-8158-01A,165.152501460089,186.28270314446,91.192443485299,4
TCGA-DU-8161-01A,152.808885316558,185.03171952164,89.2456898286451,4
TCGA-DU-8165-01A,166.130595945662,187.64264187629,86.0652557861163,4
TCGA-DU-A5TT-01A,142.254957190187,194.986327704558,93.7597357278791,4
TCGA-E1-A7YL-01A,150.22645539484,191.404186984549,96.8008307681297,4
TCGA-E1-A7YQ-01A,144.79444945323,189.265641782033,83.4357119249276,4
TCGA-E1-A7Z4-01A,146.699035062491,184.009333754259,79.7961836470506,4
TCGA-FG-6688-01A,147.129677446899,207.516192165111,73.1249007058027,4
TCGA-FG-A4MY-01A,156.557619501767,193.520525317211,76.6767359682244,4
TCGA-FG-A70Z-01A,143.966107589725,190.850467769152,107.421727439316,4
TCGA-FG-A87Q-01A,151.324502744813,197.893700871188,85.7563875273247,4
TCGA-HT-7690-01A,145.199093331568,199.127701789514,95.951544325236,4
TCGA-HT-7854-01A,155.303147902802,200.066651472635,71.9137436625452,4
TCGA-HT-8110-01A,145.90806300029,183.42326028434,87.958296346369,4
TCGA-HT-A617-01A,142.307890240966,194.793351329459,100.766175352861,4
TCGA-HW-A5KK-01A,150.209978568531,191.62813199268,96.6091088010278,4
TCGA-P5-A5EU-01A,149.236834364248,194.957266866169,95.9581308391896,4
TCGA-QH-A6CS-01A,146.99384966723,199.953461486555,89.9089644347307,4
TCGA-QH-A6CX-01A,145.677406140396,184.694449651687,98.2832349522662,4
TCGA-S9-A7R2-01A,155.882143376655,193.96546384143,79.7032006527104,4
TCGA-VM-A8CD-01A,142.798193742151,176.676662403395,135.461255251506,4
