Sample,X,Y,Z,Cluster
TCGA-CS-4938-01B,-0.413666719710378,10.3222182775534,29.1455449065542,1
TCGA-CS-4944-01A,-1.59697074666189,10.3580001844593,33.7470801622934,1
TCGA-CS-5390-01A,7.16245583776549,15.7920301381793,34.1126540027584,1
TCGA-CS-5394-01A,15.2028736298465,4.19945026967255,24.7131242446724,1
TCGA-CS-5396-01A,-6.02683978090047,12.3762676953679,30.7010580600883,1
TCGA-CS-5397-01A,-5.91157446365367,8.15335496071329,34.4956327540018,1
TCGA-CS-6188-01A,0.801285588476588,10.7149699187248,36.9251646373472,1
TCGA-CS-6667-01A,-3.51373023925667,10.8771441520389,33.4657191808126,1
TCGA-CS-6668-01A,9.27327908527177,9.08676628150076,29.9239746969411,1
TCGA-CS-6670-01A,20.7968644105267,-1.42942064112964,23.3779986932123,1
TCGA-DB-5273-01A,10.2358922934237,-3.85335003286974,23.1338655275116,1
TCGA-DB-5274-01A,8.30369983166907,7.30251597451297,30.8547357374294,1
TCGA-DB-5275-01A,17.9208152355701,-5.48088768221528,21.5661011629581,1
TCGA-DB-5278-01A,14.3107163661643,4.64739110194467,30.5104418874303,1
TCGA-DB-5279-01A,-5.20107699342968,10.7668508396353,32.0763245433628,1
TCGA-DB-A4XA-01A,10.1156365441587,8.0071670520978,32.7589474503869,1
TCGA-DB-A4XE-01A,18.9726872333488,-0.743396044889349,23.6861060858569,1
TCGA-DB-A4XF-01A,-0.183967002213366,8.84975689901763,35.5927742585267,1
TCGA-DB-A4XG-01A,10.34563810958,9.92346340501392,28.5682454549567,1
TCGA-DB-A64L-01A,-2.60759949631046,12.9304345114677,35.5380431909159,1
TCGA-DB-A64O-01A,1.56070448032772,13.1196606209959,29.933461634974,1
TCGA-DB-A64P-01A,7.48537434016891,10.5394834240268,33.1583566402558,1
TCGA-DB-A64Q-01A,12.9204239204677,6.0483353914453,30.0959165921414,1
TCGA-DB-A64R-01A,13.5561814841617,4.94340264157694,29.4301953429073,1
TCGA-DB-A64S-01A,5.87746402780868,7.63874141272693,32.1908280797406,1
TCGA-DB-A64U-01A,15.6145438672048,-2.10357137541558,24.7015829294066,1
TCGA-DB-A64V-01A,7.10553247001111,7.14198187034137,33.6881885253876,1
TCGA-DB-A64W-01A,16.9926448887689,-5.05436389981008,24.6981128092059,1
TCGA-DB-A75K-01A,8.04752773790867,8.73538540609656,31.7180851814902,1
TCGA-DB-A75L-01A,0.673054707029777,6.00080978665472,38.2808605736554,1
TCGA-DB-A75O-01A,6.35117277011502,-4.21155805516109,27.1146773884607,1
TCGA-DH-5140-01A,15.0050834125633,-2.19586308767334,16.0272885802518,1
TCGA-DH-5141-01A,6.55557183978107,4.5987770071793,29.219691507081,1
TCGA-DH-5144-01A,7.32540742373817,12.3177578668526,31.5879787208825,1
TCGA-DH-A669-01A,14.4372523748986,2.11664360692108,31.4295327526377,1
TCGA-DH-A66F-01A,10.7077876559842,5.28539456727286,31.8609320824562,1
TCGA-DH-A66G-01A,-0.610267048308901,7.47063702073935,35.4317429127887,1
TCGA-DH-A7US-01A,16.3512854029053,-2.70844049988366,22.8664782507184,1
TCGA-DU-5849-01A,14.9542182976761,5.98463403369698,19.5980298233049,1
TCGA-DU-5870-01A,2.73141573883649,12.287184388992,30.4627526748889,1
TCGA-DU-5871-01A,-5.01878031865393,2.64712133435434,35.631914459987,1
TCGA-DU-5872-01A,-1.19103876535652,10.9807868895147,36.0813506986193,1
TCGA-DU-5874-01A,21.9723926963592,-0.749467214897141,24.1758843964249,1
TCGA-DU-6392-01A,-10.2088708364019,3.55341083016925,31.7630573124639,1
TCGA-DU-6393-01A,1.41319940917569,15.0932948980267,36.4032351873842,1
TCGA-DU-6394-01A,2.53755715658804,12.2539961786446,35.6920633393296,1
TCGA-DU-6397-01A,4.34183428152851,13.6611041558674,34.135473018803,1
TCGA-DU-6400-01A,5.76477979016255,13.085614503555,34.1363989550766,1
TCGA-DU-6405-01A,-1.26329188629631,8.84752689310319,38.5306723219196,1
TCGA-DU-6410-01A,3.14503485426529,13.0846152139062,34.5474724599631,1
TCGA-DU-7008-01A,15.9279276444639,3.8323049599439,21.0922102436839,1
TCGA-DU-7009-01A,14.4875307175512,5.27823110228245,28.211976380828,1
TCGA-DU-7012-01A,-8.4493606803166,9.27875103076866,32.8797648192382,1
TCGA-DU-7014-01A,-0.792732965320749,15.0100267754844,36.6077223804055,1
TCGA-DU-7018-01A,3.4675327875389,12.6363561132402,31.1153388544859,1
TCGA-DU-7019-01A,8.08677153189547,-3.79162122886295,21.8668865340965,1
TCGA-DU-7294-01A,15.0873088260387,6.36360113198689,26.4693067811057,1
TCGA-DU-7300-01A,1.0419728626682,10.5637241639331,34.7064751459306,1
TCGA-DU-7301-01A,-1.23898587553546,1.1684358340494,34.096638194468,1
TCGA-DU-7302-01A,17.3031273085356,1.41068480422602,22.1762431221878,1
TCGA-DU-8158-01A,1.3169221107173,12.4627791794209,31.4156597962801,1
TCGA-DU-8161-01A,-3.7399133888533,11.1285966468066,30.791400309414,1
TCGA-DU-8162-01A,-9.06487806775502,9.18806174921385,37.2472711861116,1
TCGA-DU-8164-01A,18.386402814146,2.03042000590891,25.9144160186703,1
TCGA-DU-8168-01A,15.9685932939031,3.63302257696003,27.7191500355517,1
TCGA-DU-A6S3-01A,18.7109959204921,0.738619165626606,23.6406941633915,1
TCGA-DU-A6S6-01A,16.6993902611713,-0.357321800471232,24.8735238403364,1
TCGA-DU-A6S8-01A,1.77477833637765,11.1959043111751,37.4327364604808,1
TCGA-DU-A76K-01A,-5.31172187892412,8.62447794713563,32.6605378286751,1
TCGA-DU-A76O-01A,22.7704381202486,-3.29088581974092,21.1924767154413,1
TCGA-DU-A76R-01A,1.01455481592282,11.1355139761368,29.2697347735863,1
TCGA-DU-A7T6-01A,-0.901252974028657,14.3154385488588,38.4121807679508,1
TCGA-DU-A7TA-01A,15.6281029521495,-3.21060504369822,19.9623290375414,1
TCGA-DU-A7TB-01A,-6.37499010774057,8.40203475768874,35.0493410462955,1
TCGA-E1-5303-01A,12.4570884626308,-1.49581282016214,25.0949689091613,1
TCGA-E1-5311-01A,4.56320562982721,12.2090093762131,34.5011657773913,1
TCGA-E1-5318-01A,7.04124915136377,12.1911201268646,29.9628416926463,1
TCGA-E1-5319-01A,5.28820055332753,9.16533944506663,33.9568633689665,1
TCGA-E1-5322-01A,0.492569979296984,5.17560964683711,36.2444453845519,1
TCGA-E1-A7YE-01A,13.7973561996178,-1.64424765838166,22.7364070637609,1
TCGA-E1-A7YO-01A,6.26934397843267,17.7408430124456,34.1672302884056,1
TCGA-E1-A7YQ-01A,-9.92939697327416,6.69955182308236,31.3868539968144,1
TCGA-E1-A7YS-01A,-5.80910445022109,14.2344752804748,29.885680966588,1
TCGA-E1-A7Z2-01A,-2.02832367538895,10.4865643656766,37.506605952362,1
TCGA-EZ-7264-01A,5.88702176979792,10.4066307198469,32.0207758851583,1
TCGA-F6-A8O3-01A,11.8273341302275,4.47370108423494,28.9319904495091,1
TCGA-FG-5962-01B,7.24385114008139,11.1038209828971,28.4810893861153,1
TCGA-FG-5963-01A,-2.32396432472268,10.8044860997352,33.5616196734759,1
TCGA-FG-5964-01A,17.7110768283813,-0.780895535753909,23.9839996579619,1
TCGA-FG-6688-01A,-6.56919603068867,6.99221589355937,33.4683303858494,1
TCGA-FG-6691-01A,-1.7300732702418,11.5667667720608,30.3417374832717,1
TCGA-FG-7634-01A,5.19973251571946,12.9955171547868,37.0771432757762,1
TCGA-FG-7636-01A,9.80720034955671,-1.93881188403633,25.1359157225498,1
TCGA-FG-7637-01A,13.2766854564792,5.26665818667321,25.2632665790498,1
TCGA-FG-7638-01B,13.1177574373468,5.12428334554651,29.9021381701181,1
TCGA-FG-7641-01B,15.5349711997205,0.276829831664512,22.8968379810552,1
TCGA-FG-8186-01A,14.2355293555608,-1.49154470195076,25.0205695455623,1
TCGA-FG-8191-01A,5.4796563373499,6.68114262358007,32.3734917260359,1
TCGA-FG-A60J-01A,4.13879747560519,10.0188408384597,35.9625134051658,1
TCGA-FG-A60K-01A,12.416607568976,-1.74280293878617,25.1042831510821,1
TCGA-FG-A60L-01A,13.8230594185968,0.682910207786729,32.5354231593885,1
TCGA-FG-A6IZ-01A,12.0818631358944,6.15015542148838,32.9094702848538,1
TCGA-FG-A6J1-01A,17.4732509355803,-3.68929423486272,21.103747259841,1
TCGA-FG-A6J3-01A,15.7571198739605,-4.405198878385,25.0389609589965,1
TCGA-FG-A710-01A,16.8768411645901,-0.929062649137845,24.3978766024424,1
TCGA-FG-A87N-01A,1.9963521029287,8.16269293421737,36.4231791364107,1
TCGA-FG-A87Q-01A,-3.08989084370562,10.9208327582857,34.4690346885459,1
TCGA-HT-7467-01A,5.3969057152892,14.9710034602152,34.1199653055728,1
TCGA-HT-7468-01A,2.05436330116734,13.4753359139722,36.7886273673622,1
TCGA-HT-7471-01A,11.5275182507412,5.17980470523608,29.4298495484301,1
TCGA-HT-7472-01A,1.84677188604249,10.6807604376752,38.3437176712396,1
TCGA-HT-7478-01A,5.92282576963545,-3.72529103506923,24.6665109925643,1
TCGA-HT-7480-01A,22.9452211234496,-1.6005918390775,24.4988078566972,1
TCGA-HT-7481-01A,11.5613588197171,5.70239973628304,27.3649555785008,1
TCGA-HT-7482-01A,6.64181812248109,7.77990206321931,33.1244075681637,1
TCGA-HT-7483-01A,18.9794049362342,0.542321128196325,15.6444046345046,1
TCGA-HT-7485-01A,-4.87324915932866,14.4925032423872,38.3903267891871,1
TCGA-HT-7601-01A,-3.30066874440207,11.3839410897793,35.2775894038845,1
TCGA-HT-7602-01A,10.7446381522747,-3.14685887788975,22.7548739099475,1
TCGA-HT-7603-01A,-1.17886481239585,16.8650054201057,37.1775822567474,1
TCGA-HT-7605-01A,14.1360751427072,-1.10835580749947,25.1590726037788,1
TCGA-HT-7607-01A,-8.23676264471927,9.67316832492847,35.4495367203069,1
TCGA-HT-7608-01A,-5.18245961546761,11.3975088807767,30.9290257785394,1
TCGA-HT-7616-01A,7.75693460888272,7.54092195802435,29.7562251024302,1
TCGA-HT-7620-01A,-3.42869064587249,9.5992003475072,36.7625265022716,1
TCGA-HT-7676-01A,15.1135768223527,-2.25240665121992,19.495088557538,1
TCGA-HT-7677-01A,16.3460602507258,0.333699646996796,19.0673444086386,1
TCGA-HT-7680-01A,-4.61363505182307,14.0026761655276,32.2793946228354,1
TCGA-HT-7681-01A,16.4220079641472,1.68321255001953,24.1736983960394,1
TCGA-HT-7684-01A,2.21648572985472,12.2773896269758,33.7011854443992,1
TCGA-HT-7686-01A,2.1688451878601,8.13123755168636,35.4891279094759,1
TCGA-HT-7687-01A,9.96718322899208,8.56616806892917,30.6962775112033,1
TCGA-HT-7689-01A,1.82690408868656,12.7753140199422,28.1912758958286,1
TCGA-HT-7691-01A,-2.51001758600108,11.6088430012378,31.3973170271722,1
TCGA-HT-7692-01A,6.4189787867563,10.0527993606697,32.0509129321056,1
TCGA-HT-7695-01A,14.8929069609834,1.97058142525425,22.7523472322747,1
TCGA-HT-7860-01A,-9.17009901530776,9.85288555494815,37.7195367391275,1
TCGA-HT-7875-01A,19.1886367089303,-1.02077238541083,23.5906886790166,1
TCGA-HT-8010-01A,-8.37969698197039,12.302307883318,30.5667198191421,1
TCGA-HT-8012-01A,7.81820947763526,12.5211965001277,34.9766833479426,1
TCGA-HT-8104-01A,-10.249988685545,10.7519978085268,34.9178392887735,1
TCGA-HT-8105-01A,2.51935612428743,13.9907148687918,35.3699469239181,1
TCGA-HT-8108-01A,0.372046195787976,12.2958875166732,38.8028429949234,1
TCGA-HT-8109-01A,8.17982828219119,7.35491159465075,30.3598700646164,1
TCGA-HT-8110-01A,-5.54580066682541,11.2906423508654,33.8107612036091,1
TCGA-HT-8111-01A,-3.1274296653614,8.19723423102434,37.1533440398577,1
TCGA-HT-8114-01A,-4.32119871366571,4.79489766511655,34.6430341928963,1
TCGA-HT-8563-01A,-4.58501106604929,7.54449458757724,36.7463894231836,1
TCGA-HT-8564-01A,-2.77895634911659,14.1678445378242,34.2866973314484,1
TCGA-HT-A4DV-01A,8.72207544473272,11.5292691458805,36.3573245318106,1
TCGA-HT-A5R5-01A,-0.271421259292959,12.7475214587355,29.8233860953329,1
TCGA-HT-A5R9-01A,8.33174073304796,17.6672779191572,37.8846451013807,1
TCGA-HT-A5RA-01A,0.260237293400512,6.50564454884685,29.835938913416,1
TCGA-HT-A5RC-01A,-3.61741169362905,9.36524974061043,31.2738889900011,1
TCGA-HT-A615-01A,11.8458968947246,6.06465733359546,29.1666014281685,1
TCGA-HT-A617-01A,-5.94477073927319,10.4610025821084,30.0239730970154,1
TCGA-HT-A619-01A,3.36526926702669,8.02389060921877,35.7620377899343,1
TCGA-HT-A74H-01A,-10.0247015551262,6.51265880962736,33.9033929099324,1
TCGA-HT-A74K-01A,13.0481171614498,5.12524365559393,31.0438599978329,1
TCGA-HT-A74L-01A,10.5446085711529,3.01295859627835,28.573955006093,1
TCGA-HW-7486-01A,10.5717284244779,5.21145011968002,31.0452631490994,1
TCGA-HW-7487-01A,-0.366145607991532,14.6301928141594,34.331646113653,1
TCGA-HW-7490-01A,1.91764190560247,6.39478358000771,31.6421839515079,1
TCGA-HW-7491-01A,11.9755737669683,4.79668064282988,26.881542256304,1
TCGA-HW-7495-01A,12.1129312218171,-0.298223274060064,24.2552193693732,1
TCGA-HW-8322-01A,12.2342650707188,0.968794609132906,19.5561134476042,1
TCGA-HW-A5KJ-01A,-1.46386147370642,9.84811373367664,33.013981679419,1
TCGA-HW-A5KM-01A,-0.114946883122685,11.2547356385703,34.8048146501356,1
TCGA-IK-8125-01A,11.4280294523675,7.97444437452216,26.0538583731641,1
TCGA-KT-A74X-01A,22.2109407310992,-2.52724347500078,23.4272084792863,1
TCGA-P5-A5ET-01A,15.7702938185683,-4.48481328713248,24.3437543595533,1
TCGA-P5-A5EU-01A,-10.5321655670222,5.42513314821655,31.5640251544465,1
TCGA-P5-A5EV-01A,0.762870601226694,11.9364772394806,36.4318621479023,1
TCGA-P5-A5EX-01A,-1.51371516847619,13.7264328640041,32.1843611169377,1
TCGA-P5-A5EY-01A,-5.11482245528601,15.2627263886947,31.0446011475353,1
TCGA-P5-A5F0-01A,17.7118877574729,-1.4676359842885,22.0691992800184,1
TCGA-P5-A5F6-01A,-10.4660813192337,3.26149533031557,34.2567595631463,1
TCGA-P5-A72Z-01A,2.41582833524016,11.0276776088877,38.1627027628717,1
TCGA-P5-A730-01A,8.2634327200288,4.791451431361,27.757008049233,1
TCGA-P5-A731-01A,-11.6994269479732,10.3173727695759,31.7835965986185,1
TCGA-P5-A736-01A,-8.96773670540998,6.53399281565898,34.1161186598781,1
TCGA-P5-A737-01A,18.3861927900586,0.826134312477709,27.0969751640859,1
TCGA-P5-A77W-01A,4.08878286640356,12.3035682587107,35.2105842826234,1
TCGA-P5-A77X-01A,11.1584305662853,10.182928996945,32.0431574551017,1
TCGA-P5-A781-01A,15.6163318742742,0.00794834663631109,24.7668836960574,1
TCGA-QH-A65R-01A,7.71314469417085,10.7111729878757,38.4243879155973,1
TCGA-QH-A65S-01A,7.15228801850156,8.16603273427525,31.5583482635491,1
TCGA-QH-A65V-01A,12.4825605808086,-0.198849686834251,23.2851978984887,1
TCGA-QH-A65X-01A,17.014633396092,-3.03509632876187,22.6279920365607,1
TCGA-QH-A65Z-01A,13.9132187679934,2.6265933956264,26.1231635442218,1
TCGA-QH-A6CS-01A,-3.83173405662985,14.2744560447346,30.8037336783007,1
TCGA-QH-A6CU-01A,2.08891402438364,12.8398697205022,33.1281787585143,1
TCGA-QH-A6CX-01A,-2.7091270427676,7.27163323476477,33.7893057080105,1
TCGA-QH-A6CY-01A,12.5755594570677,2.55718617045865,23.2233734058047,1
TCGA-QH-A6CZ-01A,13.0551727626193,3.4687218418154,26.6477088843083,1
TCGA-QH-A6X4-01A,16.2812007864479,-3.30376752550652,23.746110637125,1
TCGA-QH-A6X5-01A,15.7047871305225,0.244591183975805,24.6789766561223,1
TCGA-QH-A6X8-01A,18.008376935069,-0.793359329866063,20.5004761384656,1
TCGA-QH-A86X-01A,19.3398258748693,-4.81610781514725,21.960962939822,1
TCGA-R8-A6MK-01A,3.25521541597917,12.0215812286892,33.0976993133947,1
TCGA-R8-A6ML-01A,11.4930431341662,9.54230823661235,33.8514412844357,1
TCGA-R8-A6MO-01A,16.2826279960731,-0.0416988184672239,26.8081995770001,1
TCGA-R8-A73M-01A,18.0508732513915,-1.09283865947272,25.6925102600627,1
TCGA-RY-A83X-01A,12.5023771039596,9.18272503511172,32.4814408124871,1
TCGA-RY-A83Y-01A,13.8044627845195,1.17506538448494,32.1009158078592,1
TCGA-RY-A840-01A,9.39353002776468,7.78198473942585,29.887716063571,1
TCGA-RY-A843-01A,-1.12834006195698,11.1480864816979,30.892053354637,1
TCGA-RY-A847-01A,19.1018946783195,-2.70297716768685,25.4919348162833,1
TCGA-S9-A6TV-01A,-0.15774691453358,9.91971435689526,32.3822766513157,1
TCGA-S9-A6TW-01A,8.06648293005613,11.1898789433714,35.5665022092155,1
TCGA-S9-A6TX-01A,11.8556496181116,5.06649755976317,33.6582711879111,1
TCGA-S9-A6TY-01A,8.77547137877428,9.50288109238869,31.9032847419149,1
TCGA-S9-A6TZ-01A,-2.48507683701334,14.8987009539227,29.7297786711053,1
TCGA-S9-A6U2-01A,-5.48480663846323,10.4514174014051,36.9467093542283,1
TCGA-S9-A6U5-01A,14.785072787966,6.64728169617556,31.7644299911594,1
TCGA-S9-A6UB-01A,15.2173226004176,1.10988027409723,24.1669861053219,1
TCGA-S9-A6WD-01A,2.56149410935972,12.4996366115825,31.6694260044264,1
TCGA-S9-A6WE-01A,12.8721011828353,5.64324099042162,29.5795150974564,1
TCGA-S9-A6WH-01A,8.22413398898655,14.3114291222624,36.9233594781196,1
TCGA-S9-A6WL-01A,-0.0975757052965631,13.1351401278817,37.9115046086736,1
TCGA-S9-A6WN-01A,2.05670020403091,10.4233267627168,36.8742328872699,1
TCGA-S9-A6WP-01A,11.0024128710273,10.8568230959387,37.6278973235865,1
TCGA-S9-A7IY-01A,6.64363818071657,11.2453546396318,36.1591519796747,1
TCGA-S9-A7IZ-01A,-4.16947797899943,7.49643626513837,35.5387686875072,1
TCGA-S9-A7J1-01A,14.2969376501786,4.70459411341003,28.552011896457,1
TCGA-S9-A7J2-01A,21.2952654540275,0.285617213528217,26.106217860042,1
TCGA-S9-A7J3-01A,7.38561570388103,13.0424016049875,32.2974441989329,1
TCGA-S9-A7QY-01A,15.0545976786077,1.319954149515,25.3796938520896,1
TCGA-S9-A7QZ-01A,10.3849868835435,9.54165270320265,32.655526389693,1
TCGA-S9-A7R1-01A,12.3417284170322,6.10411361150607,29.1261462035386,1
TCGA-S9-A7R2-01A,-6.11197560575251,8.16986196358297,32.3188139657013,1
TCGA-S9-A7R7-01A,0.334377785032635,5.24740940559982,28.0880911185185,1
TCGA-S9-A89V-01A,-1.46740011393494,12.2771132805174,36.2470050406322,1
TCGA-S9-A89Z-01A,8.23726913361165,5.0386069157785,31.0333694074987,1
TCGA-TM-A7C5-01A,11.445295326251,6.91268070555404,30.7247091910276,1
TCGA-TM-A84C-01A,-1.18916130783258,7.57318478080572,33.0893760364705,1
TCGA-TM-A84F-01A,14.6034049329592,-4.37738359535776,19.7555201179295,1
TCGA-TM-A84G-01A,19.5208075772265,0.41009772497193,25.3103641570979,1
TCGA-TM-A84M-01A,14.6177350127485,-0.200358327069373,25.3615275756642,1
TCGA-TM-A84O-01A,-1.25106682640967,11.1376726055806,33.84950343055,1
TCGA-TM-A84Q-01A,2.60980713963387,11.2210020339841,35.2036031521968,1
TCGA-TM-A84S-01A,16.7819049520736,-0.866287327887081,26.8745363766273,1
TCGA-TQ-A7RG-01A,13.5095150678191,1.58369862037547,25.5184441359337,1
TCGA-TQ-A7RI-01A,10.6657164745255,8.16102081309385,35.7027519925136,1
TCGA-TQ-A7RN-01A,20.4683178463912,-1.05895355319335,27.0407092570848,1
TCGA-TQ-A7RP-01A,-10.1148161843224,10.95955679921,35.2042069906863,1
TCGA-TQ-A7RQ-01A,13.8992489385601,3.41991023723423,28.6801978325908,1
TCGA-TQ-A7RS-01A,14.4481391084467,7.64678445296936,32.1538234406223,1
TCGA-TQ-A8XE-01A,0.482219022642475,10.9840326741397,35.6611020622908,1
TCGA-VM-A8C8-01A,2.85414065246408,8.98359424364519,33.4876497364497,1
TCGA-VM-A8C9-01A,-5.10643268943856,11.2387555463379,35.991533241334,1
TCGA-VM-A8CA-01A,-2.95335486775265,12.5571234869442,33.6488505982946,1
TCGA-VM-A8CB-01A,3.91058748334794,10.3082069042181,35.9032436820706,1
TCGA-VM-A8CD-01A,-3.45648394614941,12.0079899080692,32.4220866246511,1
TCGA-VM-A8CE-01A,14.6001018183744,-0.975528400436232,23.020191944926,1
TCGA-VV-A829-01A,3.28985018930014,12.5200171059974,36.5584111057642,1
TCGA-VW-A7QS-01A,8.51033968907653,10.152439937865,32.5816983494542,1
TCGA-W9-A837-01A,16.2412648694344,-0.920947370517401,26.7751669129192,1
TCGA-CS-4941-01A,-7.86470723715014,-8.00178669724263,-30.4068938847543,2
TCGA-CS-4942-01A,-3.51531484480241,-9.95738724924232,-35.8415920789112,2
TCGA-CS-4943-01A,3.66640781491226,-5.62349361902612,-23.6014058206577,2
TCGA-CS-5393-01A,-5.71085419840234,2.19902676799299,-36.0503268351464,2
TCGA-CS-5395-01A,-13.297733473023,-7.21492344241428,-34.9164477203628,2
TCGA-CS-6186-01A,-8.53518822988229,0.0534561529804719,-37.0019771087345,2
TCGA-CS-6290-01A,-7.76836706442132,-6.01085373185024,-34.2029527357634,2
TCGA-CS-6666-01A,-3.53662044880435,-13.3258366450048,-29.1753862443785,2
TCGA-CS-6669-01A,-22.2648073474912,-7.79683085793271,-40.739027493152,2
TCGA-DB-5270-01A,-19.6122923229914,-10.5368238143626,-42.49306610914,2
TCGA-DB-5277-01A,3.77630012720305,-9.71678348287579,-23.4083603514393,2
TCGA-DB-5280-01A,-8.58613900546982,3.81132206021649,-36.014391580819,2
TCGA-DB-5281-01A,-6.0045907749184,5.19098366381212,-35.2478861751193,2
TCGA-DB-A4X9-01A,-8.44156383070333,0.257506938308926,-33.5171297631189,2
TCGA-DB-A4XB-01A,-0.806682294864568,-4.47873170549358,-31.2827569528905,2
TCGA-DB-A4XC-01A,5.0089624173881,-10.35255883384,-26.7684305799769,2
TCGA-DB-A4XD-01A,-1.35525462392113,-7.86563486340334,-34.2496094964271,2
TCGA-DB-A4XH-01A,-12.8325671208169,-2.98065503191042,-31.6119914652604,2
TCGA-DB-A64X-01A,-0.919915981907859,-9.0397878919064,-22.2034881981393,2
TCGA-DB-A75M-01A,0.0966539985759499,-10.7439389358112,-24.0110302902336,2
TCGA-DB-A75P-01A,-10.9449309119735,-5.39349028194017,-33.9840124357151,2
TCGA-DH-5142-01A,0.874725396194221,-12.8888326038959,-28.853214533354,2
TCGA-DH-5143-01A,-6.38809746566902,0.264757578400673,-33.5990483505777,2
TCGA-DH-A66B-01A,-8.21150026814969,-6.31604504930858,-18.7440725563026,2
TCGA-DH-A66D-01A,-1.74691952380665,-1.89369424684933,-26.5365906872184,2
TCGA-DH-A7UR-01A,-3.76324868942139,-2.62281637396705,-28.712029438285,2
TCGA-DH-A7UT-01A,-0.967613093264125,-12.620449660091,-22.835695963314,2
TCGA-DH-A7UU-01A,0.106651295357396,-7.55765049473485,-24.4322111933544,2
TCGA-DH-A7UV-01A,-4.23672269784091,-6.38893386045158,-27.2750495954226,2
TCGA-DU-5847-01A,-13.9365213828906,-7.46232427534685,-31.6806555296797,2
TCGA-DU-5852-01A,-7.82915847491813,-6.83917040367349,-29.8577926456768,2
TCGA-DU-5853-01A,3.83468808456474,-10.8057361970169,-23.2655985405544,2
TCGA-DU-5854-01A,-16.8397116232031,-10.834483740403,-33.1277912033433,2
TCGA-DU-5855-01A,-1.24839049826645,-3.59504596307176,-31.5538105822878,2
TCGA-DU-6395-01A,2.98756381650526,-7.79303892829659,-22.2022320090393,2
TCGA-DU-6396-01A,-3.68517357032055,0.232619811647981,-32.8307125134732,2
TCGA-DU-6399-01A,1.92297621170173,-2.95042574629567,-31.3424027136997,2
TCGA-DU-6401-01A,-5.73128612751023,3.7642267599272,-33.0748519693292,2
TCGA-DU-6402-01A,-7.17137655555882,-9.8321801501456,-34.0453207569769,2
TCGA-DU-6403-01A,-7.0349140768987,1.21270954001921,-35.9084276635407,2
TCGA-DU-6404-01A,-6.92602528582747,-9.31405251940367,-23.9357053847069,2
TCGA-DU-6406-01A,-6.68815629069633,-9.86617044872216,-29.4370850849674,2
TCGA-DU-6407-01A,1.5214998765927,-11.1341447151779,-32.16839975947,2
TCGA-DU-6408-01A,-0.796303333929471,-8.97490521484541,-31.6244486237913,2
TCGA-DU-6542-01A,-2.6941644678999,2.49223616445991,-33.0898800775282,2
TCGA-DU-7006-01A,-4.31186649834103,-10.6847777832458,-30.1898341510924,2
TCGA-DU-7007-01A,-7.04283349531909,-8.32148955827835,-32.3635652132088,2
TCGA-DU-7010-01A,3.43095652626199,-12.3463215187167,-32.5598372091474,2
TCGA-DU-7011-01A,-11.4678420584834,-4.95938607995393,-36.7269441199923,2
TCGA-DU-7013-01A,-5.88178414945708,-9.494817829116,-29.9894310292767,2
TCGA-DU-7015-01A,-7.10753846000235,-8.17088944972721,-35.7296480219503,2
TCGA-DU-7290-01A,-13.6812261630209,-6.35266807315519,-32.6215127088985,2
TCGA-DU-7292-01A,-15.2612259717507,-4.22818411036798,-32.6122235257423,2
TCGA-DU-7298-01A,-7.32176167667643,1.13280292308068,-37.7720559242287,2
TCGA-DU-7299-01A,-5.59810989491419,-1.6665048572686,-35.8897039224721,2
TCGA-DU-7304-01A,-6.69423269472675,0.0589410305587589,-37.3350136051241,2
TCGA-DU-7306-01A,-6.21186490610202,-4.74591374089069,-38.1605367638137,2
TCGA-DU-7309-01A,-4.01061545143192,-9.42988335905109,-32.934443775596,2
TCGA-DU-8163-01A,-2.31396063901186,-0.845444672267381,-33.0239974565188,2
TCGA-DU-8165-01A,-10.4420991235187,-5.93360089056685,-34.1373653596896,2
TCGA-DU-8166-01A,-8.25041363039096,0.877633031139287,-34.9910300336767,2
TCGA-DU-8167-01A,1.75569226117268,-7.62100646313799,-25.146187932683,2
TCGA-DU-A5TP-01A,-3.41936219231523,-3.36203560689132,-27.7301669051052,2
TCGA-DU-A5TR-01A,-0.818739850378614,-9.79295353079979,-17.8589115365955,2
TCGA-DU-A5TS-01A,-2.15355031157824,-10.3622800026606,-23.8390335989241,2
TCGA-DU-A5TT-01A,-14.6395846395247,-5.42323916416046,-33.4190464977749,2
TCGA-DU-A5TU-01A,-3.81462310930044,-10.4614844005319,-19.6239283220546,2
TCGA-DU-A5TW-01A,1.11018123715435,-10.1547911807923,-25.3619395931462,2
TCGA-DU-A5TY-01A,-13.0692820158469,-4.95170862748688,-34.0280446726723,2
TCGA-DU-A6S2-01A,1.96126651377357,-15.1204723974547,-29.9966211853318,2
TCGA-DU-A6S7-01A,-2.16193924101644,-9.40316844033815,-32.0495081817294,2
TCGA-DU-A76L-01A,-14.8828797982422,-7.47721329252124,-35.5864791626525,2
TCGA-DU-A7T8-01A,-2.31442875047045,-1.5722403609823,-31.3517545885331,2
TCGA-DU-A7TC-01A,-4.39251850113346,-8.40717711486962,-21.8591172565587,2
TCGA-DU-A7TD-01A,-7.27707083387541,-9.31936881343439,-32.9378194971331,2
TCGA-DU-A7TG-01A,-22.2618060362593,-8.24187372755937,-39.5230833577445,2
TCGA-DU-A7TI-01A,2.36043079094767,-12.5037080081802,-26.0441661968268,2
TCGA-DU-A7TJ-01A,-8.33450965521195,-7.64754380741099,-33.3197086017847,2
TCGA-E1-5302-01A,-8.89680492173602,-1.71639216628547,-31.7413167467884,2
TCGA-E1-5304-01A,1.83344081800776,-7.75784524354545,-27.6866404662634,2
TCGA-E1-5305-01A,-0.091835845710275,-11.8318756201125,-29.4333089383081,2
TCGA-E1-5307-01A,-5.17126869197671,-1.50076641724748,-34.6514119803669,2
TCGA-E1-A7YD-01A,-8.50892358088786,-11.8105851523837,-28.3557681504777,2
TCGA-E1-A7YH-01A,-6.28228048754407,-7.82094610135877,-21.9515304840937,2
TCGA-E1-A7YI-01A,-1.54242701894753,-11.7796543974127,-30.1057393953862,2
TCGA-E1-A7YJ-01A,-5.74400682410725,-8.92941560319207,-32.4551585688103,2
TCGA-E1-A7YK-01A,-17.0858484477464,-6.82899125578417,-30.1280043802448,2
TCGA-E1-A7YL-01A,-16.3512161819617,-11.3452335401772,-33.4385135573797,2
TCGA-E1-A7YM-01A,-14.5066931812291,-4.78135317221318,-30.3493466753376,2
TCGA-E1-A7YN-01A,-14.6974003100705,-5.48060803046877,-34.3999233605874,2
TCGA-E1-A7YU-01A,-3.32320830813078,-9.87813994907503,-23.8477272325102,2
TCGA-E1-A7YV-01A,-0.618555886313303,-2.74586687902808,-24.2318139255473,2
TCGA-E1-A7YW-01A,-5.1246114589917,-6.59177911958152,-26.6040028935162,2
TCGA-E1-A7YY-01A,-23.9035673313869,-8.79380962041732,-40.0424885264579,2
TCGA-E1-A7Z3-01A,-23.9767344129938,-10.3393648304151,-36.7147376598841,2
TCGA-E1-A7Z4-01A,-5.4106789767019,-5.62859935582922,-27.8364838706247,2
TCGA-E1-A7Z6-01A,0.361879669071177,-6.48670900530963,-34.3084847222886,2
TCGA-F6-A8O4-01A,-11.1649358469238,-6.22863425059087,-31.2107290549994,2
TCGA-FG-5965-01B,-5.20008366972837,-10.3097395221582,-31.7924915710302,2
TCGA-FG-6689-01A,-17.1329325503581,-9.05968391620394,-43.4625434911036,2
TCGA-FG-6690-01A,-1.01671197062949,-3.73752798684716,-34.5013255253074,2
TCGA-FG-6692-01A,-4.87563539285309,-8.78128364865203,-31.4425925779579,2
TCGA-FG-7643-01A,-15.7375213525313,-2.68131792724534,-34.5144678744445,2
TCGA-FG-8181-01A,-20.4972840502808,-6.55440840682288,-41.8463666112198,2
TCGA-FG-8182-01A,-0.631031369894276,-5.38658667043734,-31.6926743647913,2
TCGA-FG-8185-01A,1.53099345710182,-8.56388634738031,-23.1994531922169,2
TCGA-FG-8187-01A,-13.1184992636515,-5.54817819369983,-30.1671383207497,2
TCGA-FG-8188-01A,-0.276279577380252,-9.94964982612959,-28.8515570194766,2
TCGA-FG-8189-01B,-21.0045753901015,-7.00628166629118,-42.434462806791,2
TCGA-FG-A4MT-01A,-1.5522137181518,-0.482500304905221,-32.4215014335954,2
TCGA-FG-A4MU-01B,-3.01965098162159,-8.49898614070785,-32.0389914420272,2
TCGA-FG-A4MW-01A,-13.6489393688275,-11.1046807952292,-33.9087230694531,2
TCGA-FG-A4MX-01A,-5.27662569743142,-8.01622818801927,-20.9861409873227,2
TCGA-FG-A4MY-01A,-2.26277539695962,-4.42881193441274,-24.1169570520016,2
TCGA-FG-A70Y-01A,-4.54039029131158,-7.69510432576025,-18.3242646709974,2
TCGA-FG-A70Z-01A,-17.2843417646793,-13.252854647343,-33.4094845094867,2
TCGA-FG-A711-01A,-4.40591933954039,-14.2527210236433,-24.5460037763886,2
TCGA-FG-A713-01A,-18.9977620737531,-12.7668454712459,-42.5399998312778,2
TCGA-FN-7833-01A,5.16558524554517,-5.56361024182922,-28.7071457493334,2
TCGA-HT-7469-01A,1.30502106484889,-10.6485932056154,-25.4649144937079,2
TCGA-HT-7470-01A,-10.3860144985637,-7.31960203384791,-37.8128637325892,2
TCGA-HT-7473-01A,-6.96673115323316,-4.12002627027402,-37.6135696377739,2
TCGA-HT-7474-01A,3.68657216767954,-13.7453038190098,-25.3760390895459,2
TCGA-HT-7475-01A,0.0918588290504692,-6.71597205601031,-26.0827442415895,2
TCGA-HT-7476-01A,-3.03823626690618,-13.6389587956656,-29.1698790281465,2
TCGA-HT-7477-01B,-0.735122644732857,-10.4654719198936,-30.5292781519246,2
TCGA-HT-7479-01A,-10.2901009800527,-7.01236749473627,-36.8003244357059,2
TCGA-HT-7604-01A,-2.55973970166213,-9.80242085536308,-31.9432856110875,2
TCGA-HT-7606-01A,1.89738410158753,-9.29113499817664,-31.7119729299919,2
TCGA-HT-7609-01A,-0.503593803142548,-7.23225046018519,-34.5432864940803,2
TCGA-HT-7610-01A,-5.08550602754206,-6.24671417739619,-34.1388302566507,2
TCGA-HT-7611-01A,-8.85299569602132,-2.93387734019712,-38.8131133873506,2
TCGA-HT-7688-01A,-20.5586628615211,-6.46999601573723,-40.7749964265297,2
TCGA-HT-7690-01A,-1.33903377120293,-9.40642341047067,-28.1740315337929,2
TCGA-HT-7693-01A,-4.16547888402891,-8.6858660199515,-35.6012605996981,2
TCGA-HT-7694-01A,-22.296876866986,-8.8424315988054,-41.6937293657454,2
TCGA-HT-7854-01A,-8.33877626762331,-1.06716676217778,-37.2789421549892,2
TCGA-HT-7855-01A,-5.34216322484698,-2.27840551800856,-33.7874683842347,2
TCGA-HT-7856-01A,-17.9278723076934,-9.24978628675031,-43.1313058804198,2
TCGA-HT-7857-01A,-14.1232882154245,-7.46502019179363,-35.4104178331161,2
TCGA-HT-7858-01A,-3.76531862887932,-0.700309469074399,-34.9890782084788,2
TCGA-HT-7873-01B,-0.734473328432945,-11.8695728481041,-28.5892919270824,2
TCGA-HT-7874-01A,-20.9154153702999,-5.56876622980818,-41.948254291172,2
TCGA-HT-7877-01A,-1.7993549405327,-10.7584794714554,-31.5893401452336,2
TCGA-HT-7879-01A,-2.98813132274176,-6.82119916737638,-25.048078281007,2
TCGA-HT-7880-01A,-21.7799735305716,-7.72188465360447,-37.6399117688069,2
TCGA-HT-7881-01A,-20.1382062429376,-9.33454943769616,-40.4630760495333,2
TCGA-HT-7882-01A,-16.8297450483902,-10.8555604353929,-33.3429299503889,2
TCGA-HT-7884-01B,-3.10228773944615,-10.1844216039078,-30.5799550567898,2
TCGA-HT-7902-01A,-17.283142810611,-10.0285322300542,-35.454890158172,2
TCGA-HT-8011-01A,-8.19785818275641,-7.13121068258207,-32.7810113078679,2
TCGA-HT-8013-01A,-2.46169692848955,-5.17133942977539,-32.132909439349,2
TCGA-HT-8015-01B,-21.3161127468506,-9.19049800193137,-38.949016237754,2
TCGA-HT-8018-01A,-22.4838279173114,-9.84689899548301,-38.3687760165592,2
TCGA-HT-8019-01A,-21.0956812250737,-10.4208092522821,-41.1956616595814,2
TCGA-HT-8107-01A,-20.4941308319979,-9.82758572057553,-41.0807801533886,2
TCGA-HT-8113-01A,-18.5046441843247,-10.5153574410917,-43.0397306915972,2
TCGA-HT-8558-01A,-21.2470461141224,-9.52951851043588,-40.5823817535258,2
TCGA-HT-A4DS-01A,-8.56157411695077,-11.2563581274394,-25.2274626521737,2
TCGA-HT-A5R7-01A,3.24067425539968,-14.553720055621,-26.877027931579,2
TCGA-HT-A5RB-01A,-6.4437146704283,3.84357078232513,-34.5709937539514,2
TCGA-HT-A614-01A,1.22409652674984,-9.26278993985584,-20.8621832410093,2
TCGA-HT-A616-01A,-5.2227133154251,-11.1734354360119,-30.062462509291,2
TCGA-HT-A618-01A,-3.51889817925682,-13.0498799664148,-30.5169629670709,2
TCGA-HT-A61A-01A,-21.4664761527465,-9.74125051038745,-38.3895818478088,2
TCGA-HT-A61B-01A,-0.327972923859695,-11.727274881462,-26.3475001143305,2
TCGA-HT-A61C-01A,-14.4623201517125,-6.59867669641789,-31.4678760680473,2
TCGA-HT-A74J-01A,-3.38199191083398,-3.14886114218429,-28.1169269335097,2
TCGA-HT-A74O-01A,-5.90708648554434,-10.5380156461391,-25.9224741770051,2
TCGA-HW-7489-01A,-16.7723946355965,-5.64550434618216,-43.5354353728791,2
TCGA-HW-7493-01A,-13.1629953079548,-2.72315850096829,-34.568123166194,2
TCGA-HW-8319-01A,3.90956463083731,-9.94939406402907,-28.0296091561546,2
TCGA-HW-8320-01A,-4.87646536144976,-0.901047249461439,-34.954643683456,2
TCGA-HW-8321-01A,-6.74577152442807,-3.00587526913389,-34.8396704387665,2
TCGA-HW-A5KK-01A,-16.0988378797065,-2.95471856516554,-34.081351576802,2
TCGA-HW-A5KL-01A,0.943737162172063,1.2740355375002,-30.1818641062409,2
TCGA-IK-7675-01A,-1.69976263214298,-12.8724958821065,-21.3147616249351,2
TCGA-KT-A7W1-01A,-5.01145835414707,-8.8825600542141,-29.414210674365,2
TCGA-P5-A5EW-01A,-0.228910739737505,-9.09017104441068,-25.7432079349889,2
TCGA-P5-A5EZ-01A,-8.54702275772706,1.6320725543908,-32.381833461408,2
TCGA-P5-A5F1-01A,-5.3600645703183,-6.6765535269852,-37.1581895066126,2
TCGA-P5-A5F2-01A,-3.76322130304436,-10.0996404849587,-32.3241723120812,2
TCGA-P5-A5F4-01A,1.49821192290149,-10.3404105746223,-25.5101579106916,2
TCGA-P5-A72U-01A,-13.2459457156754,-8.33996638899361,-35.3969707182379,2
TCGA-P5-A72W-01A,-0.767019453770085,-10.8863140380562,-18.5089897068454,2
TCGA-P5-A72X-01A,-8.83599678200294,-6.37286623691303,-32.8622695394726,2
TCGA-P5-A733-01A,-5.47741446338847,-3.41052521254215,-37.8029422437419,2
TCGA-P5-A735-01A,0.552781884868744,-8.66673253802407,-29.2394485965643,2
TCGA-P5-A780-01A,-5.9932551281778,2.36007638597006,-34.8799021392312,2
TCGA-QH-A6CV-01A,-16.7518111933067,-6.60561415155664,-33.8225823969218,2
TCGA-QH-A6CW-01A,-4.8846566284215,-11.015533532961,-29.035638975437,2
TCGA-QH-A6X3-01A,-3.64463321650365,-10.7337423587971,-31.7322978791757,2
TCGA-QH-A6X9-01A,-1.58835451885983,-4.79833042653737,-33.2323620481811,2
TCGA-QH-A6XA-01A,-2.69222464451497,-12.4552791786683,-26.3118885690887,2
TCGA-QH-A6XC-01A,-12.8683800613233,-8.70419309907915,-32.3712267111382,2
TCGA-QH-A870-01A,-2.82699390599267,-6.60875976508906,-35.2599011873875,2
TCGA-R8-A6YH-01A,-1.50397567846712,-0.040839801749115,-33.0822254585172,2
TCGA-RY-A83Z-01A,-4.28530346535449,-8.74832270258945,-23.0953198219386,2
TCGA-RY-A845-01A,-2.08371881386887,-6.76560994269056,-29.8691168896242,2
TCGA-S9-A6TS-01A,1.36960151491013,-11.3389298623595,-22.2440420946005,2
TCGA-S9-A6TU-01A,-4.60503652586505,-1.15878223000042,-34.1130939167472,2
TCGA-S9-A6U0-01A,-14.3668694489921,-10.5790302328736,-33.8954143719686,2
TCGA-S9-A6U1-01A,1.8488825419409,-1.99121472039728,-35.315634262795,2
TCGA-S9-A6U6-01A,-3.75787193042436,-5.20865999220724,-30.3371347136229,2
TCGA-S9-A6U8-01A,-1.99261723409045,-4.48225249176092,-35.2572424402307,2
TCGA-S9-A6U9-01A,-2.18779989213819,-4.5815706142946,-35.6435222556488,2
TCGA-S9-A6UA-01A,-5.41356299616192,-11.0030144671287,-35.0755450837619,2
TCGA-S9-A6WG-01A,-5.87638228192014,-6.56445603866756,-28.1945027459708,2
TCGA-S9-A6WI-01A,-21.2490644292277,-11.3812498482574,-40.3170370533485,2
TCGA-S9-A6WM-01A,-9.77559283417747,-8.26022120954774,-33.5136954764627,2
TCGA-S9-A6WO-01A,-2.33556859961295,-6.49889698127811,-27.2076397448285,2
TCGA-S9-A6WQ-01A,-1.88362560068102,-5.00923551391048,-24.6758642017023,2
TCGA-S9-A7IQ-01A,-20.43095176201,-8.24693813231897,-43.0278339622673,2
TCGA-S9-A7IS-01A,-7.01181692639782,-6.09241706114115,-33.7470854603982,2
TCGA-S9-A7IX-01A,-16.3629560975288,-7.03680074754087,-34.2064031356484,2
TCGA-S9-A7J0-01A,2.53800953119715,-7.77186787289183,-28.3984499857065,2
TCGA-S9-A7QW-01A,-0.280272092834383,-10.0250112049371,-24.9038785623024,2
TCGA-S9-A7QX-01A,-4.25367958369352,-1.46524906307942,-27.4920606738843,2
TCGA-S9-A7R3-01A,-3.39923754782569,-9.84455895990357,-34.6021016893148,2
TCGA-S9-A7R4-01A,-8.24756062327998,-3.66684443970948,-17.7786669706181,2
TCGA-S9-A7R8-01A,-1.7777367951626,-1.06801071605247,-30.8464637086802,2
TCGA-TM-A7C3-01A,-10.8756699248673,-6.47923384961842,-33.6934128038544,2
TCGA-TM-A7C4-01A,0.229219984981708,-10.6941073516853,-26.6613331815264,2
TCGA-TM-A7CA-01A,-1.36298861280873,-2.47221301923727,-30.4359255689997,2
TCGA-TM-A7CF-01A,-3.158480145695,-4.01742486771664,-31.4425591696242,2
TCGA-TM-A84B-01A,-10.6097281259982,3.32039112368128,-34.0709006572579,2
TCGA-TM-A84H-01A,-7.67457941819261,-2.02103123107197,-32.2848581277719,2
TCGA-TM-A84I-01A,1.89483759245425,-6.01472750160809,-26.7038789945234,2
TCGA-TM-A84J-01A,1.25001506898934,-7.31583834181308,-23.1668334092639,2
TCGA-TM-A84L-01A,-5.64160320512522,-8.1405373821108,-18.6556401687599,2
TCGA-TM-A84R-01A,-18.650164723292,-9.1327143505828,-41.987829872617,2
TCGA-TM-A84T-01A,-2.05200208609318,-0.699604695667677,-27.009922510958,2
TCGA-TQ-A7RF-01A,-6.35345720687004,-6.15496526141012,-21.5541497984902,2
TCGA-TQ-A7RH-01A,-1.68514947257552,-3.62302317465514,-27.651827545498,2
TCGA-TQ-A7RJ-01A,-2.39141778901383,-3.51250669424546,-30.1658823239186,2
TCGA-TQ-A7RK-01A,-3.70095002284796,-6.57024483663842,-22.5416768965121,2
TCGA-TQ-A7RM-01A,0.602751361792967,-1.53949874491982,-33.2051793752088,2
TCGA-TQ-A7RO-01A,-4.62306806199068,-4.9692622722573,-14.7987537250257,2
TCGA-TQ-A7RR-01A,-3.58599614229059,-6.42596406631011,-23.7262077672271,2
TCGA-TQ-A7RV-01A,-4.57115954727775,-2.96155329644166,-20.7245078270913,2
TCGA-TQ-A7RW-01A,-1.15624494897787,-5.44285912818489,-28.5415884953661,2
TCGA-VM-A8CF-01A,-14.801474020424,-9.53091244965115,-29.0672939251281,2
TCGA-VM-A8CH-01A,-8.3166107938901,-2.10655645735586,-21.733574343245,2
TCGA-VV-A86M-01A,-4.15492162394299,1.78468222630829,-33.9985115842667,2
TCGA-VW-A8FI-01A,-9.0006034778652,-11.3823814378243,-27.7227081694107,2
TCGA-WH-A86K-01A,0.73272042795925,-10.6953139848006,-22.3114791438645,2
TCGA-WY-A858-01A,-2.50929298186876,-8.74989015053057,-22.0267590796996,2
TCGA-WY-A859-01A,1.14223391647737,-12.785075845458,-26.142083847343,2
TCGA-WY-A85A-01A,-7.29571526999162,-4.95080281200599,-15.91384525798,2
TCGA-WY-A85B-01A,-0.306159954496267,-6.25844055812656,-32.825841429142,2
TCGA-WY-A85C-01A,-2.93385531296862,1.59156134991199,-32.5072788676827,2
TCGA-WY-A85D-01A,-0.237868858485272,-6.03601116607325,-29.1024170043119,2
TCGA-WY-A85E-01A,-0.551353062940888,-14.0124380424121,-23.3640959315247,2
