Sample,X,Y,Z,Cluster
TCGA-CS-5390-01A,27.2987718408428,10.5342250858136,-17.8293660968858,1
TCGA-CS-5394-01A,28.0686741874776,10.7188498904425,-17.8492691932535,1
TCGA-CS-6186-01A,24.9014922486269,14.9248706775147,-13.3042835272152,1
TCGA-CS-6668-01A,25.5417485891368,11.8526685350424,-16.9596012194989,1
TCGA-CS-6669-01A,30.1638562407463,10.8071832868077,-28.5370037014156,1
TCGA-DB-A4XG-01A,30.3081239916719,11.391389991476,-16.9783338872327,1
TCGA-DB-A4XH-01A,27.942552360741,12.276394770777,-17.2342005295764,1
TCGA-DB-A64L-01A,28.9978099863285,11.9986788645817,-16.6187646161334,1
TCGA-DB-A64W-01A,29.8300095568537,11.6504327874595,-14.4108463099903,1
TCGA-DB-A64X-01A,22.3806010472338,14.3123027111187,-14.3791218638726,1
TCGA-DH-5144-01A,21.8464980481626,13.0817309815755,-13.3504916221601,1
TCGA-DH-A7UR-01A,32.0717523090614,13.9125507318082,-17.4466993277381,1
TCGA-DU-5871-01A,24.841131863059,12.3026230912987,-16.2394479468521,1
TCGA-DU-5872-01A,26.1892893622177,9.94442044348132,-19.9562521719505,1
TCGA-DU-5874-01A,27.7067077173162,9.94209839543798,-18.004604450348,1
TCGA-DU-6394-01A,30.0600531659685,12.5046907553693,-21.808414266112,1
TCGA-DU-7018-01A,22.8171412904569,13.0371917723251,-13.6964862882307,1
TCGA-DU-7294-01A,21.9023812956047,12.8655108161772,-13.1455176277502,1
TCGA-DU-7300-01A,25.7012705487665,9.94993770876524,-13.1823663450109,1
TCGA-DU-7302-01A,21.950022563977,11.3731702875429,-10.2663224344456,1
TCGA-DU-7304-01A,30.3487459621404,6.02497388769167,-28.9885311029084,1
TCGA-DU-7306-01A,27.2441508631583,12.5987607121645,-19.0635735940986,1
TCGA-DU-8161-01A,28.2724888867578,11.4029224409361,-28.2965881597236,1
TCGA-DU-8162-01A,29.9921492992942,10.2601315000879,-27.9885738828515,1
TCGA-DU-8164-01A,30.5130726145308,11.0755054654287,-17.2245879789012,1
TCGA-DU-A6S3-01A,31.7169104531937,14.827902752228,-17.0439888629448,1
TCGA-DU-A7TG-01A,29.2236020917353,11.4381532751287,-25.587744835105,1
TCGA-E1-5311-01A,24.4143390559006,13.6068704033905,-14.4607848855771,1
TCGA-E1-5318-01A,24.2770227712143,14.143868478201,-14.2902313133887,1
TCGA-E1-A7YO-01A,27.628133941009,12.2291667871739,-19.5660745288137,1
TCGA-E1-A7YY-01A,29.7868058391734,12.259868351174,-24.9869286747576,1
TCGA-E1-A7Z3-01A,26.3698889150325,10.1761584364248,-22.0070720579975,1
TCGA-E1-A7Z4-01A,26.3297725137712,14.9015900397725,-9.14624216134947,1
TCGA-E1-A7Z6-01A,30.0185902456913,7.86114771465602,-27.4947537679027,1
TCGA-EZ-7264-01A,22.093075085318,11.4558750512728,-10.4436925501969,1
TCGA-FG-5962-01B,26.6629098017764,12.9034134408345,-18.618321450415,1
TCGA-FG-5964-01A,21.0889687426806,14.2732374082225,-14.0688624143445,1
TCGA-FG-6688-01A,27.2016065588939,7.56397640974738,-19.8697090156177,1
TCGA-FG-7637-01A,27.1426449092484,8.65116437556781,-18.9748701671775,1
TCGA-FG-7641-01B,26.3344766091748,14.593732963124,-9.14828008714389,1
TCGA-FG-8181-01A,28.6179297950245,11.5789381197552,-26.2891264308529,1
TCGA-FG-8189-01B,29.2437391250068,11.2825385641362,-25.6246156545914,1
TCGA-HT-7468-01A,21.396034049324,12.8159445340068,-13.0005616784777,1
TCGA-HT-7473-01A,30.3349939925302,6.07922679860136,-28.9361885313573,1
TCGA-HT-7480-01A,26.3659966086042,14.1467029243362,-11.2649437916975,1
TCGA-HT-7485-01A,26.2228885048916,9.92326852224097,-19.3722083782789,1
TCGA-HT-7607-01A,28.1023755351275,11.5024748261811,-26.1793527001382,1
TCGA-HT-7616-01A,27.5947541173467,12.230755159541,-19.9873931962655,1
TCGA-HT-7677-01A,26.1218398279679,15.8894328663031,-9.85704506533419,1
TCGA-HT-7680-01A,25.6645554794235,10.8452730089339,-19.0979035809397,1
TCGA-HT-7687-01A,26.4130932400601,14.2114387899414,-10.980247344401,1
TCGA-HT-7694-01A,22.3797239248416,10.9684422037724,-10.1259136482062,1
TCGA-HT-7695-01A,26.4439625991285,14.4112180409496,-9.14447047976718,1
TCGA-HT-7874-01A,29.9165024646848,10.6597594812524,-28.4058567387521,1
TCGA-HT-8015-01B,29.7598877885755,12.4043976502582,-23.0633432510556,1
TCGA-HT-8019-01A,29.6241127649187,11.9617762708442,-25.1137743927569,1
TCGA-HT-8105-01A,25.6864307183181,9.81350035651393,-13.3634572416732,1
TCGA-HT-8107-01A,28.31754950817,11.5484753890226,-26.8224107373685,1
TCGA-HT-8109-01A,26.3515950322613,13.9067086915398,-11.3156175202104,1
TCGA-HT-8113-01A,28.3947511275086,11.5294046802297,-26.9215334408378,1
TCGA-HT-A5R7-01A,26.5584719842009,9.92021607723029,-22.6619755540754,1
TCGA-HT-A5R9-01A,27.9640995669458,9.45954085096789,-17.9006146900233,1
TCGA-HW-7487-01A,22.2488745295372,11.1295359717958,-10.2007039170339,1
TCGA-HW-7491-01A,27.1163530079571,8.63528132733983,-18.9944197531261,1
TCGA-HW-8322-01A,30.0534310014937,11.8941100876762,-15.0620227223994,1
TCGA-IK-8125-01A,24.8520105718184,13.485606550757,-14.4913530987872,1
TCGA-P5-A5EY-01A,31.0499640412894,11.0423591179255,-28.187901342554,1
TCGA-P5-A72X-01A,27.2129935785782,7.30758318600203,-20.1199272114018,1
TCGA-P5-A77W-01A,30.1917472654799,11.449641790451,-13.5858129220474,1
TCGA-QH-A65R-01A,31.7559718636291,14.7582311116591,-17.0729261119934,1
TCGA-QH-A870-01A,30.0055730397858,9.40112747247039,-27.6126256534889,1
TCGA-S9-A6TU-01A,27.0343911936075,8.68262625805299,-21.5973247737333,1
TCGA-S9-A6U2-01A,27.7800263865774,12.5259910320568,-17.1222391236825,1
TCGA-S9-A6UB-01A,26.1302609666756,15.8162241184669,-9.66433452880173,1
TCGA-S9-A6WL-01A,27.011942053834,12.5844385842731,-19.0576364573776,1
TCGA-S9-A6WM-01A,31.6960443287614,11.3611764497411,-17.9544666128053,1
TCGA-S9-A6WN-01A,29.8059062726713,12.4360942127543,-22.8893301801278,1
TCGA-S9-A7IQ-01A,29.8587825951026,12.0211750946799,-25.0291604954571,1
TCGA-TM-A7C5-01A,23.710975186206,14.1598948521401,-14.3533159201829,1
TCGA-TM-A84R-01A,29.3855035169251,11.4344765568062,-25.6266545350913,1
TCGA-TQ-A7RO-01A,31.4811891476874,11.4136022717102,-17.8976986476189,1
TCGA-TQ-A7RW-01A,27.3581131058463,12.0199525121008,-20.4046230819032,1
TCGA-CS-4938-01B,35.3739273671641,-23.3775473760099,-53.1289505222273,2
TCGA-CS-4941-01A,35.2372397359711,-36.0943621997088,-56.8493039080134,2
TCGA-CS-4942-01A,34.9448274505289,-26.6848994535398,-59.123814230234,2
TCGA-CS-4943-01A,37.7982030111007,-33.7093210956849,-53.0014603876868,2
TCGA-CS-5395-01A,28.3865181201118,-39.6054592052519,-63.745632713581,2
TCGA-CS-5397-01A,26.6598003438315,-42.9013599848402,-54.1185016494243,2
TCGA-CS-6188-01A,23.618639708209,-40.3910883227428,-59.259801785296,2
TCGA-CS-6666-01A,37.7787394666052,-33.7870202883232,-53.5324740856411,2
TCGA-CS-6667-01A,27.5422048479315,-26.2685028897896,-69.8464289586356,2
TCGA-DB-5270-01A,37.0055681538686,-30.1571287257498,-49.7133207733178,2
TCGA-DB-5273-01A,39.2482651178752,-32.8365853857898,-58.3579633899651,2
TCGA-DB-5275-01A,20.620099510048,-37.7493852064474,-55.097045519841,2
TCGA-DB-5277-01A,24.6340288163007,-34.5845206444566,-59.2035688521094,2
TCGA-DB-5280-01A,36.2789960971968,-38.6664462835827,-55.5272460341304,2
TCGA-DB-5281-01A,40.1255153544274,-38.0254461867123,-57.7432490079391,2
TCGA-DB-A4X9-01A,22.9898906688635,-34.5083237117467,-56.0366634512102,2
TCGA-DB-A4XB-01A,28.4798113288736,-38.8817938477827,-63.1878816205497,2
TCGA-DB-A4XC-01A,30.4417682053864,-38.8251105573595,-55.1614654107481,2
TCGA-DB-A4XD-01A,35.4268662960462,-31.8708690896671,-59.8198468482366,2
TCGA-DB-A4XE-01A,36.8441121852316,-32.3990515879496,-59.825184604893,2
TCGA-DB-A4XF-01A,31.4340933923822,-41.1262869716426,-47.180628140063,2
TCGA-DB-A64S-01A,38.7061641647773,-33.8096633147948,-51.6544658290851,2
TCGA-DB-A75L-01A,31.3577174176268,-37.5670880009704,-58.4450770536918,2
TCGA-DB-A75M-01A,31.2968101927144,-22.5699801778131,-59.3389538017404,2
TCGA-DB-A75P-01A,20.7037986155433,-39.5221087601817,-51.0604886697468,2
TCGA-DH-5140-01A,32.5003563471135,-34.0226226800259,-63.0852072163947,2
TCGA-DH-5142-01A,31.2219343946439,-36.7581769720721,-58.2779234126652,2
TCGA-DH-5143-01A,35.5851351950511,-23.9872870502542,-52.919942309859,2
TCGA-DH-A66B-01A,25.377391535258,-35.1354337570835,-57.8429401118347,2
TCGA-DH-A66D-01A,29.9272209428748,-38.9832414353811,-58.6861475174206,2
TCGA-DH-A66G-01A,33.0295474776613,-36.0236632040174,-49.6477824601802,2
TCGA-DH-A7UT-01A,20.3736824529271,-38.1514120443896,-53.9784937464519,2
TCGA-DH-A7UU-01A,33.4739993572317,-38.4853697562517,-57.2451272810336,2
TCGA-DU-5847-01A,29.0137860731571,-39.5265906724415,-63.0846586115307,2
TCGA-DU-5852-01A,37.0737624741435,-31.8519883751877,-60.469387039026,2
TCGA-DU-5853-01A,38.2641861331193,-33.7897738766275,-51.8050981850078,2
TCGA-DU-5855-01A,22.3530839883537,-40.8053974621054,-50.0319495165848,2
TCGA-DU-6392-01A,27.2820306216443,-27.264447486209,-65.5448983556895,2
TCGA-DU-6395-01A,31.3282389510293,-23.0562668138035,-59.5039180782756,2
TCGA-DU-6396-01A,32.2589824350617,-37.9157248965553,-54.1755308829616,2
TCGA-DU-6399-01A,38.7605802137958,-32.3198810622275,-60.8026672984437,2
TCGA-DU-6401-01A,37.1273343117943,-29.3640586372648,-49.9642851479613,2
TCGA-DU-6402-01A,24.6845263772176,-42.2786018008717,-60.4765207295562,2
TCGA-DU-6404-01A,35.2961407594409,-27.9955184654707,-59.5855195692833,2
TCGA-DU-6405-01A,27.3085460910929,-41.3815146971509,-53.1856108864358,2
TCGA-DU-6406-01A,25.6965373917403,-39.4131137142382,-60.6057093101372,2
TCGA-DU-6407-01A,35.2751932358013,-27.9465796314233,-59.561758838227,2
TCGA-DU-6408-01A,37.5835840882745,-33.9384552018476,-54.4654417072438,2
TCGA-DU-6410-01A,36.9485609848498,-27.037768203837,-49.5795877355182,2
TCGA-DU-6542-01A,41.5008115147732,-37.7084294884917,-61.1444342044134,2
TCGA-DU-7006-01A,25.258339005236,-41.0767488892061,-51.5784944707522,2
TCGA-DU-7007-01A,31.5163379027731,-39.4339283794381,-54.7610309510904,2
TCGA-DU-7008-01A,36.143589777327,-32.0180214262759,-59.3067397015771,2
TCGA-DU-7010-01A,36.9489614635877,-33.172481565205,-60.9706253392736,2
TCGA-DU-7011-01A,40.0457002508257,-36.4193811509655,-58.6043757256454,2
TCGA-DU-7012-01A,27.0883360834341,-42.3608071639875,-54.1686829992615,2
TCGA-DU-7013-01A,29.2235669379716,-39.2603877900321,-62.5795124173136,2
TCGA-DU-7014-01A,36.8074098773497,-27.1423376425227,-50.5767280221799,2
TCGA-DU-7015-01A,40.8577542842117,-35.4924293436201,-60.4427331177423,2
TCGA-DU-7019-01A,40.7059715039793,-36.2081198072002,-58.8548495851599,2
TCGA-DU-7290-01A,27.2959310239618,-41.7112240006098,-53.6647940478965,2
TCGA-DU-7292-01A,36.3463157144415,-40.6037339253837,-61.8707819004176,2
TCGA-DU-7298-01A,33.6859115543908,-32.1708430786635,-64.432300374866,2
TCGA-DU-7299-01A,29.3225509927754,-29.4981232975569,-67.2386286355405,2
TCGA-DU-7301-01A,39.0699408954374,-32.3372196218206,-60.8168639934773,2
TCGA-DU-7309-01A,37.0240623696003,-30.4325502879599,-49.9086970750661,2
TCGA-DU-8158-01A,25.9064172161712,-38.9524515721668,-48.9437459933915,2
TCGA-DU-8163-01A,39.1459743837408,-37.6565826119515,-62.3060710158536,2
TCGA-DU-8165-01A,27.2648656247823,-41.9906807946407,-53.9299046394272,2
TCGA-DU-8166-01A,36.388876929566,-38.0735350141974,-56.5130520178495,2
TCGA-DU-8167-01A,25.8689786641298,-34.3546757953109,-57.118503179593,2
TCGA-DU-A5TP-01A,29.6801009184336,-38.7587034858644,-55.1441569983435,2
TCGA-DU-A5TR-01A,20.4628176090376,-38.6686454358417,-53.0245693174929,2
TCGA-DU-A5TS-01A,23.1744687588123,-34.4926567600655,-55.9983670449487,2
TCGA-DU-A5TT-01A,23.8334635710193,-40.4024032614898,-59.5367308920098,2
TCGA-DU-A5TU-01A,24.5109673866205,-41.9770503827179,-60.3737051197813,2
TCGA-DU-A5TW-01A,30.1151681307226,-28.1458107967877,-68.1229344642075,2
TCGA-DU-A5TY-01A,25.9505899720122,-25.0085198910877,-65.0654183034328,2
TCGA-DU-A6S7-01A,28.6441740406771,-36.8801149718627,-60.5185061519139,2
TCGA-DU-A76L-01A,23.5392826624185,-25.6866238369829,-66.9739258744764,2
TCGA-DU-A76O-01A,34.0398252415282,-25.6910310190935,-58.5019942298479,2
TCGA-DU-A7T8-01A,36.4949896996134,-26.5190605274211,-51.6545748505972,2
TCGA-DU-A7TA-01A,25.6070316358516,-39.6066419813798,-60.6930590295554,2
TCGA-DU-A7TC-01A,30.1941425975499,-24.4209400543593,-60.7323829663183,2
TCGA-DU-A7TD-01A,32.8932291402732,-41.7704649959373,-61.6029993507621,2
TCGA-DU-A7TI-01A,37.4483453514273,-38.0253669065578,-57.9019645609681,2
TCGA-DU-A7TJ-01A,29.4950926393655,-38.6111568805059,-59.8017372098273,2
TCGA-E1-5302-01A,37.6901208345056,-33.6198649715058,-52.5625068636352,2
TCGA-E1-5304-01A,32.1345410114393,-34.3466755016177,-62.8496893675024,2
TCGA-E1-5305-01A,29.2410386091527,-29.4117342925798,-67.2266998282705,2
TCGA-E1-5307-01A,27.1827791180831,-26.4499874217425,-70.1052310206082,2
TCGA-E1-5322-01A,26.2600380032019,-26.6770995230878,-65.4448272926688,2
TCGA-E1-A7YD-01A,25.8741972972385,-27.3385448141949,-65.649854931237,2
TCGA-E1-A7YE-01A,33.1320085197821,-41.6000912225011,-60.3365853022037,2
TCGA-E1-A7YI-01A,34.8981743100356,-38.224974144848,-58.874281928158,2
TCGA-E1-A7YL-01A,22.9560740315283,-38.6130123962101,-58.1499776735957,2
TCGA-E1-A7YN-01A,41.0723179059474,-39.2852156051558,-56.8035934470753,2
TCGA-E1-A7YQ-01A,28.4000785731247,-41.0774828972094,-61.043273303982,2
TCGA-E1-A7YU-01A,26.1202548619843,-32.1822432664189,-61.1427041515124,2
TCGA-E1-A7YV-01A,42.1678139150678,-38.4752831056977,-61.195015243982,2
TCGA-E1-A7YW-01A,23.4064144982518,-25.576139246867,-67.0948406710864,2
TCGA-F6-A8O4-01A,25.8449997191503,-25.1185537448423,-65.2933750901603,2
TCGA-FG-5965-01B,31.7493410291268,-38.8368610617502,-54.9752273671782,2
TCGA-FG-6689-01A,35.7372375800081,-23.7590017016114,-52.158279726424,2
TCGA-FG-6690-01A,36.9306669323449,-33.0859153005609,-59.0654016315088,2
TCGA-FG-6691-01A,35.1064580235949,-36.200427705548,-56.6628417544934,2
TCGA-FG-6692-01A,24.9153615442996,-33.7856141208536,-59.9917029740096,2
TCGA-FG-7634-01A,23.3572151923543,-25.4418015626363,-67.6732586302284,2
TCGA-FG-7636-01A,35.1569939084816,-23.5020906699324,-53.959931653682,2
TCGA-FG-7643-01A,27.3796163551599,-27.7372835571562,-69.6703114273586,2
TCGA-FG-8182-01A,33.1243522137974,-35.3657113125932,-64.2888923480984,2
TCGA-FG-8188-01A,32.4294749024088,-38.3315882673762,-55.324185538219,2
TCGA-FG-8191-01A,27.8896825816934,-26.4071962069655,-67.1106071440353,2
TCGA-FG-A4MT-01A,35.4491295971467,-29.1497344757248,-59.6460508952524,2
TCGA-FG-A4MU-01B,24.1336725640307,-40.3430289874733,-59.7317295947682,2
TCGA-FG-A4MW-01A,21.971655959136,-33.7398446671024,-59.504792063512,2
TCGA-FG-A4MX-01A,20.5159793989992,-37.828953024384,-54.7645820035097,2
TCGA-FG-A4MY-01A,31.4130737969997,-41.8034742201955,-46.153341561777,2
TCGA-FG-A60J-01A,34.5564943399799,-25.9097998622094,-57.7034212381756,2
TCGA-FG-A70Y-01A,33.5362176107406,-25.4130599429181,-58.7370203094167,2
TCGA-FG-A70Z-01A,34.010750829784,-25.520443935131,-59.0385234335369,2
TCGA-FG-A87N-01A,37.0515111741696,-33.2691665468102,-60.8287064488212,2
TCGA-FN-7833-01A,28.1122258472922,-27.1898507613648,-66.7128222402665,2
TCGA-HT-7469-01A,28.3886442659829,-38.4655757135521,-62.5425089901287,2
TCGA-HT-7470-01A,40.7968278383788,-38.7703910534809,-57.3238966474434,2
TCGA-HT-7472-01A,40.6268725413764,-36.6926454237913,-59.2342519599606,2
TCGA-HT-7474-01A,35.9111517717814,-23.8559918789684,-51.5746595283663,2
TCGA-HT-7475-01A,37.1327350434906,-33.8771790673397,-62.1355651235247,2
TCGA-HT-7476-01A,36.6354622159311,-26.7042384537857,-51.0393589922997,2
TCGA-HT-7477-01B,25.5296562448796,-35.0709642914182,-57.1586814651998,2
TCGA-HT-7478-01A,31.9775649327691,-41.1150815659272,-48.2692380772947,2
TCGA-HT-7483-01A,38.911107164391,-33.4533067195781,-58.6046517141111,2
TCGA-HT-7601-01A,31.9418500788476,-41.0027683533857,-48.6875946240654,2
TCGA-HT-7604-01A,38.3507542169709,-32.5777317423277,-61.8203016859953,2
TCGA-HT-7606-01A,33.4362384133637,-32.1680837391275,-64.6789473052903,2
TCGA-HT-7609-01A,40.7233183546003,-35.4310252585501,-60.5748527056918,2
TCGA-HT-7610-01A,40.3902658774798,-38.3097678388623,-58.5897984558307,2
TCGA-HT-7611-01A,38.8980506830019,-37.9677601608628,-62.5257786477249,2
TCGA-HT-7676-01A,35.3662985246667,-30.2965519504297,-59.6339611471561,2
TCGA-HT-7686-01A,33.7802404510806,-31.7539897437105,-64.8985138044264,2
TCGA-HT-7688-01A,42.0765419550468,-38.3987450066897,-61.1738364409845,2
TCGA-HT-7689-01A,26.6260792671745,-26.6732975059049,-70.3922658747073,2
TCGA-HT-7690-01A,28.7178225780523,-36.9279651535564,-60.4325343083278,2
TCGA-HT-7691-01A,36.9783666501433,-28.7591572515416,-49.8974328640819,2
TCGA-HT-7693-01A,31.9349460868519,-35.9714212120734,-64.9174213647497,2
TCGA-HT-7854-01A,23.3361679319973,-25.2836777254418,-69.454777784644,2
TCGA-HT-7855-01A,26.7033579546986,-26.5537186586065,-70.3396659237158,2
TCGA-HT-7857-01A,20.5824594810363,-38.8451682477278,-52.7256050078807,2
TCGA-HT-7858-01A,25.6936817049265,-27.4650806485993,-65.8641458691509,2
TCGA-HT-7860-01A,26.1964402618748,-43.3977645819368,-54.0635770969806,2
TCGA-HT-7873-01B,25.1686645921836,-36.5603334369687,-58.6796159700014,2
TCGA-HT-7879-01A,28.6888021444581,-35.9280592467874,-53.0091302697129,2
TCGA-HT-7882-01A,33.4663482736169,-41.6653196746217,-62.1642453987139,2
TCGA-HT-7884-01B,23.1485270305503,-25.2029247487772,-68.5393866327982,2
TCGA-HT-8011-01A,36.368841046134,-37.7494390778306,-58.5180792807907,2
TCGA-HT-8013-01A,28.6782931367662,-35.9700830570245,-52.9807552621565,2
TCGA-HT-8018-01A,22.7330925273498,-40.6623026432671,-50.2744637728289,2
TCGA-HT-8104-01A,32.3301785571177,-38.0420787764387,-54.3647700508887,2
TCGA-HT-8108-01A,39.1299482533183,-36.4275097186337,-59.1893292456763,2
TCGA-HT-8110-01A,29.0736552899702,-39.0678451200204,-62.2018183388426,2
TCGA-HT-8111-01A,29.5484867323224,-37.9943849045196,-59.8975163691308,2
TCGA-HT-8114-01A,31.2642495672548,-40.864944418962,-46.8039244282236,2
TCGA-HT-8563-01A,25.2752337604166,-41.0654170980699,-51.6709646480116,2
TCGA-HT-8564-01A,27.7789911156501,-41.5102689615032,-61.1207951249378,2
TCGA-HT-A5RB-01A,36.5041674530763,-38.7726449224031,-55.7397880658872,2
TCGA-HT-A5RC-01A,28.8306021634949,-40.1183198398076,-61.0311990316682,2
TCGA-HT-A614-01A,24.1358130872354,-34.3376261381119,-59.413145088379,2
TCGA-HT-A616-01A,35.8328724265556,-34.535917549372,-49.0749119575162,2
TCGA-HT-A617-01A,37.7717359112261,-34.5198975185116,-52.2121056826572,2
TCGA-HT-A618-01A,32.7349226090334,-38.9154724933167,-57.1242363623702,2
TCGA-HT-A61B-01A,25.6097407869587,-32.6891410081986,-60.6762024588916,2
TCGA-HT-A74O-01A,35.796153451944,-33.836499713683,-48.0225377382453,2
TCGA-HW-7490-01A,36.9296458693852,-27.7656831557784,-50.246462043399,2
TCGA-HW-7493-01A,37.130405555588,-31.7702802706875,-50.8120302438978,2
TCGA-HW-8319-01A,34.8098337215615,-38.7257760479197,-56.4539199005527,2
TCGA-HW-8320-01A,37.7105427397498,-29.2339116818071,-50.6413594401395,2
TCGA-HW-8321-01A,40.33430099694,-37.1957624986623,-58.7467565241581,2
TCGA-HW-A5KL-01A,36.4903564094134,-33.4904181856515,-58.2284536299468,2
TCGA-IK-7675-01A,31.9206725099192,-41.0702886742025,-48.3588046729945,2
TCGA-KT-A7W1-01A,28.3911957660758,-39.4919355768954,-59.7201596495481,2
TCGA-P5-A5EU-01A,29.6279354981289,-39.2532071602542,-58.8380982912841,2
TCGA-P5-A5EV-01A,27.4259353038735,-27.0363795909559,-65.3914459651507,2
TCGA-P5-A5EW-01A,28.8460967982859,-28.4413814339229,-66.2183274477658,2
TCGA-P5-A5EZ-01A,24.6386948565184,-25.8511568464534,-65.7611292068221,2
TCGA-P5-A5F6-01A,36.1223130487258,-40.6873685989345,-61.8930394717414,2
TCGA-P5-A72U-01A,21.1591834148331,-37.564063304532,-56.2846047982483,2
TCGA-P5-A72W-01A,30.0396722146558,-24.2638902692455,-60.8500955184671,2
TCGA-P5-A735-01A,35.6875573747368,-30.3082756106666,-59.198344375923,2
TCGA-P5-A780-01A,31.2393460832503,-30.4640291360272,-66.1312345963045,2
TCGA-QH-A65S-01A,29.5634032570511,-24.4392586783808,-61.3024406784484,2
TCGA-QH-A6CS-01A,35.6639831130461,-23.8784459140816,-52.5247590799689,2
TCGA-QH-A6CW-01A,33.0538419205419,-25.2828164887181,-58.7622447674714,2
TCGA-QH-A6X3-01A,39.7597126701489,-37.1581668296521,-58.5246642496257,2
TCGA-QH-A6X9-01A,33.17170690378,-35.1929371451657,-64.1495618441847,2
TCGA-QH-A6XA-01A,39.3057281601505,-33.1497042419621,-53.6796813591558,2
TCGA-QH-A6XC-01A,21.4364569204184,-35.4769449145643,-57.9610426226128,2
TCGA-R8-A6YH-01A,33.2043257538153,-33.5036430847311,-62.7663753698607,2
TCGA-RY-A83Z-01A,21.8796158706563,-33.7049369391557,-59.5146509840878,2
TCGA-RY-A843-01A,36.8055520647802,-39.0288218914212,-56.1331006777188,2
TCGA-RY-A845-01A,26.7502374080331,-31.7496334384635,-61.6414157377694,2
TCGA-S9-A6TV-01A,24.1674485663661,-40.5179198877992,-50.7714347045398,2
TCGA-S9-A6TZ-01A,23.7095304107009,-25.4095735273284,-69.5861590527617,2
TCGA-S9-A6U1-01A,36.2968459545511,-33.7388801277763,-57.9719339364812,2
TCGA-S9-A6U6-01A,39.304821874124,-33.2714504367303,-59.5146386218066,2
TCGA-S9-A6UA-01A,23.8262622435467,-40.6285108661778,-50.5623196303534,2
TCGA-S9-A6WG-01A,24.6224284653631,-41.9326239180361,-60.4307889910713,2
TCGA-S9-A6WO-01A,29.1629920133253,-28.6171792038426,-65.6533545347267,2
TCGA-S9-A7IS-01A,37.0502658142878,-33.3468744533172,-62.1642581220116,2
TCGA-S9-A7IZ-01A,31.4775161284873,-41.0240868217179,-48.0896507351618,2
TCGA-S9-A7J0-01A,33.2160002748983,-34.7603989074634,-63.4633740151299,2
TCGA-S9-A7QW-01A,35.0197225587397,-27.074383720743,-59.2434809705218,2
TCGA-S9-A7QX-01A,38.083318270726,-34.0268404052528,-52.5820216437996,2
TCGA-S9-A7R4-01A,33.0557409278133,-35.9881697921223,-49.6681965886549,2
TCGA-S9-A7R7-01A,24.2844833254108,-40.6225878769319,-50.749569247273,2
TCGA-S9-A7R8-01A,31.1945028503247,-30.4390601148854,-66.1796069820144,2
TCGA-S9-A89V-01A,22.7859856936335,-25.1033279098627,-69.4554197627164,2
TCGA-S9-A89Z-01A,31.3803911323252,-39.185186192979,-58.0781472999759,2
TCGA-TM-A7C3-01A,24.9987843896127,-36.8849529011926,-58.7906296088051,2
TCGA-TM-A7C4-01A,36.9892779597197,-32.0742111422589,-50.5443320645977,2
TCGA-TM-A7CA-01A,36.2707823600951,-37.3482205098974,-57.017694551951,2
TCGA-TM-A7CF-01A,32.7377103939052,-41.8101278449375,-61.5391165466255,2
TCGA-TM-A84B-01A,31.5523597833749,-34.423719555035,-61.9911530728505,2
TCGA-TM-A84C-01A,31.3953167556826,-41.5413408868602,-46.4818356968083,2
TCGA-TM-A84H-01A,27.1099250112081,-41.6840947215721,-61.1778540943454,2
TCGA-TM-A84I-01A,35.0378409026316,-38.0716527641494,-59.1753775092823,2
TCGA-TM-A84J-01A,37.014567614723,-32.9706821404351,-62.3502373341591,2
TCGA-TM-A84Q-01A,25.6476166276628,-25.419275941065,-65.5162237626116,2
TCGA-TM-A84T-01A,39.5247315724005,-32.9586065548445,-53.4619043930619,2
TCGA-TQ-A7RH-01A,30.3523213636724,-39.2010450140759,-57.9774502304193,2
TCGA-TQ-A7RJ-01A,25.9018382653162,-38.9288382993907,-48.915889252954,2
TCGA-TQ-A7RK-01A,23.9920234161048,-33.911410705971,-59.5862132335637,2
TCGA-TQ-A7RM-01A,33.1736006739105,-33.2901575886492,-63.3590918568374,2
TCGA-TQ-A7RP-01A,35.5338298158601,-34.7087395949187,-48.9541442195143,2
TCGA-TQ-A7RR-01A,22.964901780097,-38.6328787376772,-58.0625173882186,2
TCGA-TQ-A7RV-01A,34.5371209537917,-36.599859108699,-56.5431800942739,2
TCGA-TQ-A8XE-01A,27.7656361074322,-27.3201759308085,-65.7900072100647,2
TCGA-VM-A8C8-01A,26.4569828501177,-25.5492715479455,-64.8861929018601,2
TCGA-VM-A8CD-01A,33.3035113769081,-41.496127090627,-59.7759841105439,2
TCGA-VM-A8CH-01A,40.9432200456108,-38.5359945014496,-57.3386169171277,2
TCGA-VV-A86M-01A,33.0644319401698,-32.647322753491,-64.4932659929832,2
TCGA-VW-A8FI-01A,21.3778631732945,-35.6043046978586,-57.8685047452848,2
TCGA-WH-A86K-01A,35.8202704247618,-34.2531800574861,-48.8799302830062,2
TCGA-WY-A859-01A,36.429847909601,-32.83113512356,-49.3069936692088,2
TCGA-WY-A85A-01A,26.5650280192888,-31.8008329165645,-61.5092293983173,2
TCGA-WY-A85B-01A,33.1535678990235,-32.0584859427637,-64.6187793955392,2
TCGA-WY-A85C-01A,37.2740836622587,-32.9469008619332,-51.7926958123761,2
TCGA-WY-A85E-01A,31.278281776435,-37.3117371865842,-58.508773469892,2
TCGA-CS-4944-01A,-67.2492754752911,36.5427407870388,92.399364581062,3
TCGA-CS-5393-01A,-66.5662438493305,33.1666204731413,94.621661760331,3
TCGA-CS-5396-01A,-61.8231453578882,40.5770392589852,85.790014839917,3
TCGA-CS-6290-01A,-66.737089605967,36.3241682055551,92.4936884723962,3
TCGA-CS-6670-01A,-61.0251801821675,43.7766690274241,89.447874703138,3
TCGA-DB-5274-01A,-48.8044745933734,46.7138870076585,92.8092707375258,3
TCGA-DB-5278-01A,-62.1239104695458,41.7079746460283,86.4184013239297,3
TCGA-DB-5279-01A,-61.4148468807891,40.0941593562519,85.7372775773805,3
TCGA-DB-A4XA-01A,-49.4161455096605,41.5139781443505,76.9879059940474,3
TCGA-DB-A64O-01A,-51.1139190185124,39.8911255353105,90.1075045265894,3
TCGA-DB-A64P-01A,-48.1142982216678,38.5266019147185,78.5040691496716,3
TCGA-DB-A64Q-01A,-51.1852986001178,39.6336215034928,89.1428380368782,3
TCGA-DB-A64R-01A,-55.1429080102538,42.452473438624,88.7134642324839,3
TCGA-DB-A64U-01A,-55.3181489378524,42.4278632255555,87.8543513624225,3
TCGA-DB-A64V-01A,-52.7468768496681,46.043342735201,92.8417304702812,3
TCGA-DB-A75K-01A,-51.2869382747956,40.4173305098735,91.5172809675144,3
TCGA-DB-A75O-01A,-59.4210580527369,44.5569269369929,92.1977469198712,3
TCGA-DH-5141-01A,-51.4442845583005,42.5590954935498,77.4373246844264,3
TCGA-DH-A669-01A,-44.3610808671785,42.160593504389,89.3251872595107,3
TCGA-DH-A66F-01A,-53.9820848572667,42.4149874239081,83.9446346967914,3
TCGA-DH-A7US-01A,-56.6530900355841,44.5700521144462,88.4911850634518,3
TCGA-DH-A7UV-01A,-63.2611617679419,38.3213548381578,93.106713212555,3
TCGA-DU-5849-01A,-53.518863224975,41.1002703001917,84.5399806461842,3
TCGA-DU-5854-01A,-46.7119166117104,38.1436034341601,93.7868745198638,3
TCGA-DU-5870-01A,-50.0700058464763,42.8843195562422,80.9657701289184,3
TCGA-DU-6393-01A,-56.6733473245729,43.8652845901717,86.8668758533373,3
TCGA-DU-6397-01A,-51.8392911803115,42.1356517069659,78.0004323222623,3
TCGA-DU-6400-01A,-57.457235698766,44.6048378749073,82.1400552005407,3
TCGA-DU-6403-01A,-65.2229626317077,33.8353550057534,93.5328390939344,3
TCGA-DU-7009-01A,-53.9995385548858,40.1992742263308,87.0378504172534,3
TCGA-DU-8168-01A,-60.2644142975371,37.633986420559,91.775352424544,3
TCGA-DU-A6S2-01A,-53.2471831992471,37.1174318989402,82.9335525502827,3
TCGA-DU-A6S6-01A,-45.258014591417,42.2699738337585,86.0011976881474,3
TCGA-DU-A6S8-01A,-61.2382670639598,40.9984817550647,84.0677563661569,3
TCGA-DU-A76K-01A,-48.277935606525,46.7311967881691,92.745060402292,3
TCGA-DU-A76R-01A,-53.3444764649365,37.229963963882,82.9989327921926,3
TCGA-DU-A7T6-01A,-48.507173103393,42.6030889978853,78.1839601441909,3
TCGA-DU-A7TB-01A,-62.6850226363988,38.5005491832738,92.9710216097006,3
TCGA-E1-5303-01A,-66.5388189697533,37.1036687680421,92.4485581150606,3
TCGA-E1-5319-01A,-61.4648468764743,40.1766631421756,83.8213688878993,3
TCGA-E1-A7YH-01A,-62.3646682471795,38.8772276988636,91.2739135912096,3
TCGA-E1-A7YJ-01A,-45.0737564727328,42.6678229168413,92.3761415596384,3
TCGA-E1-A7YK-01A,-51.884839741494,38.5720237299357,92.4568390286666,3
TCGA-E1-A7YM-01A,-61.8432788899554,39.316855436396,92.4905696595234,3
TCGA-E1-A7YS-01A,-52.9921080398553,40.0068418811782,86.363037216216,3
TCGA-E1-A7Z2-01A,-61.4886596354256,39.6020173429255,92.6521688925766,3
TCGA-F6-A8O3-01A,-48.5245276990618,43.2068184650248,79.0396264842046,3
TCGA-FG-5963-01A,-64.9272867585082,34.0577397324054,94.048607622609,3
TCGA-FG-7638-01B,-58.3122808219618,44.3488755479204,82.7701559789759,3
TCGA-FG-8185-01A,-66.4529956576859,33.2811426431699,94.3925276896596,3
TCGA-FG-8186-01A,-58.065866727225,43.2909353840606,90.5803075065773,3
TCGA-FG-8187-01A,-61.1856484705693,39.8090198432261,87.8201785236437,3
TCGA-FG-A60K-01A,-53.0535374440462,40.8354854971948,86.2246349541653,3
TCGA-FG-A60L-01A,-46.2967499663084,44.588839825356,93.926252310322,3
TCGA-FG-A6IZ-01A,-49.847630296944,46.654652039696,93.0874960031649,3
TCGA-FG-A6J1-01A,-50.358121978949,46.5689047645637,92.9020722825887,3
TCGA-FG-A6J3-01A,-45.9801258799908,44.2280180976512,93.6731428456954,3
TCGA-FG-A710-01A,-50.3578368177573,46.1942922354185,88.1321357595548,3
TCGA-FG-A711-01A,-65.8080668913937,33.5143733970898,94.0810327586855,3
TCGA-FG-A713-01A,-54.7500954491412,34.6231708210542,82.0747170129009,3
TCGA-FG-A87Q-01A,-50.3295014347857,46.1752969320808,88.0277722070291,3
TCGA-HT-7467-01A,-61.7106833989376,39.4559916907516,84.7546287055896,3
TCGA-HT-7471-01A,-49.1562653991798,42.4382672322084,79.4223476623144,3
TCGA-HT-7479-01A,-66.3214660209243,36.3123441782744,92.4443263023482,3
TCGA-HT-7481-01A,-62.4712301452972,39.0524126450653,92.4908362163488,3
TCGA-HT-7482-01A,-65.3526997900756,33.8137439442347,93.1087135840609,3
TCGA-HT-7602-01A,-63.2387780918857,38.8022899474512,92.2323064154764,3
TCGA-HT-7603-01A,-65.5428003969647,33.7807584953416,92.8659120159394,3
TCGA-HT-7605-01A,-61.7429738804314,39.7276862523115,84.6100097418846,3
TCGA-HT-7608-01A,-51.7968659477059,42.0595028987517,77.6220698221143,3
TCGA-HT-7620-01A,-61.3930581041069,39.4420775943616,86.2005043017189,3
TCGA-HT-7681-01A,-57.9428645847185,45.3185983391814,82.7970938367833,3
TCGA-HT-7684-01A,-65.2558852655137,39.2788361035501,92.434417275541,3
TCGA-HT-7692-01A,-52.3943991853203,46.2459710172643,93.0389553146317,3
TCGA-HT-7856-01A,-53.1621364570616,35.8764291968555,81.9009966904411,3
TCGA-HT-7875-01A,-48.4687759558993,43.6945068118918,81.5874740282768,3
TCGA-HT-7877-01A,-52.2245913686767,38.5254756336586,84.4091713343393,3
TCGA-HT-7880-01A,-54.9950730880983,35.9538141082067,82.6529491280663,3
TCGA-HT-7881-01A,-61.3486673234175,39.6098441125081,87.3890048965555,3
TCGA-HT-7902-01A,-62.5354228257523,38.8317878664262,90.9058731252154,3
TCGA-HT-8010-01A,-48.3508544199362,38.8771747437207,78.5421561493619,3
TCGA-HT-8012-01A,-56.1414895634406,44.0521895211913,89.5107087672582,3
TCGA-HT-8558-01A,-57.6046118560017,34.6860195605139,82.7403098412567,3
TCGA-HT-A4DS-01A,-45.9160974117131,44.2339118969604,93.8258568491075,3
TCGA-HT-A4DV-01A,-59.1548885927495,43.4466569208085,92.3126336037898,3
TCGA-HT-A5R5-01A,-52.9957543592941,46.674091864216,87.3065490384843,3
TCGA-HT-A5RA-01A,-44.9568579177342,42.4345104868124,91.9527432983416,3
TCGA-HT-A615-01A,-52.2414946241311,42.3960891132107,87.4371431716653,3
TCGA-HT-A619-01A,-45.1199358198344,41.3514159968724,90.7027473796304,3
TCGA-HT-A61A-01A,-57.6102989298129,34.7080930462743,82.7442689016872,3
TCGA-HT-A61C-01A,-45.5062371338646,43.9691651272076,94.1091779651534,3
TCGA-HT-A74H-01A,-51.3622478567008,41.5577689206502,93.5711055474824,3
TCGA-HT-A74J-01A,-67.6268028161973,36.3468507316837,92.9511278984576,3
TCGA-HT-A74K-01A,-51.1281397983058,46.5492039234851,93.0656657350012,3
TCGA-HT-A74L-01A,-45.070631206142,41.3857847596082,90.5757153168046,3
TCGA-HW-7486-01A,-62.1877228593353,41.2500933579394,86.6521467086195,3
TCGA-HW-7489-01A,-65.5707635382829,33.1272799532517,92.0919300599874,3
TCGA-HW-7495-01A,-61.5016892103366,39.7421509962007,85.8247045605761,3
TCGA-HW-A5KJ-01A,-49.1370130494156,42.5783551626109,79.2625880361313,3
TCGA-HW-A5KK-01A,-51.8735211246033,38.6203775028695,92.4162921169113,3
TCGA-HW-A5KM-01A,-62.8803003244273,37.3914851151148,93.8895938234231,3
TCGA-KT-A74X-01A,-57.8651156099609,44.5697085687971,82.51205801011,3
TCGA-P5-A5ET-01A,-50.4216366926138,45.5367094386411,89.8973330177158,3
TCGA-P5-A5EX-01A,-47.8555274406649,38.341713630636,78.3535939541957,3
TCGA-P5-A5F0-01A,-44.4423502878918,42.0969223785275,89.2669795741567,3
TCGA-P5-A5F1-01A,-59.0824874721145,44.6544759403561,90.9320063058255,3
TCGA-P5-A5F2-01A,-56.5080331029048,34.8331320549039,82.7572109415996,3
TCGA-P5-A5F4-01A,-49.1126943828736,42.1207880559015,79.9779701584964,3
TCGA-P5-A72Z-01A,-53.5062244411373,42.2157320236764,84.2182150623563,3
TCGA-P5-A730-01A,-49.4282109481123,38.3730806000746,79.541822535191,3
TCGA-P5-A731-01A,-48.6014555010279,40.0587332999694,78.2304502649676,3
TCGA-P5-A733-01A,-67.2055207773456,36.1533566076788,92.27440180207,3
TCGA-P5-A736-01A,-45.2702104623434,42.2764165091382,85.7570356361834,3
TCGA-P5-A737-01A,-50.2012310626148,46.1756727724129,88.6647479342143,3
TCGA-P5-A77X-01A,-52.2611641006519,38.5477408312171,84.0757571953808,3
TCGA-P5-A781-01A,-54.9104374190217,42.0634783555344,88.0641137829987,3
TCGA-QH-A65V-01A,-58.9450187329874,43.9276526922829,90.9274557858327,3
TCGA-QH-A65X-01A,-50.5858055330241,46.6326679917411,93.2289763786341,3
TCGA-QH-A65Z-01A,-57.3807785508514,45.1263497417071,87.4507873489889,3
TCGA-QH-A6CU-01A,-58.9431264341663,44.1948499625173,91.1371173419877,3
TCGA-QH-A6CV-01A,-45.3623726505025,43.3210622504998,92.9760286331324,3
TCGA-QH-A6CX-01A,-46.6803992005503,38.1613164291164,93.7844999880971,3
TCGA-QH-A6CY-01A,-61.4976881040093,40.6013464365969,84.9347766168751,3
TCGA-QH-A6CZ-01A,-52.5421268783565,39.3697745690181,85.2043089537564,3
TCGA-QH-A6X4-01A,-55.3992036149964,44.1336411505024,89.6908948093728,3
TCGA-QH-A6X5-01A,-57.3769846374355,45.2875684205562,87.2775934920929,3
TCGA-QH-A6X8-01A,-59.233884735427,44.965716663708,92.349468328241,3
TCGA-QH-A86X-01A,-49.0968840407591,41.9842738988293,78.6730314813758,3
TCGA-R8-A6MK-01A,-51.3341253797326,40.887870820437,78.6017965177117,3
TCGA-R8-A6ML-01A,-55.3125341443813,42.7899243007618,89.171609061018,3
TCGA-R8-A6MO-01A,-54.7933259924015,43.9789346437343,90.3349024123723,3
TCGA-R8-A73M-01A,-50.9554692782665,46.5399917963672,93.0646791671643,3
TCGA-RY-A83X-01A,-50.3749350092607,42.9897772235002,80.4840076564181,3
TCGA-RY-A83Y-01A,-50.4012504569557,45.7040604494406,90.2842775085153,3
TCGA-RY-A840-01A,-50.539763509282,46.6620645782486,93.793715039973,3
TCGA-RY-A847-01A,-50.0893246692982,44.4717998678487,88.632789175802,3
TCGA-S9-A6TS-01A,-54.4030900551211,46.1816664259943,87.2634875789577,3
TCGA-S9-A6TW-01A,-49.482497270048,41.5332497278224,77.9470854230687,3
TCGA-S9-A6TX-01A,-50.5599503087177,43.2251660997502,82.3527835788563,3
TCGA-S9-A6TY-01A,-58.6112861956025,43.6791216802379,83.3734036318901,3
TCGA-S9-A6U0-01A,-45.1131160521387,42.2098500323795,86.8552573163345,3
TCGA-S9-A6U5-01A,-57.5155578185757,45.1795905205121,87.245914501682,3
TCGA-S9-A6U8-01A,-64.9445044267452,39.279008146899,92.5340046249571,3
TCGA-S9-A6U9-01A,-51.3101471742103,40.2914079066661,91.5579583461238,3
TCGA-S9-A6WD-01A,-57.8159517120477,44.1836257265653,83.9848152924161,3
TCGA-S9-A6WE-01A,-58.4622260724228,44.2387963014134,82.5646232742754,3
TCGA-S9-A6WH-01A,-60.9115611983295,43.8056979432486,88.5143640362071,3
TCGA-S9-A6WI-01A,-54.765319476253,34.5609575824293,82.0327781897611,3
TCGA-S9-A6WP-01A,-51.1936563907828,42.6341576215763,78.999901689264,3
TCGA-S9-A6WQ-01A,-65.3243977926234,39.6029592227524,92.5802674714874,3
TCGA-S9-A7IX-01A,-44.7985326902628,41.5366309936755,89.5318579569044,3
TCGA-S9-A7IY-01A,-52.0542390291546,42.5016722110627,78.8707125732976,3
TCGA-S9-A7J1-01A,-52.4258238984385,38.2641793542873,83.2253962616793,3
TCGA-S9-A7J2-01A,-50.4435830396839,40.7604117785852,78.2349558194957,3
TCGA-S9-A7J3-01A,-52.5564396305748,37.7345178474649,82.6519200238782,3
TCGA-S9-A7QY-01A,-55.7276122796375,44.7861097388185,87.8642945913758,3
TCGA-S9-A7QZ-01A,-49.2293010143225,41.3711283993819,77.9334482931744,3
TCGA-S9-A7R1-01A,-61.306271480395,44.2289767174029,89.1910412789069,3
TCGA-S9-A7R2-01A,-51.3546450699257,41.4659139471967,93.3978263990979,3
TCGA-S9-A7R3-01A,-61.7210326690575,38.7879358684143,91.6499261262436,3
TCGA-TM-A84F-01A,-63.1375207968117,37.9157578690387,93.5317271006282,3
TCGA-TM-A84G-01A,-61.5874418770842,40.2563963653102,83.6051171727591,3
TCGA-TM-A84L-01A,-46.1624608922827,38.3357426305277,79.0417885321314,3
TCGA-TM-A84M-01A,-51.2430064204601,39.4647919499821,88.7141398103369,3
TCGA-TM-A84O-01A,-53.6841122173426,42.0888531037821,84.2099793030013,3
TCGA-TM-A84S-01A,-57.3149898883122,44.9195188838228,88.6985963384127,3
TCGA-TQ-A7RF-01A,-55.5576379082558,35.1208749970044,82.6880742683385,3
TCGA-TQ-A7RG-01A,-50.3398409770014,45.0951673646095,89.0687582256042,3
TCGA-TQ-A7RI-01A,-55.0568510327527,44.4445251881453,87.3810145117217,3
TCGA-TQ-A7RN-01A,-52.1980679534149,42.4406425375111,87.4241671050011,3
TCGA-TQ-A7RQ-01A,-51.1312333013627,40.9859913135359,78.3864094946236,3
TCGA-TQ-A7RS-01A,-58.5284121595728,44.5665347975928,87.1377692996078,3
TCGA-VM-A8C9-01A,-59.2871483670815,44.5074231597648,92.3803443071531,3
TCGA-VM-A8CA-01A,-59.3190663401735,43.5308542100782,92.523842806938,3
TCGA-VM-A8CB-01A,-54.8523947406486,44.12796557674,90.272446914665,3
TCGA-VM-A8CE-01A,-56.0484733306029,44.3833612965916,87.9344811533561,3
TCGA-VM-A8CF-01A,-50.6512585597055,45.3930206374112,91.814257098325,3
TCGA-VV-A829-01A,-60.2971576331228,40.4973600993909,92.8771689403884,3
TCGA-VW-A7QS-01A,-49.4043580575584,38.462169626606,79.4516245668087,3
TCGA-W9-A837-01A,-52.4323597916701,38.7621244375982,84.478009130602,3
TCGA-WY-A858-01A,-53.8535554640392,44.2433480951202,94.4423772573896,3
TCGA-WY-A85D-01A,-60.8610555104346,43.459871192064,90.1335982336357,3
