Sample,X,Y,Z,Cluster
TCGA-CS-4938-01B,-48.3589033741095,-86.0507602378661,78.1490791522109,1
TCGA-CS-4942-01A,-38.8989486402661,-85.0172546273051,78.433352414799,1
TCGA-CS-6290-01A,-45.314167094508,-84.1939759457549,81.8255060832504,1
TCGA-CS-6670-01A,-44.1262872766541,-84.537312811054,84.1397745962052,1
TCGA-DB-5273-01A,-49.2059135445555,-84.8722102797213,80.5540301536575,1
TCGA-DB-5278-01A,-44.0414358064877,-84.0884322725641,83.6445371744124,1
TCGA-DB-5280-01A,-39.2798993651974,-83.818380789842,80.4161857824598,1
TCGA-DB-A4X9-01A,-42.7707620109898,-80.7680928295891,79.7228758144246,1
TCGA-DB-A4XA-01A,-48.2354999202828,-83.9057675185784,82.8676204707215,1
TCGA-DB-A4XC-01A,-45.0461257860327,-83.259656863632,81.4144637728566,1
TCGA-DB-A4XD-01A,-39.7859246031002,-82.4797251982878,75.9545160699661,1
TCGA-DB-A4XE-01A,-39.8917778790623,-80.8333603090197,78.2084855596197,1
TCGA-DB-A64Q-01A,-50.4248215546295,-85.0360473785939,78.7221826422909,1
TCGA-DB-A64R-01A,-37.0395628737395,-86.5825846736079,73.6000834536354,1
TCGA-DB-A64S-01A,-37.7913518930868,-84.8119089035748,73.7699845930968,1
TCGA-DB-A64U-01A,-38.2580786467613,-85.6622762403717,75.2482963126617,1
TCGA-DB-A75M-01A,-43.2546881645322,-82.5369931004662,81.8966170473111,1
TCGA-DB-A75O-01A,-46.7903961002312,-87.1074471469112,78.2445407009308,1
TCGA-DH-5143-01A,-49.7525661101764,-86.0049936255468,78.8142233362147,1
TCGA-DH-A66D-01A,-48.4322248475138,-82.3103357350846,82.8563337031671,1
TCGA-DH-A66F-01A,-45.8099293058882,-83.896234510973,82.6563568567395,1
TCGA-DH-A7US-01A,-45.2035518409826,-83.6083000477292,82.604063324672,1
TCGA-DH-A7UT-01A,-45.9651052207754,-87.5413426860364,77.6334353188189,1
TCGA-DU-5853-01A,-39.9349743785095,-83.4236514318304,79.6861889243159,1
TCGA-DU-5871-01A,-34.59425523873,-83.667074171395,72.6947776882007,1
TCGA-DU-6395-01A,-38.8398944905669,-84.4553969676855,74.530556672345,1
TCGA-DU-6399-01A,-39.0609450214696,-84.3525798013168,78.526276669753,1
TCGA-DU-7008-01A,-39.7191156369428,-84.2822266841892,73.0538901863776,1
TCGA-DU-7009-01A,-32.309409629473,-86.1055445499747,76.5382219881988,1
TCGA-DU-7011-01A,-51.1954863700711,-85.1737396572794,77.7807653443494,1
TCGA-DU-7015-01A,-38.7032460988243,-85.6335462776258,73.8140056478566,1
TCGA-DU-8163-01A,-38.3670211379944,-85.488909649649,74.4913653282302,1
TCGA-DU-8166-01A,-39.7278632875127,-83.5988333424857,80.6457546358636,1
TCGA-DU-8167-01A,-35.5101422983772,-82.0424604107425,73.3055177870046,1
TCGA-DU-A6S6-01A,-49.0992396240354,-84.1356327268262,81.9605691132459,1
TCGA-DU-A76O-01A,-38.6171737952468,-79.8569894962823,75.2853757500761,1
TCGA-DU-A7T8-01A,-39.2924895020834,-82.9730835250544,75.8825081212381,1
TCGA-DU-A7TI-01A,-43.1876120470987,-86.055436819199,82.1188319867387,1
TCGA-E1-5303-01A,-46.8346219346232,-87.0804348292535,78.2243935561336,1
TCGA-E1-5322-01A,-44.739510556455,-80.0958052421284,77.9067752137197,1
TCGA-E1-A7YO-01A,-51.9479557529002,-82.8612767146029,81.4036866962511,1
TCGA-E1-A7YU-01A,-46.9389919143974,-81.5753536804559,82.4853679126312,1
TCGA-E1-A7YW-01A,-43.4140416178673,-81.8798527520516,80.7130529105538,1
TCGA-E1-A7Z4-01A,-39.8021314227731,-81.8096445092512,75.083024647427,1
TCGA-E1-A7Z6-01A,-42.2077646914238,-82.143356230706,80.6985393076668,1
TCGA-EZ-7264-01A,-35.5726932655397,-87.1857435079656,74.5291017688194,1
TCGA-F6-A8O4-01A,-50.0332168294981,-86.7396809906487,77.3306802868815,1
TCGA-FG-5965-01B,-44.0171737725812,-86.1973743745813,84.6638459120673,1
TCGA-FG-6690-01A,-41.5926438794941,-82.9744521910803,80.8322384842698,1
TCGA-FG-7636-01A,-41.9217863518856,-83.9715859151267,79.9212995541703,1
TCGA-FG-7641-01B,-51.6024940213909,-84.1603733310556,79.9385501537238,1
TCGA-FG-8182-01A,-38.7750875970051,-82.9142483891355,74.2746114319592,1
TCGA-FG-8186-01A,-43.6595076270816,-83.2033002369561,80.9296986118513,1
TCGA-FG-8187-01A,-44.8129309699068,-84.4292824545167,82.4175853851016,1
TCGA-FG-8188-01A,-37.6468714385488,-84.845644408855,73.6035370849674,1
TCGA-FG-8191-01A,-44.5415669424574,-85.0473168764026,78.0869582644695,1
TCGA-FG-A60J-01A,-40.1969056079846,-81.3323095953226,77.1739372070825,1
TCGA-FG-A60K-01A,-43.3728787564296,-83.705609427226,83.6540903410683,1
TCGA-FG-A710-01A,-49.5355479743775,-83.7681089449596,82.5922937557953,1
TCGA-FG-A711-01A,-44.0816971538889,-82.5435501057135,80.172738026019,1
TCGA-HT-7468-01A,-35.4306662311406,-87.2488027078877,74.5553399071601,1
TCGA-HT-7479-01A,-47.0430577125137,-84.8646732190321,78.4168104002672,1
TCGA-HT-7480-01A,-38.3860359107259,-83.3885856090062,81.7337003690603,1
TCGA-HT-7482-01A,-44.9693710813203,-85.6347670107493,81.7391821358416,1
TCGA-HT-7485-01A,-43.4694574440672,-83.7621555608254,82.7035166801372,1
TCGA-HT-7602-01A,-47.6919954551705,-84.6191003030087,81.2279837177944,1
TCGA-HT-7605-01A,-50.308233413379,-84.8239508346854,80.453442660857,1
TCGA-HT-7611-01A,-38.0306842994603,-83.6869801651151,80.8524383230124,1
TCGA-HT-7676-01A,-42.0295053959322,-83.1556117050381,81.3463541437828,1
TCGA-HT-7677-01A,-31.995199894585,-86.4435563066165,77.158524450726,1
TCGA-HT-7690-01A,-42.2717317243001,-80.6863716968267,78.758339766943,1
TCGA-HT-7695-01A,-51.7063040765218,-84.2196044184318,79.7096707590445,1
TCGA-HT-7858-01A,-35.6274805838757,-85.81339681278,72.9394800086623,1
TCGA-HT-7873-01B,-38.5861885683857,-83.5771855566957,74.126223609103,1
TCGA-HT-7875-01A,-44.1500437505557,-85.9795723765618,84.1722966232348,1
TCGA-HT-7877-01A,-32.3849925993929,-85.9216238555735,76.2666696392001,1
TCGA-HT-7879-01A,-38.8236521533044,-79.8611721550101,75.3969416192146,1
TCGA-HT-7884-01B,-47.227723532606,-82.2020459749763,82.7113975976251,1
TCGA-HT-7902-01A,-46.8807870831204,-84.9991894249544,79.1980857612176,1
TCGA-HT-8012-01A,-36.5310195123692,-78.4679748855626,74.5520389383536,1
TCGA-HT-8013-01A,-35.442197955416,-84.5486686163493,72.8806839078552,1
TCGA-HT-8108-01A,-36.1601042538054,-84.7927628211619,73.019144473416,1
TCGA-HT-A4DV-01A,-50.3333474005068,-84.1860572178305,81.8997987571166,1
TCGA-HT-A5R5-01A,-49.7824913360771,-86.4290895925736,81.1133678392505,1
TCGA-HT-A5RB-01A,-32.6458370115803,-85.293936801543,75.27610634098,1
TCGA-HT-A614-01A,-45.2642898985508,-82.5790851928529,82.8509740658677,1
TCGA-HT-A616-01A,-50.2167684614925,-85.2641194808155,80.4035181766543,1
TCGA-HT-A74L-01A,-39.1198792615665,-84.2714020554008,73.7740797466487,1
TCGA-HW-7495-01A,-48.8851144391565,-84.6119391418993,81.3848988035679,1
TCGA-HW-8319-01A,-39.2313688665734,-83.9108808483108,81.2070288909977,1
TCGA-HW-8322-01A,-37.3724639035978,-86.676090509765,73.9979194593774,1
TCGA-P5-A5ET-01A,-39.1701944628101,-84.3110522525759,80.7726823801197,1
TCGA-P5-A5EW-01A,-43.3383924715511,-84.1280483121806,81.5092627234938,1
TCGA-P5-A72X-01A,-39.7748092036486,-80.45818223211,78.7209853377019,1
TCGA-P5-A731-01A,-50.0419914573151,-86.863896172422,80.3033842795436,1
TCGA-P5-A735-01A,-34.9672043494852,-82.0514850476766,72.9705234421982,1
TCGA-P5-A736-01A,-49.3825424760244,-85.6874651206425,81.117686066352,1
TCGA-P5-A737-01A,-36.649374866028,-85.905865305162,73.4497830375454,1
TCGA-P5-A77X-01A,-43.6907732140164,-86.7985132711159,82.2696855194216,1
TCGA-P5-A781-01A,-44.3988162633106,-85.3163450782349,83.4524413354031,1
TCGA-QH-A65S-01A,-38.9538386361073,-85.6933623500518,79.1220805859506,1
TCGA-QH-A65V-01A,-49.016895143431,-84.7975446369585,81.3459455430088,1
TCGA-QH-A65Z-01A,-38.1802566290275,-82.00400793135,81.7752047708678,1
TCGA-QH-A6CW-01A,-39.3100007659721,-81.8454744460113,75.5588813394407,1
TCGA-QH-A6X5-01A,-44.7643598271844,-82.7578626643032,82.7815990653578,1
TCGA-QH-A6X9-01A,-42.9676764791363,-80.2655442820658,79.7304876059354,1
TCGA-QH-A6XA-01A,-41.8372243387778,-82.8948455027858,80.9273526204999,1
TCGA-QH-A86X-01A,-47.694050320628,-83.9902885646688,82.8421698843812,1
TCGA-QH-A870-01A,-42.2362232205507,-84.7457988256571,79.3928621623303,1
TCGA-R8-A6ML-01A,-39.1866457748117,-85.143590757692,79.9837699477873,1
TCGA-R8-A73M-01A,-36.1745868250435,-80.4798729928028,75.0593204536426,1
TCGA-RY-A843-01A,-49.5200442203917,-85.9540532014844,82.7455481183398,1
TCGA-RY-A845-01A,-42.9801559017869,-83.1674126607254,81.7760837142779,1
TCGA-RY-A847-01A,-44.9577898925423,-84.0241584285253,82.4171065921416,1
TCGA-S9-A6TS-01A,-35.1223774196399,-81.5543771376465,72.3819811240889,1
TCGA-S9-A6TX-01A,-36.7614291152778,-79.3050887307031,74.9817538852791,1
TCGA-S9-A6U1-01A,-35.7183939301881,-84.5322637495393,72.917085541853,1
TCGA-S9-A6U2-01A,-38.1589223064465,-86.3369682769552,75.2226106017413,1
TCGA-S9-A6U5-01A,-49.0549284371026,-84.3540877635198,81.7924447920379,1
TCGA-S9-A6U6-01A,-40.7077866156721,-81.3170175448162,74.7387928976873,1
TCGA-S9-A6U8-01A,-38.4899040828754,-84.9654901736976,74.3350450867571,1
TCGA-S9-A6U9-01A,-40.218338413722,-82.2967669195429,74.7540141752479,1
TCGA-S9-A6WE-01A,-38.5212284123173,-85.3967308012386,77.0235384437236,1
TCGA-S9-A6WO-01A,-40.116763349542,-83.1242942036189,74.4849601264981,1
TCGA-S9-A7IY-01A,-49.5694662916721,-85.4204976508132,81.42914863765,1
TCGA-S9-A7J2-01A,-38.2696813525238,-83.2282288617193,81.7915400430488,1
TCGA-S9-A7QW-01A,-43.5179452353366,-81.731425177503,82.4887007170309,1
TCGA-S9-A7R1-01A,-51.8139524555682,-83.0428052125341,81.3602919916337,1
TCGA-TM-A7C3-01A,-44.6455532170006,-79.6269366892203,81.9586329786059,1
TCGA-TM-A7CA-01A,-46.5315581404836,-81.8527393052034,79.6941063564805,1
TCGA-TM-A7CF-01A,-43.8450230290686,-80.480265911907,78.2303355247698,1
TCGA-TM-A84H-01A,-33.2531767264605,-81.720978672218,73.1217560316392,1
TCGA-TM-A84L-01A,-49.5859099087608,-86.3050386853262,79.3362995010065,1
TCGA-TM-A84S-01A,-43.3644559798368,-84.0828110818748,83.3124562409377,1
TCGA-TM-A84T-01A,-38.0998889802017,-81.6775981262475,74.8243127543292,1
TCGA-TQ-A7RG-01A,-44.4626203550779,-84.5319118531064,84.5401123036221,1
TCGA-TQ-A7RH-01A,-36.9083722624177,-78.8437622703366,74.7871061625745,1
TCGA-TQ-A7RI-01A,-41.4226607482277,-84.2645750138243,83.22408054652,1
TCGA-TQ-A7RJ-01A,-39.865747931386,-82.1739116390107,76.2829940063858,1
TCGA-TQ-A7RK-01A,-33.689681043,-81.885009161252,73.0157988174956,1
TCGA-TQ-A7RN-01A,-37.5219063978829,-86.5423417793521,74.0538853727075,1
TCGA-TQ-A7RR-01A,-43.1073868883115,-84.4079583328567,80.8249803541616,1
TCGA-TQ-A7RS-01A,-36.7225057094831,-78.7801636009452,74.7357273398504,1
TCGA-TQ-A7RV-01A,-34.140502898818,-82.1962244519332,72.6963153278117,1
TCGA-VM-A8C8-01A,-39.8840217185677,-81.7466554971648,76.4829156509999,1
TCGA-VM-A8CE-01A,-44.2658161261558,-83.7325286033604,83.4166967233351,1
TCGA-VM-A8CH-01A,-33.7477863314498,-82.3152890518174,72.7047644872942,1
TCGA-W9-A837-01A,-50.6172041651147,-85.4441176042765,78.5503721646341,1
TCGA-WY-A85A-01A,-37.5716405482514,-83.1405308366565,81.788302571295,1
TCGA-WY-A85D-01A,-42.6403717785054,-82.3198912817595,81.22731756054,1
TCGA-CS-4943-01A,50.4174545907646,42.6621423037206,-20.2681355713314,2
TCGA-CS-5390-01A,50.2771007569316,43.833862937613,-17.3655731857248,2
TCGA-CS-5393-01A,54.2582313671154,33.185525455485,-22.98564106942,2
TCGA-CS-5394-01A,53.1609529926217,40.2888348285757,-24.0131872758909,2
TCGA-CS-6186-01A,48.4766871233318,48.7407765152505,-25.069782153651,2
TCGA-CS-6666-01A,50.0056432438389,40.6290222820422,-23.7855129572101,2
TCGA-CS-6667-01A,50.6562402739237,43.3454086561338,-24.7291702860569,2
TCGA-CS-6668-01A,50.9487647291458,40.1819641916484,-21.1940726144558,2
TCGA-DB-5274-01A,54.0014198113629,40.975076908875,-18.4859535333557,2
TCGA-DB-5277-01A,51.0728418424666,27.8245284676416,-25.4212492338465,2
TCGA-DB-5279-01A,39.4438185336062,44.2733556112682,-14.7742134671889,2
TCGA-DB-A4XB-01A,49.4773504129161,44.2988088870328,-19.423806603419,2
TCGA-DB-A4XG-01A,51.3292713294627,42.9001307503283,-23.3313522395815,2
TCGA-DB-A4XH-01A,53.5989672746951,37.6171712126792,-25.8936364105659,2
TCGA-DB-A64W-01A,53.3902061789216,28.4146094880083,-25.6337942541319,2
TCGA-DB-A64X-01A,44.93351049078,46.7911917525566,-20.7852693683716,2
TCGA-DB-A75K-01A,52.0115631213525,46.8968735025563,-24.279486244521,2
TCGA-DH-5140-01A,54.3892050883559,30.8842268955721,-21.7956403865847,2
TCGA-DH-5141-01A,41.1014851978641,44.200319262678,-15.9164695674094,2
TCGA-DH-5142-01A,44.8327094047082,45.2491506854822,-18.5979911256947,2
TCGA-DH-5144-01A,42.3152647841873,44.1090098682302,-16.6185932364846,2
TCGA-DH-A669-01A,52.8404202789326,43.5501166359714,-17.4454180561111,2
TCGA-DH-A66B-01A,52.5952255248118,26.5618276227179,-25.7744239095781,2
TCGA-DH-A7UR-01A,52.9885687523216,31.5735398177302,-24.3891974796853,2
TCGA-DH-A7UU-01A,51.1329978587049,41.550962743585,-25.2361005979077,2
TCGA-DH-A7UV-01A,43.9868156501508,46.4875147612489,-19.2239563816177,2
TCGA-DU-5847-01A,57.1269911429248,30.0887943276525,-24.0671328311324,2
TCGA-DU-5854-01A,55.9448610799117,27.3811321767211,-23.244649608712,2
TCGA-DU-5872-01A,55.4625739713481,30.7118377154558,-23.860628904208,2
TCGA-DU-5874-01A,53.173646906694,41.5203557735617,-22.5583393693533,2
TCGA-DU-6392-01A,56.0385810708281,38.9134115293954,-19.7241993045693,2
TCGA-DU-6393-01A,54.6299726076408,40.0965499740726,-18.4780586833003,2
TCGA-DU-6394-01A,53.9482675961665,41.2681391967307,-22.5490088190329,2
TCGA-DU-6396-01A,51.5798786567449,27.6374826344781,-25.1357852375389,2
TCGA-DU-6400-01A,53.1140149314867,31.2517071897429,-25.8100281512893,2
TCGA-DU-6401-01A,50.7559903540094,45.8788820545987,-24.3779133198447,2
TCGA-DU-6402-01A,58.0235514100509,28.8615023651201,-22.0398788555142,2
TCGA-DU-6403-01A,53.9521813790957,28.8459402409175,-24.5769125886935,2
TCGA-DU-6405-01A,54.9221138843783,31.1239735125136,-23.7700473958962,2
TCGA-DU-6406-01A,55.2735315358711,38.4712308450815,-20.9635021802594,2
TCGA-DU-6407-01A,50.3523604574864,43.4859520453141,-24.7315866450934,2
TCGA-DU-6408-01A,45.59966615059,45.1959578094433,-19.3422294818884,2
TCGA-DU-6410-01A,53.5551358286422,40.2384365310134,-23.8999215076905,2
TCGA-DU-7006-01A,53.8744792125732,31.0957255332791,-17.5421534673577,2
TCGA-DU-7007-01A,57.7482239123753,35.7757325905157,-22.1642618186196,2
TCGA-DU-7010-01A,55.4938361514799,35.5768755552649,-22.71983513329,2
TCGA-DU-7012-01A,58.7145053830382,29.5540469373744,-24.1916305887873,2
TCGA-DU-7013-01A,55.245385136896,35.3978718010389,-22.6181409976896,2
TCGA-DU-7018-01A,50.5473420136858,43.6976981525029,-17.9885942779385,2
TCGA-DU-7290-01A,58.7198566509527,30.4665346556277,-24.3588840918262,2
TCGA-DU-7294-01A,42.0614148200092,43.6289239253949,-16.3266178812172,2
TCGA-DU-7298-01A,53.1347697180866,27.8518491290288,-24.1797790681537,2
TCGA-DU-7299-01A,53.056957700164,28.6054827963982,-25.4443999136708,2
TCGA-DU-7301-01A,53.3592852527872,35.8423245028394,-23.1102269645901,2
TCGA-DU-8158-01A,59.4134429043052,30.4403606461847,-24.967165450404,2
TCGA-DU-8164-01A,51.3629743180955,28.5740650510677,-24.991040371061,2
TCGA-DU-8165-01A,40.0670242888028,44.7463772141251,-15.3728171573245,2
TCGA-DU-8168-01A,54.0747282966727,40.5177412921123,-23.3562439871969,2
TCGA-DU-A5TP-01A,56.4967177999252,40.4464448572509,-18.8475892255034,2
TCGA-DU-A5TR-01A,54.7324918244969,24.4147501508603,-21.2028727540086,2
TCGA-DU-A5TS-01A,48.6508872462921,44.4369873598842,-23.3887710596372,2
TCGA-DU-A5TT-01A,60.1475118007236,23.5093516672547,-22.1789136045822,2
TCGA-DU-A5TW-01A,47.4430744930006,48.6362297421022,-22.4113346483129,2
TCGA-DU-A5TY-01A,61.3034047124266,35.4778975756069,-19.9460866936184,2
TCGA-DU-A6S3-01A,52.3565360960495,49.7415970002914,-25.5975068939449,2
TCGA-DU-A6S7-01A,44.9948711118696,46.7451114400648,-20.4137568094838,2
TCGA-DU-A6S8-01A,54.9857577330753,41.6867468290654,-17.993304811473,2
TCGA-DU-A76L-01A,58.9289150170646,28.3690696612266,-23.7487752228814,2
TCGA-DU-A7T6-01A,56.0764667373802,40.9939931430292,-19.5024053359614,2
TCGA-DU-A7TA-01A,50.002355043159,49.2753654220451,-25.3959107297112,2
TCGA-DU-A7TD-01A,57.4682305828911,36.8413227827852,-21.2118113619575,2
TCGA-DU-A7TJ-01A,57.0370172622643,36.4637657296409,-21.8229179994435,2
TCGA-E1-5304-01A,48.3643314568119,48.8742574718562,-22.8062928623274,2
TCGA-E1-5307-01A,54.3427328628499,32.2212274965897,-23.0851206022164,2
TCGA-E1-5311-01A,54.0787438789896,30.6010429682166,-24.5310632757966,2
TCGA-E1-5318-01A,50.7954766850565,42.6734112068835,-20.9492719332698,2
TCGA-E1-A7YD-01A,57.4835446287751,46.0639594479108,-22.4766168311085,2
TCGA-E1-A7YE-01A,51.6665523974477,40.4972929821716,-24.2630344866902,2
TCGA-E1-A7YI-01A,51.4647885251381,40.2542732217805,-21.3976948633383,2
TCGA-E1-A7YJ-01A,57.7800043492633,23.7526083344137,-22.3419541850797,2
TCGA-E1-A7YL-01A,58.6558182934212,28.7742473211376,-23.6137681424128,2
TCGA-E1-A7YM-01A,57.7853928524221,26.9241480998068,-22.6551440453805,2
TCGA-E1-A7YQ-01A,56.4384915514674,36.2915244400441,-20.0815873004497,2
TCGA-E1-A7YS-01A,52.1072911557827,42.331791916705,-22.94830576614,2
TCGA-E1-A7YV-01A,53.5867166518536,26.4258344003776,-23.3802215082513,2
TCGA-F6-A8O3-01A,43.9183857552184,42.4584928456108,-17.4503793666918,2
TCGA-FG-5964-01A,54.128958907817,28.5171403940058,-25.5705035980701,2
TCGA-FG-6688-01A,58.0462536465785,29.7215372044678,-23.6354380922824,2
TCGA-FG-6691-01A,41.481117494016,45.5105441218335,-16.6034955646843,2
TCGA-FG-6692-01A,57.0258393079136,36.3767148361921,-21.3721886217693,2
TCGA-FG-7634-01A,43.6231018656742,42.8754295982037,-17.3020094198549,2
TCGA-FG-7637-01A,39.3279088708184,43.6397822430839,-14.4708216760877,2
TCGA-FG-A4MT-01A,46.7251434365601,48.4069316342268,-22.1786280470844,2
TCGA-FG-A4MU-01B,56.0886485619735,38.9705626993363,-19.4836146988873,2
TCGA-FG-A4MW-01A,57.883880584758,23.8568105789878,-22.3503888683428,2
TCGA-FG-A4MX-01A,52.0033270798513,48.8701424746552,-25.276176739678,2
TCGA-FG-A60L-01A,53.4604004491826,24.8362647811946,-26.6212678987624,2
TCGA-FG-A6IZ-01A,48.142343861382,41.7721992480736,-20.6958438943809,2
TCGA-FG-A6J1-01A,50.7797021841208,39.9035489860549,-22.2772711993863,2
TCGA-FG-A6J3-01A,58.0696051551958,29.0337966046938,-22.4363475768963,2
TCGA-FG-A70Y-01A,58.2177687551343,32.6599191113877,-23.27693092748,2
TCGA-FG-A87N-01A,53.0085008907768,31.5288167572505,-25.4833667887761,2
TCGA-FG-A87Q-01A,59.9465665277967,22.793213233303,-22.0301002384002,2
TCGA-FN-7833-01A,44.4879941495476,40.4084191180952,-17.7553274086633,2
TCGA-HT-7469-01A,49.2068791947791,49.1075879614176,-25.2974589506765,2
TCGA-HT-7471-01A,52.0903259545448,39.9377042507469,-24.4031054831725,2
TCGA-HT-7473-01A,39.7689030157807,44.5131373840616,-15.0842262866685,2
TCGA-HT-7477-01B,53.191108876586,43.1929732633496,-25.5632849441254,2
TCGA-HT-7483-01A,41.5651901690994,42.7141051072647,-15.6633763481754,2
TCGA-HT-7604-01A,42.5926800155831,45.1863931942438,-17.1358715753983,2
TCGA-HT-7606-01A,51.6964607906216,45.159147954468,-20.7501408784339,2
TCGA-HT-7609-01A,45.3442152356079,46.3054556008924,-18.9230429372122,2
TCGA-HT-7620-01A,56.5963072380627,32.237219333953,-26.8548163174862,2
TCGA-HT-7687-01A,51.6890894386472,28.1616793921487,-25.5658360172117,2
TCGA-HT-7689-01A,54.0533385410618,33.9486431010291,-23.0572744636345,2
TCGA-HT-7692-01A,45.0264712289879,46.3539646788284,-18.390507302316,2
TCGA-HT-7693-01A,50.8911526184489,43.918099232371,-23.938380926846,2
TCGA-HT-7855-01A,52.9774520094305,42.8056067286279,-25.6649930255928,2
TCGA-HT-7857-01A,58.6460661902919,31.2938161582023,-23.6169945805349,2
TCGA-HT-7860-01A,55.8001562596258,35.3134333194132,-21.1105942223991,2
TCGA-HT-7882-01A,61.9146900467914,35.7587582052172,-19.7277160124665,2
TCGA-HT-8011-01A,54.1325839096546,35.210366522557,-23.0841683726339,2
TCGA-HT-8104-01A,58.4131752343136,29.3604318155434,-23.8957876142211,2
TCGA-HT-8105-01A,53.1540021196084,28.4635475352295,-25.738444208494,2
TCGA-HT-8563-01A,53.8724588786795,31.0568719395777,-17.5093952757931,2
TCGA-HT-A4DS-01A,53.5528885930125,25.1870279195222,-23.4166625654614,2
TCGA-HT-A5R9-01A,52.6634028466697,41.7856434774557,-23.1479178111805,2
TCGA-HT-A5RC-01A,56.0580973377522,27.4552001911561,-23.0957539922883,2
TCGA-HT-A615-01A,43.8658747944624,41.6643406910706,-17.3799649861184,2
TCGA-HT-A619-01A,53.933006831433,41.0497954406846,-18.5563112007839,2
TCGA-HT-A61B-01A,50.5831700703195,43.5783096643484,-24.5659528610834,2
TCGA-HT-A61C-01A,53.2931881620538,31.0442043793898,-25.9711459332154,2
TCGA-HT-A74K-01A,54.7070951139633,22.9217777216011,-23.4588786015782,2
TCGA-HT-A74O-01A,51.9042664879979,47.8841382888941,-25.5563086720351,2
TCGA-HW-7486-01A,40.9530497629224,43.9851401539581,-15.6988979367302,2
TCGA-HW-7490-01A,54.8987895893892,30.7214685493009,-22.026097551598,2
TCGA-HW-7491-01A,53.8837906071054,35.0931780430344,-23.2092744046039,2
TCGA-HW-8320-01A,45.0509976891536,45.8912645318094,-18.8375241486768,2
TCGA-HW-8321-01A,53.3369024394453,27.1464683804648,-23.77869747215,2
TCGA-HW-A5KJ-01A,54.7290848033141,23.0065000303596,-23.4507785044824,2
TCGA-HW-A5KL-01A,42.2422873164915,45.8495639844232,-17.2808904399034,2
TCGA-IK-7675-01A,57.2068041208049,41.3545404620161,-19.9489153869121,2
TCGA-KT-A74X-01A,48.9102782890415,42.850226143727,-20.0043581556252,2
TCGA-KT-A7W1-01A,55.8428874416167,35.91886334226,-21.1476860063228,2
TCGA-P5-A5EU-01A,51.6918394791168,29.0825217112037,-24.2481287528882,2
TCGA-P5-A5EV-01A,54.7173926007827,38.8702033003172,-21.7252482579016,2
TCGA-P5-A5EZ-01A,50.6203924686675,41.4254699904758,-25.2820784223635,2
TCGA-P5-A5F2-01A,55.5436364197981,29.9463831171356,-21.281398973688,2
TCGA-P5-A5F6-01A,57.4769500832634,46.0822582627673,-22.4769436091728,2
TCGA-P5-A72U-01A,58.1454327207209,26.5411102701886,-22.6285973492012,2
TCGA-P5-A72W-01A,50.6410643748207,49.5897849876809,-25.7696190714994,2
TCGA-P5-A72Z-01A,52.575217386666,43.5611084183224,-17.4830900696289,2
TCGA-P5-A730-01A,52.3295216253554,32.2590118838638,-23.7262149636926,2
TCGA-P5-A77W-01A,52.7165817954776,42.9334341210192,-22.4631630990544,2
TCGA-P5-A780-01A,52.6763189241863,25.9969003058285,-25.648017174149,2
TCGA-QH-A65R-01A,53.1899473800401,32.0639055916489,-23.7053878146166,2
TCGA-QH-A65X-01A,53.828550871136,43.8908722692811,-25.6379586661624,2
TCGA-QH-A6CV-01A,61.1793665016679,35.5112877534019,-19.9213978095931,2
TCGA-QH-A6CZ-01A,43.8488677051628,40.952593018291,-17.3175400517477,2
TCGA-QH-A6X3-01A,46.5110510055197,48.5675380425445,-23.6509703776593,2
TCGA-QH-A6X4-01A,50.9732119149578,44.962895461862,-24.2690787857392,2
TCGA-QH-A6X8-01A,51.4785870257775,40.2559014250991,-21.4230369382607,2
TCGA-QH-A6XC-01A,57.9403770380681,23.7769396642772,-22.3457102250602,2
TCGA-R8-A6MK-01A,51.105619152723,26.6695243429892,-26.1745173572357,2
TCGA-R8-A6MO-01A,56.0922252544114,40.6739787976181,-19.2511406029607,2
TCGA-R8-A6YH-01A,45.1620386795161,47.3209852141765,-20.4674302711542,2
TCGA-RY-A83X-01A,56.1297099599177,40.477206654941,-19.2748673412789,2
TCGA-RY-A83Y-01A,45.5952482567768,45.0733973211468,-21.5609856517023,2
TCGA-RY-A83Z-01A,52.0270545160031,48.7100761413323,-25.7087199064912,2
TCGA-S9-A6TU-01A,51.8666356906945,47.4925085042035,-25.485240294783,2
TCGA-S9-A6TV-01A,57.1275547088779,36.398937109635,-21.9716708417113,2
TCGA-S9-A6TY-01A,51.532333769511,28.6665409490892,-24.8506807156446,2
TCGA-S9-A6TZ-01A,54.6890140103998,38.8904955827034,-22.0265528580107,2
TCGA-S9-A6U0-01A,58.3371842532316,31.3802234316024,-23.4804041178894,2
TCGA-S9-A6UA-01A,61.2228683023607,24.8699665872549,-22.5798767732475,2
TCGA-S9-A6UB-01A,44.7319704407931,45.1445524385123,-18.2399720826796,2
TCGA-S9-A6WD-01A,42.9331234288893,45.0846854196054,-17.1222571697489,2
TCGA-S9-A6WG-01A,61.464461696687,34.7388515328143,-20.3596668933861,2
TCGA-S9-A6WH-01A,55.6662592476276,40.8860190089067,-18.8662248891473,2
TCGA-S9-A6WM-01A,61.4384326450697,35.5183995517185,-19.9054451826941,2
TCGA-S9-A6WP-01A,56.0486538615615,40.8020061968443,-19.7964946738583,2
TCGA-S9-A7IS-01A,50.2184856262429,42.9611152405239,-24.1945160296785,2
TCGA-S9-A7J0-01A,52.5009401082127,47.4245647281685,-23.7830662060173,2
TCGA-S9-A7J3-01A,53.3479904367207,30.543008032867,-24.9037703632574,2
TCGA-S9-A7QX-01A,45.0787859029882,46.5528701820644,-19.6933004623366,2
TCGA-S9-A7QY-01A,56.5383270850447,32.1857987321843,-26.7266653007191,2
TCGA-S9-A7QZ-01A,54.9032551656871,40.8998887238081,-18.4557125751717,2
TCGA-S9-A7R2-01A,60.2949730080106,23.7528769028036,-22.2418878553914,2
TCGA-S9-A7R3-01A,41.2235756634098,45.5795640072099,-16.4719219593874,2
TCGA-S9-A7R4-01A,52.3459045382093,42.167947905264,-25.7233028868401,2
TCGA-S9-A7R8-01A,51.4468447544668,46.8731703790774,-25.0216900613244,2
TCGA-S9-A89Z-01A,52.1368428022251,32.2022588018092,-23.7505227079978,2
TCGA-TM-A7C5-01A,48.9372385133995,42.5039913259502,-20.2724706375097,2
TCGA-TM-A84B-01A,56.7676894100663,38.7385429834702,-18.2574948160228,2
TCGA-TM-A84G-01A,49.1638668953348,42.7572460293511,-20.1672008207984,2
TCGA-TM-A84I-01A,51.2400864244787,41.4577903214194,-25.2942379079613,2
TCGA-TM-A84J-01A,51.1004700122784,39.5360515850343,-21.6909873628828,2
TCGA-TM-A84M-01A,50.8429158614946,44.7314400615495,-19.9136937351577,2
TCGA-TM-A84O-01A,56.7028912168315,39.3565120769732,-17.877580876087,2
TCGA-TM-A84Q-01A,52.1820985944599,31.9794119378417,-23.7959764604985,2
TCGA-TQ-A7RF-01A,47.89034147436,48.387405751832,-24.6577036970131,2
TCGA-TQ-A7RM-01A,52.4629605027985,42.2962971847497,-25.293748113841,2
TCGA-TQ-A7RQ-01A,50.5641183935642,43.8196292198101,-17.2041694605505,2
TCGA-TQ-A7RW-01A,55.1051065954073,30.3088726546668,-20.9464666670866,2
TCGA-TQ-A8XE-01A,49.7365090568016,44.1057788404902,-25.9256172239892,2
TCGA-VM-A8C9-01A,59.7121413980502,23.401118428019,-22.1745135619934,2
TCGA-VM-A8CB-01A,52.0317110045034,46.838069588875,-25.6042198205112,2
TCGA-VM-A8CF-01A,46.3806818019597,48.266579602203,-21.8223322799909,2
TCGA-VV-A86M-01A,50.0880027332424,44.1599994032093,-24.4498117918195,2
TCGA-VW-A7QS-01A,52.1609175851548,42.4530949350551,-23.0804164290511,2
TCGA-VW-A8FI-01A,56.2985381824099,23.5401627836069,-22.858821247274,2
TCGA-WH-A86K-01A,44.93799802988,46.560647268892,-21.2374217334044,2
TCGA-WY-A858-01A,52.9743456939448,25.6222022009724,-26.1897356667912,2
TCGA-WY-A85B-01A,45.3446568581818,45.7622770542439,-20.9767575848552,2
TCGA-WY-A85C-01A,51.9926039584765,47.1285529228994,-24.901760708402,2
TCGA-WY-A85E-01A,52.6501780937224,49.0349301073424,-24.3569951069483,2
TCGA-CS-4941-01A,-45.4264089251887,29.7686690741037,-51.8650448552002,3
TCGA-CS-4944-01A,-47.7443004785866,36.3072462815372,-49.0412244529404,3
TCGA-CS-5396-01A,-45.907238862834,30.3329590429305,-55.4964905392444,3
TCGA-CS-5397-01A,-47.6567278838704,34.0764864774829,-50.255495939615,3
TCGA-CS-6188-01A,-46.6899305500159,31.515627671859,-52.0161281736888,3
TCGA-CS-6669-01A,-47.1294025005873,37.7393456509927,-55.1535505664578,3
TCGA-DB-5281-01A,-47.7603900131452,31.7763949551311,-52.7441918150195,3
TCGA-DB-A4XF-01A,-50.7953326823274,34.9016729705211,-52.8110170903717,3
TCGA-DB-A64L-01A,-50.1753908563938,34.5405902898896,-52.6252743230914,3
TCGA-DB-A64O-01A,-47.1130006162716,33.622514891926,-50.1317555904069,3
TCGA-DB-A64P-01A,-48.7677946078277,32.3523827095896,-47.6487742824261,3
TCGA-DB-A75L-01A,-43.8352024163544,35.3287274514349,-55.6834159153499,3
TCGA-DB-A75P-01A,-51.0497529605204,37.085317956376,-52.4731308241866,3
TCGA-DH-A66G-01A,-49.3951400577412,32.5648038755527,-54.3892438467882,3
TCGA-DU-5849-01A,-49.7611029951945,36.0357202472984,-52.0410107297752,3
TCGA-DU-5852-01A,-46.6971184878312,30.8051491340244,-51.9741995291779,3
TCGA-DU-5855-01A,-50.3099431739059,33.1101212049312,-52.8515112239184,3
TCGA-DU-6397-01A,-48.8320256324963,32.0130736118966,-47.7442713897741,3
TCGA-DU-6404-01A,-45.8594383270735,29.4867543207699,-56.1672403064648,3
TCGA-DU-6542-01A,-48.8660337291514,41.2341468645343,-52.2560614758569,3
TCGA-DU-7014-01A,-44.1160193622131,32.6187718688717,-55.6192560571719,3
TCGA-DU-7019-01A,-47.3213211477975,31.5023416592161,-52.5372637095483,3
TCGA-DU-7292-01A,-48.9981699400485,34.9264297056597,-51.9500884459019,3
TCGA-DU-7300-01A,-47.3040577273449,32.2107774100572,-54.4835993446234,3
TCGA-DU-7302-01A,-47.9714909140289,33.4084539300836,-53.7472160948925,3
TCGA-DU-7304-01A,-44.4470379911215,36.6961605194246,-55.0862163556708,3
TCGA-DU-7306-01A,-49.0282943102787,32.0010556715685,-53.0390745436617,3
TCGA-DU-7309-01A,-46.4466216632164,37.8075362411282,-55.5625545968634,3
TCGA-DU-8161-01A,-46.3061515631998,32.2638113308142,-51.825984502978,3
TCGA-DU-8162-01A,-50.1458300243722,37.2455518386118,-52.2178338761106,3
TCGA-DU-A5TU-01A,-44.331067676503,33.1703475393718,-55.9003193808587,3
TCGA-DU-A76K-01A,-51.3421746896288,35.6062167268119,-53.2608082428902,3
TCGA-DU-A76R-01A,-44.8327112954036,30.1786730922977,-51.7828942736307,3
TCGA-DU-A7TB-01A,-45.1962330504456,30.0429687867405,-55.6781074892266,3
TCGA-DU-A7TG-01A,-48.7589639149012,40.4112683579158,-52.8477549443099,3
TCGA-E1-5305-01A,-44.6032923434619,32.308946705773,-52.2456488627689,3
TCGA-E1-5319-01A,-48.8075415082069,32.9291158718998,-47.4880176338237,3
TCGA-E1-A7YH-01A,-42.1621670821239,35.9506852381614,-56.3253980356605,3
TCGA-E1-A7YK-01A,-46.8477793075872,29.9682336378544,-51.0519244607531,3
TCGA-E1-A7YN-01A,-47.090073002624,34.5642772656134,-49.6642319981673,3
TCGA-E1-A7YY-01A,-50.2325175638139,37.4095800105362,-52.0691031366097,3
TCGA-E1-A7Z2-01A,-44.3937786034521,36.7548973921075,-55.0346234601778,3
TCGA-FG-5962-01B,-50.7739652769777,37.5559438906208,-49.6875794887712,3
TCGA-FG-5963-01A,-45.6214376070325,30.005521775994,-55.7034593144084,3
TCGA-FG-7643-01A,-49.1328386313988,37.6771091330724,-52.3684249364275,3
TCGA-FG-8181-01A,-49.1573505935231,40.4324089310709,-52.7192278507391,3
TCGA-FG-8185-01A,-42.3469465966236,34.6107229364216,-56.9956304044886,3
TCGA-FG-8189-01B,-49.1030962457214,39.6554061956936,-52.6387678453694,3
TCGA-FG-A4MY-01A,-44.1730664385984,33.7443341995703,-55.9871265508838,3
TCGA-FG-A70Z-01A,-45.2793728854799,29.7312232818155,-52.0379498487541,3
TCGA-HT-7467-01A,-47.1890511888413,37.6975951005764,-55.1230423954276,3
TCGA-HT-7472-01A,-48.099006814635,33.3742779219969,-53.7778686920733,3
TCGA-HT-7475-01A,-44.1452297845633,35.8899464666933,-55.3951587497842,3
TCGA-HT-7476-01A,-49.1472559168552,40.6663409049465,-54.6945343038094,3
TCGA-HT-7481-01A,-50.8592542735428,38.2640172511323,-48.6817599303285,3
TCGA-HT-7601-01A,-45.8842193247452,28.9552013866886,-50.4538599100275,3
TCGA-HT-7607-01A,-49.9024304563851,36.982139709839,-51.9878534552687,3
TCGA-HT-7616-01A,-46.931528288287,30.8280867374792,-53.118885057804,3
TCGA-HT-7680-01A,-51.898646841976,37.1221993376174,-50.7799632252885,3
TCGA-HT-7686-01A,-46.8704047736197,31.1881990315743,-50.2865032534902,3
TCGA-HT-7688-01A,-48.7206213055703,38.2639008814718,-53.4059692096382,3
TCGA-HT-7691-01A,-46.1286374243566,33.3363848516298,-49.9035353490301,3
TCGA-HT-7694-01A,-50.4907371083162,37.0687876491529,-51.7313125165243,3
TCGA-HT-7854-01A,-45.6430048253445,33.5948148058959,-49.8077354610769,3
TCGA-HT-7856-01A,-48.7609437586655,38.7257382165261,-53.2528404906102,3
TCGA-HT-8015-01B,-50.1897856618905,36.7423371547326,-51.9815989899438,3
TCGA-HT-8018-01A,-49.5361765665434,39.8584073603554,-53.1369099129625,3
TCGA-HT-8019-01A,-48.8600361074361,40.663067222999,-52.5624765271865,3
TCGA-HT-8107-01A,-47.429439548587,40.684788627061,-53.4680105796914,3
TCGA-HT-8110-01A,-45.6364259661124,30.7573025743978,-50.3914831596063,3
TCGA-HT-8113-01A,-50.4102859522917,37.6123816248054,-51.8297089783325,3
TCGA-HT-8558-01A,-48.7969812961887,40.2180984642434,-53.29113149098,3
TCGA-HT-8564-01A,-46.6179955352215,40.5117526234198,-53.8050365403609,3
TCGA-HT-A5RA-01A,-47.0964333920558,34.1885567778281,-50.9024613470089,3
TCGA-HT-A617-01A,-45.9428558228695,34.0414275051104,-50.6454988280326,3
TCGA-HT-A618-01A,-46.8308545551105,31.0089490449475,-49.8340374840115,3
TCGA-HT-A61A-01A,-50.8053402100926,37.5424945758331,-51.321501033736,3
TCGA-HT-A74H-01A,-46.7511849464254,34.3359086898346,-49.6880001260632,3
TCGA-HW-7487-01A,-49.1242260210856,34.7576736441314,-52.3499498905657,3
TCGA-HW-A5KK-01A,-45.7477565919986,29.3524122545828,-50.7152594406158,3
TCGA-HW-A5KM-01A,-48.5750267896498,33.7788114302794,-49.1162369350745,3
TCGA-IK-8125-01A,-50.8750614237804,37.9772572270351,-48.8670635277615,3
TCGA-P5-A5EX-01A,-46.8518694114967,32.6486064723662,-50.1957780319753,3
TCGA-P5-A5EY-01A,-48.2809707796203,40.9255225059416,-53.0243837833748,3
TCGA-P5-A5F0-01A,-48.0695787569722,33.7775589731057,-54.4888594381149,3
TCGA-QH-A6CS-01A,-45.1307655779995,39.7651525657928,-54.2699654628553,3
TCGA-QH-A6CX-01A,-48.386249656568,32.2070574099785,-51.939162811517,3
TCGA-RY-A840-01A,-43.7278047174666,30.2630558230794,-52.8910454827923,3
TCGA-S9-A6TW-01A,-43.6504751203324,32.2437081213001,-55.4880031258806,3
TCGA-S9-A6WI-01A,-49.286583958795,38.9901032354024,-52.758028081433,3
TCGA-S9-A6WL-01A,-47.1535982160013,31.6772057107569,-53.7224958242379,3
TCGA-S9-A6WN-01A,-47.7926527201955,34.4593167442514,-48.7567726835468,3
TCGA-S9-A7IX-01A,-46.503866359876,33.3763269692902,-50.7728044098848,3
TCGA-S9-A7IZ-01A,-50.3219372343561,33.5086148597361,-52.7697025338881,3
TCGA-S9-A7R7-01A,-44.8766748919421,31.4047576756076,-49.1773964413199,3
TCGA-S9-A89V-01A,-46.7736085483474,41.2541204927031,-53.5749683519055,3
TCGA-TM-A84C-01A,-45.7004583384533,30.5354160923157,-49.5450957417531,3
TCGA-TM-A84R-01A,-48.9044045237625,40.2268981184244,-52.7532583793127,3
TCGA-TQ-A7RO-01A,-47.2167763773869,28.8284791422834,-49.736019055426,3
TCGA-TQ-A7RP-01A,-47.6507532823268,34.4857786840919,-49.7815790853858,3
TCGA-VM-A8CD-01A,-46.5794287920586,32.2372368175167,-51.7535329132507,3
TCGA-VV-A829-01A,-47.5141937729573,33.9757694438482,-55.4286826354468,3
TCGA-WY-A859-01A,-48.9519375725037,41.6812244344088,-51.8807886883365,3
TCGA-CS-5395-01A,2.55126313694203,17.9456344206148,-37.8241667880139,4
TCGA-DB-5270-01A,-4.39548221883785,15.8242178930443,-39.3349600224787,4
TCGA-DB-5275-01A,-5.94640108183103,16.0718059648137,-40.6752773346155,4
TCGA-DB-A64V-01A,-3.02505114077675,18.0543548803299,-39.4402511808598,4
TCGA-DU-5870-01A,-2.9225228366238,16.439060016991,-39.8071348328722,4
TCGA-DU-A6S2-01A,-2.31956414117118,18.0258372035545,-38.7047544162003,4
TCGA-DU-A7TC-01A,-5.07164631355367,18.1076594401641,-35.5605660636609,4
TCGA-E1-5302-01A,0.586461760576895,20.8068654657284,-39.8520553778425,4
TCGA-E1-A7Z3-01A,-5.09790348447653,18.1035331731757,-35.5726756814429,4
TCGA-FG-6689-01A,0.438969256553936,21.1809813356886,-40.7684027825523,4
TCGA-FG-7638-01B,0.382402121741598,19.7735191850089,-40.0029978541439,4
TCGA-FG-A713-01A,-4.64700559351722,15.9910674964411,-39.6253457061993,4
TCGA-HT-7470-01A,-3.44878950693886,16.3304032686918,-39.2871723613069,4
TCGA-HT-7474-01A,0.325260649497409,20.1012262653824,-40.1865784500877,4
TCGA-HT-7478-01A,2.23298979075326,18.4685376564393,-38.4560139219958,4
TCGA-HT-7603-01A,-4.83135658138543,15.6434052981922,-39.2732672999986,4
TCGA-HT-7608-01A,-3.36207410671432,16.4183974208882,-39.6372989171382,4
TCGA-HT-7610-01A,0.165938513236408,17.3841811361591,-37.6846485505378,4
TCGA-HT-7681-01A,1.53881495742434,20.4873700367912,-41.1730465469773,4
TCGA-HT-7684-01A,1.47967815141297,21.1255122973094,-41.0675098733903,4
TCGA-HT-7874-01A,-4.643130975631,15.6403943869414,-39.2498432232201,4
TCGA-HT-7880-01A,-3.19951016954131,17.8969077018852,-37.3604394072893,4
TCGA-HT-7881-01A,-2.58424954617182,17.903019474554,-38.6236221848499,4
TCGA-HT-8010-01A,0.0445278914330558,19.8556326795533,-39.8489505402294,4
TCGA-HT-8109-01A,-3.65077971390927,16.3797562846738,-38.7770845157302,4
TCGA-HT-8111-01A,0.0123752497876108,20.3144181337395,-40.5334803248978,4
TCGA-HT-8114-01A,2.61780755143404,18.0368289081998,-37.9090714185723,4
TCGA-HT-A5R7-01A,-3.84170223313389,17.1968167728055,-37.794208013814,4
TCGA-HT-A74J-01A,2.60713280592358,22.9064454961973,-40.658425219237,4
TCGA-HW-7489-01A,-2.90891320953019,17.9928008627073,-38.1253035864779,4
TCGA-HW-7493-01A,0.234654544946301,17.4458475438205,-37.7557882189031,4
TCGA-P5-A5F1-01A,1.8951932223937,21.1879767558126,-41.3072784079672,4
TCGA-P5-A5F4-01A,-4.55812451788991,17.961371110779,-36.1608300732927,4
TCGA-P5-A733-01A,-3.44932263400268,17.8452742951805,-37.3362972301738,4
TCGA-QH-A6CU-01A,1.61910281201592,21.1568744851445,-41.1819045851666,4
TCGA-QH-A6CY-01A,1.36665340500037,20.4186516932416,-41.1169849973233,4
TCGA-S9-A6WQ-01A,1.62828876571892,21.7175638175818,-41.2597143296508,4
TCGA-S9-A7IQ-01A,-4.1807658676796,16.2659932990411,-39.2769458967094,4
TCGA-S9-A7J1-01A,1.04276461459271,20.2199209725774,-40.8055685305202,4
TCGA-TM-A7C4-01A,-2.2045204812955,18.0547897321295,-38.7491070405322,4
TCGA-TM-A84F-01A,0.970476156274622,19.4803611824538,-39.6404813915564,4
TCGA-VM-A8CA-01A,-4.282997870847,17.9281466331581,-36.4320308518482,4
