Sample,X,Y,Z,Cluster
TCGA-04-1331-01A,-13.7967916462515,11.6445503926208,-9.0304668198328,1
TCGA-04-1343-01A,-19.3280500238986,31.4680019054047,-6.42862051809051,1
TCGA-04-1356-01A,-15.4322051210751,16.6246287500393,-15.366638475886,1
TCGA-04-1362-01A,-19.0656158394937,32.1209185973226,-7.36611643182473,1
TCGA-04-1365-01A,-9.72006856737167,21.2194531759177,-21.988933142899,1
TCGA-04-1514-01A,-10.0023978235956,21.9228492184679,-18.742513850811,1
TCGA-04-1530-01A,-8.91222765167918,17.9321417897769,-17.8622951516132,1
TCGA-04-1648-01A,-13.8763938470254,5.08079707030744,-9.45243892594499,1
TCGA-09-0369-01A,-9.11064247907025,18.2073645529604,-18.1761292839142,1
TCGA-09-1673-01A,-10.2176799059756,13.7197219328017,-16.7795183319737,1
TCGA-09-2045-01A,-16.8225563770018,17.3188611641518,-17.0414288002729,1
TCGA-13-0762-01A,-19.657321584234,28.5955150405386,-6.5891392661006,1
TCGA-13-0768-01A,-9.72792602426889,21.2401224211807,-22.0983484590609,1
TCGA-13-0888-01A,-9.63812063932197,21.0710675675476,-21.2477514357801,1
TCGA-13-0900-01B,-8.13118212546845,21.982840318861,-18.24000045686,1
TCGA-13-0905-01B,-11.9931611961207,15.8981361215703,-2.8298856147058,1
TCGA-13-0906-01A,-4.60297393958349,10.1385218721917,-18.8950763088029,1
TCGA-13-0908-01B,-10.4997093051762,4.65077975736556,-8.92215423423306,1
TCGA-13-1405-01A,-13.742914776715,4.01131189096843,-8.60683685771207,1
TCGA-13-1410-01A,-19.4488791781778,31.931532688342,-6.45096926210518,1
TCGA-13-1411-01A,-7.99758792490483,12.5978036978133,-16.9619508651928,1
TCGA-13-1483-01A,-7.9261668820554,18.5098393615122,-16.3540557019255,1
TCGA-13-1488-01A,-7.85117988388293,18.9196337549424,-15.4747696541074,1
TCGA-13-1495-01A,-8.79958959818108,21.4149816209138,-17.4709715362744,1
TCGA-13-1496-01A,-19.8063547020016,32.55807544492,-6.27693976975124,1
TCGA-13-1499-01A,-3.65533074995167,9.8605260973976,-18.3067569990536,1
TCGA-13-1505-01A,-8.90410274739075,21.4838605551319,-17.6181327335707,1
TCGA-13-1507-01A,-19.7523319251779,32.7680357341623,-6.46907353562476,1
TCGA-13-1511-01A,-13.4007866677742,4.44884753225489,-9.07767093773709,1
TCGA-20-1683-01A,-14.5967176809489,9.75789529370596,-9.65627523160082,1
TCGA-23-1027-01A,-7.81619559028468,17.6261459831273,-17.1136398665218,1
TCGA-23-1114-01B,-14.288190126346,18.3748921175908,-17.8120732405861,1
TCGA-23-1122-01A,-9.66810252122561,16.5713302735431,-17.7886357204023,1
TCGA-23-1809-01A,-13.1147714449348,16.6390477688744,-3.89857583741492,1
TCGA-23-2077-01A,-13.9151486351266,18.459897468032,-17.9687490357436,1
TCGA-24-0970-01B,-9.47942870810499,20.7382829992664,-20.3674947620371,1
TCGA-24-0982-01A,-19.7562902858147,29.0690852471804,-5.8726864756203,1
TCGA-24-1104-01A,-15.4866539011932,7.01181938354447,-8.89239188259077,1
TCGA-24-1417-01A,-12.132499680653,15.8417681476635,-3.04620498508031,1
TCGA-24-1419-01A,-4.9291388145454,10.7565212479016,-19.0073519226213,1
TCGA-24-1422-01A,-13.1907880872742,1.94683980211301,-8.64066309920177,1
TCGA-24-1430-01A,-14.0271601108822,11.0550894324615,-9.34331287289697,1
TCGA-24-1434-01A,-12.4836273209273,4.275640578627,-8.97834616810891,1
TCGA-24-1470-01A,-15.6691929326777,8.38344577114298,-10.1445390571504,1
TCGA-24-1549-01A,-9.14691004776593,12.5149642517685,-14.7130945870377,1
TCGA-24-1550-01A,-16.7624321528362,28.0879890604299,-10.8917984341614,1
TCGA-24-1553-01A,-15.2711075770094,7.9070047105087,-9.51207138125942,1
TCGA-24-1557-01A,-13.5546145230161,2.12822626076267,-8.20834532629847,1
TCGA-24-1558-01A,-19.5308780916468,30.1731091314076,-5.79676650855866,1
TCGA-24-1567-01A,-16.855607264964,28.062004615169,-10.9070256864303,1
TCGA-24-1842-01A,-15.4676777971736,5.85972950275305,-8.12085096833235,1
TCGA-24-1843-01A,-19.2372939963122,32.0866692166908,-6.926704335949,1
TCGA-24-1845-01A,-7.69128261812913,19.6496336409493,-14.7685663943743,1
TCGA-24-1928-01A,-13.4443393200273,2.53058966876811,-8.4652140727842,1
TCGA-24-1930-01A,-19.0186901616935,30.1419153763101,-4.78981940616704,1
TCGA-24-2026-01A,-9.02588320602904,13.8809327312492,-16.7247790167886,1
TCGA-24-2027-01A,-4.46362298359155,10.3338752124728,-19.5788059588404,1
TCGA-24-2035-01A,-13.8295770170482,17.3476925229081,-4.21827351962482,1
TCGA-24-2036-01A,-16.8798827754005,17.3361134194293,-17.1008005171475,1
TCGA-24-2261-01A,-13.9867177960175,17.5317069263737,-4.26870141293475,1
TCGA-24-2262-01A,-11.1057032102963,13.9635039978691,-13.7142305183195,1
TCGA-24-2280-01A,-9.27132795559855,20.8119020761863,-19.5251939951242,1
TCGA-24-2281-01A,-18.4163772859994,31.0758216053642,-8.12923246762604,1
TCGA-24-2289-01A,-9.05998938976171,15.3127223925923,-17.1244918450029,1
TCGA-24-2293-01A,-9.55690417109982,4.52588316013519,-8.86117379435512,1
TCGA-24-2297-01A,-13.4355855228196,12.2559531129072,-9.04230423505895,1
TCGA-25-1315-01A,-19.611012501255,30.1056485277324,-5.99708675688099,1
TCGA-25-1322-01A,-13.1289664872837,2.48594106366649,-8.91081039310022,1
TCGA-25-1323-01A,-18.928998598019,31.1858953810204,-6.75882577894305,1
TCGA-25-1326-01A,-13.197330634041,15.0619446545688,-5.21436874218413,1
TCGA-25-1626-01A,-15.4310317873421,12.9719794513402,-12.2661128415351,1
TCGA-25-1628-01A,-16.1722655793306,17.2195620197269,-16.6768901638741,1
TCGA-25-1635-01A,-8.28596993133959,12.826873728504,-15.9251178323778,1
TCGA-25-2042-01A,-13.3192356850671,14.8914902326554,-5.13718762092012,1
TCGA-25-2391-01A,-14.0135695295386,3.43937746273655,-8.33050078374771,1
TCGA-25-2393-01A,-7.56117079756834,19.5853071324069,-15.0146311789899,1
TCGA-25-2398-01A,-8.78130385571148,17.7396515373238,-17.0978015434664,1
TCGA-25-2400-01A,-16.4367420727945,26.9152871182597,-11.8397763774089,1
TCGA-29-1691-01A,-8.85612171564806,17.9206512125446,-19.0556898845337,1
TCGA-29-1697-01A,-9.07208170569067,20.9163853918336,-19.3160119594131,1
TCGA-29-1710-01A,-19.7697256674221,31.3455482432156,-4.0916453580429,1
TCGA-29-1711-01A,-4.8553657243825,10.4158501422446,-18.5283517759017,1
TCGA-29-1762-01A,-7.42629044110241,19.4185564430214,-15.4326296813048,1
TCGA-29-1763-01A,-13.05225197435,14.6171676785566,-6.7180103755015,1
TCGA-29-1783-01A,-19.4919566324904,29.6372544708794,-5.30938382071971,1
TCGA-29-2425-01A,-7.18522258653183,16.6665051682733,-16.902667464775,1
TCGA-29-A5NZ-01A,-11.458810107725,14.3165733200115,-13.17190844309,1
TCGA-30-1861-01A,-16.635471825606,27.4395506650514,-11.4127687649451,1
TCGA-30-1862-01A,-15.406295456807,17.7706450242926,-17.1796767855189,1
TCGA-31-1953-01A,-8.349459582609,12.912071705342,-16.3893318072949,1
TCGA-31-1956-01A,-15.5223165932242,8.11641817002476,-9.8745620967402,1
TCGA-31-1959-01A,-8.75557726234437,17.1737903476563,-18.7988047586256,1
TCGA-36-1569-01A,-14.3522390858722,10.2782415244093,-9.55613259391516,1
TCGA-36-1574-01A,-8.20456055288527,17.9361108153278,-19.7398042590909,1
TCGA-36-1577-01A,-16.7971553995314,27.9425205572994,-11.0029492424877,1
TCGA-36-1581-01A,-9.95686026396895,13.8313980188577,-15.0160239726351,1
TCGA-57-1585-01A,-11.8889103813412,14.4338331969658,-12.6440017012028,1
TCGA-57-1586-01A,-18.6493144805987,31.0559258444268,-6.77609245999989,1
TCGA-57-1993-01A,-15.0744096064561,12.8167168969825,-12.3578102243019,1
TCGA-57-1994-01A,-15.0284378486493,12.7652837298728,-12.3828268554286,1
TCGA-5X-AA5U-01A,-8.72958962401001,15.7676311624348,-17.1504445138682,1
TCGA-61-1721-01A,-15.486827976719,6.40417070563809,-8.48552612256914,1
TCGA-61-1733-01A,-15.4049402581331,16.5579388327458,-15.2938087714771,1
TCGA-61-1737-01A,-8.81229437810939,17.9892706414348,-19.0696228580113,1
TCGA-61-1741-01A,-14.1294107588762,18.484829340098,-17.9007344546103,1
TCGA-61-1900-01A,-18.0847815725078,30.8167950665284,-8.77586830179163,1
TCGA-61-1911-01A,-19.6496508337411,30.6342813914895,-5.43715793741169,1
TCGA-61-1918-01A,-10.2377388366034,13.7961130808636,-16.9957747749625,1
TCGA-61-2002-01A,-18.9773121573507,30.6029333372703,-4.06417855852,1
TCGA-61-2003-01A,-12.7688787685074,4.16186619541755,-8.89951286102107,1
TCGA-61-2008-01A,-6.75532904012982,16.9897943770328,-16.3173961980308,1
TCGA-61-2012-01A,-10.8685980028763,13.7286513211167,-14.0589980494301,1
TCGA-61-2088-01A,-15.2273681769824,7.32758052806737,-9.25818481905171,1
TCGA-61-2098-01A,-8.36056269043832,15.8275734497103,-17.1024224268283,1
TCGA-61-2102-01A,-13.1395486156133,15.0691710084821,-5.46281157150192,1
TCGA-61-2104-01A,-9.79850108927043,4.54939761616028,-8.89194510179985,1
TCGA-61-2113-01A,-5.08028081552598,10.3722592694881,-18.3316396922339,1
TCGA-04-1338-01A,7.26903198703519,-32.1275450838113,22.0768840028525,2
TCGA-04-1341-01A,11.9114612533298,-33.1894290117968,22.0407587515271,2
TCGA-04-1347-01A,8.67662505139141,-21.0851612850923,23.7143876037627,2
TCGA-04-1536-01A,12.6532895723128,-22.8182227752284,20.3282894865764,2
TCGA-04-1542-01A,13.2225251958508,-31.0329198802557,21.4514720924404,2
TCGA-09-0366-01A,11.7538003441691,-21.4915596838304,20.2237827888943,2
TCGA-09-0367-01A,13.3503894644602,-29.8492209792645,21.214420559845,2
TCGA-09-1666-01A,6.19494312913677,-24.0628242745109,23.0583573646254,2
TCGA-09-1667-01C,15.9563625064958,-24.2842892228332,20.6376478188008,2
TCGA-09-1669-01A,7.27513717477533,-22.105722321648,23.0336406340432,2
TCGA-09-1670-01A,7.05264044968548,-30.9160217089539,21.4858364421956,2
TCGA-09-2053-01C,13.1638014024597,-23.5288348647441,20.3765632865468,2
TCGA-09-2054-01A,16.0595007435471,-21.945982344828,21.2661838601016,2
TCGA-10-0927-01A,14.3356753521664,-28.3905941649817,20.632098719063,2
TCGA-10-0931-01A,11.3364009033866,-33.5893887651895,22.4324869100512,2
TCGA-10-0933-01A,6.64587315153963,-21.9081382448786,22.8663115904441,2
TCGA-10-0937-01A,14.778872088043,-27.787871719842,21.8359257883911,2
TCGA-10-0938-01A,9.38271869978366,-34.5571133711648,21.6154187380967,2
TCGA-13-0724-01A,18.7068531395981,-29.8368535495493,17.2110091570218,2
TCGA-13-0725-01A,12.0102613431,-32.0059009806774,22.171921880642,2
TCGA-13-0726-01A,12.4678639237582,-31.5130845018499,19.9506015934435,2
TCGA-13-0765-01A,16.829823453007,-27.367269687167,23.914413810672,2
TCGA-13-0766-01A,14.4089926533888,-27.0131391881679,21.7707135386744,2
TCGA-13-0795-01A,10.122306531549,-34.4098508939203,22.1431264641549,2
TCGA-13-0797-01A,10.132004195095,-28.6596077272908,26.2326332939984,2
TCGA-13-0800-01A,15.1618707988365,-24.5526113629227,20.4981421022321,2
TCGA-13-0804-01A,12.4286939701803,-30.2877256439745,22.2019011303134,2
TCGA-13-0884-01B,13.8759385049072,-31.1269842189861,21.4462169006319,2
TCGA-13-0885-01A,6.20137387992171,-24.0275569277593,23.0471308143438,2
TCGA-13-0886-01A,11.2682300050158,-33.5173004656924,22.2317611158299,2
TCGA-13-0887-01A,9.33225140226645,-34.4741433345392,22.3365757530361,2
TCGA-13-0891-01A,11.1273487203476,-33.9512417675578,19.0132183500003,2
TCGA-13-0901-01B,15.4881902830317,-25.3339228254207,19.9403294680334,2
TCGA-13-0916-01A,13.4522311988456,-27.5285685291823,16.7821176382816,2
TCGA-13-0923-01A,16.2239703648078,-27.8706803915186,23.0670601600912,2
TCGA-13-1403-01A,11.5300922775985,-20.4848148086517,19.244921539731,2
TCGA-13-1408-01A,16.0964426858707,-22.2344003232126,21.2053178500832,2
TCGA-13-1409-01A,7.05204347801045,-22.1542880100124,22.9667457748434,2
TCGA-13-1477-01A,12.2137407008893,-24.3872184043753,16.7821417126604,2
TCGA-13-1489-01A,7.01185040539503,-31.0329763763573,21.4741560556308,2
TCGA-13-1506-01A,15.360592688032,-25.366161110992,19.9713726896294,2
TCGA-13-1509-01A,8.3838365647254,-34.1489529789715,21.2737267827045,2
TCGA-20-1686-01A,12.4783234741704,-31.1755504233054,21.229362872704,2
TCGA-23-1021-01B,13.3690210777456,-30.691817436049,21.3393606180781,2
TCGA-23-1022-01A,17.1101797585261,-26.9551732169513,24.1506435634189,2
TCGA-23-1024-01A,10.3231388351224,-34.7146034610116,18.7735651742321,2
TCGA-23-1110-01A,19.9145901949223,-29.2416075981766,17.0602778817556,2
TCGA-23-1111-01A,9.30657367643062,-35.2620193282754,22.4414844531612,2
TCGA-23-1113-01A,18.4529902834033,-29.7601518966374,17.3350327561161,2
TCGA-23-1119-01A,8.29827308851194,-32.99459948692,23.1592639822916,2
TCGA-23-1123-01A,17.6142002474986,-25.9146695339555,24.1875732543694,2
TCGA-24-0966-01A,14.4089078291027,-28.4426787300427,21.3946722129098,2
TCGA-24-1413-01A,12.065191114338,-24.4348670334918,15.2412040309764,2
TCGA-24-1416-01A,18.8593213319664,-30.4682933431688,16.7878924709634,2
TCGA-24-1424-01A,20.6722842496441,-28.7688253063885,17.0465700089789,2
TCGA-24-1426-01A,13.6177498206393,-23.6148893991484,20.486537805859,2
TCGA-24-1428-01A,16.0642294114688,-20.7787485360973,21.3978622319202,2
TCGA-24-1431-01A,16.9005784101111,-28.4139752694398,23.0567866677557,2
TCGA-24-1467-01A,11.7445890088864,-24.5109474613867,16.2878595056884,2
TCGA-24-1471-01A,8.9792672284285,-13.664126289211,15.2597329034775,2
TCGA-24-1565-01A,8.84136683641036,-36.1651583275112,22.6050435276005,2
TCGA-24-1616-01A,11.3881473991977,-14.2266402264172,17.8520906528462,2
TCGA-24-1844-01A,18.7828443917776,-30.4101362270127,16.8527771467033,2
TCGA-24-2024-01A,12.0917259637487,-31.9347015052053,22.4452210727605,2
TCGA-24-2033-01A,13.9632184612068,-26.0598593253733,17.2369752186552,2
TCGA-24-2038-01A,10.2336130376443,-14.2574130503243,16.2595397876994,2
TCGA-24-2267-01A,11.4657805608896,-13.9040811252102,17.9637382072287,2
TCGA-24-2288-01A,14.6658691204758,-21.4660607630129,19.3578044614116,2
TCGA-25-1318-01A,11.2742783612845,-16.826376991527,17.0797035294258,2
TCGA-25-1319-01A,16.2369839931357,-24.4789978013376,21.0863655270257,2
TCGA-25-1321-01A,10.0966603264697,-28.7069450914759,26.2552942269988,2
TCGA-25-1329-01A,12.8864868232911,-21.3421931273401,19.0755564192386,2
TCGA-25-1870-01A,12.0400067038503,-21.1009169883973,19.2827137414478,2
TCGA-25-2396-01A,10.1370723971257,-28.6198436792607,26.1989292975375,2
TCGA-25-2401-01A,17.39495535423,-23.7557377021101,22.0480102679867,2
TCGA-25-2409-01A,12.2852947775745,-21.0703757005937,18.9794288982383,2
TCGA-29-1690-01A,11.2620238621151,-33.6904152065984,19.0598940054549,2
TCGA-29-1693-01A,18.1646572616005,-24.6779664124778,23.3927157364337,2
TCGA-29-1694-01A,11.3390417107062,-16.9123745655497,17.15419358713,2
TCGA-29-1703-01A,16.4096625197509,-24.4304349603695,21.1943655059524,2
TCGA-29-1770-01A,13.4239998645054,-27.9982051270234,17.0425567634232,2
TCGA-29-1777-01A,8.23316936236918,-30.1796004847351,22.5961378450318,2
TCGA-29-1778-01A,11.4402620024038,-14.0484729150675,17.9212914796031,2
TCGA-29-1784-01A,8.85828818074381,-20.9440311177992,23.8104804678702,2
TCGA-30-1853-01A,13.7082404276601,-29.5317710227341,20.871403160787,2
TCGA-30-1866-01A,18.1992428277536,-24.3817826153417,23.2614971236512,2
TCGA-30-1892-01A,10.1761273266592,-34.5598955503778,22.6183013167897,2
TCGA-31-1951-01A,15.1820183332631,-21.735274705105,19.5026318362606,2
TCGA-36-1570-01A,17.0093865742402,-28.5733934268847,23.0596086908295,2
TCGA-36-1571-01A,14.6156672951194,-27.9808733055196,21.0061928095206,2
TCGA-57-1583-01A,13.5177042992853,-27.8500955122971,17.3012706732228,2
TCGA-59-2355-01A,12.1782193403099,-31.661146851507,19.1139800582167,2
TCGA-59-2363-01A,11.8770448238036,-24.4720638523476,16.5206611137774,2
TCGA-61-1724-01A,11.4313055317006,-17.0785014949952,17.3010659056346,2
TCGA-61-1728-01A,11.4513623130303,-29.288296052886,22.726778459961,2
TCGA-61-1736-01B,9.90142898205024,-14.3421241944828,15.9297624478613,2
TCGA-61-1914-01A,9.1409120401093,-34.709858431524,20.2156459770228,2
TCGA-61-1919-01A,7.40591976029859,-32.6098703572292,23.1607148743425,2
TCGA-61-2000-01A,12.4276237796034,-32.0916684456138,21.7140844746171,2
TCGA-61-2101-01A,10.8419212242892,-28.9193531974974,22.9998194147371,2
TCGA-61-2109-01A,9.02629647202382,-13.7231539615579,15.2887342459616,2
TCGA-WR-A838-01A,14.1151821085467,-25.9872736040126,17.3680747115781,2
TCGA-04-1332-01A,2.52536478183278,9.8154309603606,-9.65613784912644,3
TCGA-04-1350-01A,1.07593647903903,-7.79477571354357,-4.03893523090086,3
TCGA-04-1357-01A,-0.571196049098821,-9.53815804145526,-6.07514767894163,3
TCGA-04-1364-01A,-3.18712916613127,6.13725052428086,-11.4262500284183,3
TCGA-04-1655-01A,-2.40725368712985,6.76399747498307,-13.4825327296799,3
TCGA-09-1659-01B,1.1349172435652,-9.90913974782129,-4.30891813830591,3
TCGA-09-1661-01B,0.104571827606171,9.81849492239915,-13.4345742210096,3
TCGA-09-1668-01B,-1.28654732629293,6.08028103707246,-3.79816331427124,3
TCGA-09-2051-01A,-0.740776817280624,0.612511154961514,-13.7862650487414,3
TCGA-09-2056-01B,1.13143777393265,-9.90105713496331,-4.33856109033002,3
TCGA-13-0720-01A,-0.690064167232521,-1.14645492033846,-13.0539365086817,3
TCGA-13-0727-01A,0.771553017677104,-9.83491930673972,-5.5179349694527,3
TCGA-13-0730-01A,-2.77393496277809,2.72321788374045,-16.9265746165619,3
TCGA-13-0893-01B,-1.20783005238786,5.11800545439594,-4.49933638905164,3
TCGA-13-0897-01A,0.749318825853922,-9.14968483310315,-5.61962368417154,3
TCGA-13-0911-01A,1.80189050370726,-7.13130013165327,-8.67477174966877,3
TCGA-13-0920-01A,-3.14831297892111,9.54956078587524,-17.3197477235824,3
TCGA-13-1407-01A,-2.79702583886199,2.72502835980058,-16.9316666837939,3
TCGA-13-1485-01A,0.741629506266017,-3.05518640023898,-5.37767868727463,3
TCGA-13-1487-01A,0.234301661224417,-4.63993954092255,-6.5312245852582,3
TCGA-13-1492-01A,-3.1293304581254,6.63280094902528,-12.7101073733117,3
TCGA-13-1498-01A,0.0639821342327428,-3.62129307514598,-4.77746620106992,3
TCGA-13-1512-01A,-2.49382209399797,-11.3301676159172,-9.28738507267062,3
TCGA-13-2060-01A,-1.2723938915538,3.8124467670901,-15.822851973903,3
TCGA-20-0991-01A,1.04845708619192,-8.65692515000532,-6.33587537649496,3
TCGA-20-1682-01A,1.75463496558194,-7.07075952884919,-8.70848448640567,3
TCGA-20-1687-01A,1.61770702320555,9.20660025969219,-6.55553244563129,3
TCGA-23-1026-01B,-0.199842473360575,-5.17455311908948,-9.30605152894257,3
TCGA-23-1107-01A,-0.169349925731938,-5.1314581349938,-9.67193870167302,3
TCGA-23-1109-01A,-1.30157416953754,-7.27734047168736,-8.16227750323016,3
TCGA-23-1116-01A,-0.325633284004968,-5.79176564498067,-10.9142357766202,3
TCGA-23-1118-01A,-0.0374240830462488,-3.86868370477418,-4.92285685533506,3
TCGA-23-1120-01A,-1.23020106324352,6.5188244720574,-3.51764203100582,3
TCGA-23-2084-01A,0.385356227968664,1.7912970860355,-7.68910669437012,3
TCGA-24-1418-01A,-2.44537941816505,6.5000421313938,-13.5938554455609,3
TCGA-24-1423-01A,0.268886209514581,2.01576034029152,-7.55378474779681,3
TCGA-24-1427-01A,0.0932146298275085,3.44450297623251,-7.22635279157608,3
TCGA-24-1464-01A,-0.284735457980455,-4.88327845300378,-8.04989654446588,3
TCGA-24-1469-01A,-2.39375868079831,7.08212544866195,-14.0178272896399,3
TCGA-24-1544-01A,-1.55646820504466,7.15813251161864,-15.5563092026678,3
TCGA-24-1551-01A,1.81523464624414,8.99950796188504,-7.92431112957792,3
TCGA-24-1552-01A,-1.07672503624609,-7.26714467311915,-8.62176590579432,3
TCGA-24-1560-01A,-0.976536731943859,4.94810254551608,-15.9776036389072,3
TCGA-24-1603-01A,3.64068836754029,4.02378647684997,-7.50411936037591,3
TCGA-24-1604-01A,-0.0054434191859625,-0.619191290948458,-3.49685996600108,3
TCGA-24-1850-01A,0.748701054496533,-8.44482408306738,-5.1999109334727,3
TCGA-24-2020-01A,-1.67214030509734,8.03743770274672,-14.9724210855057,3
TCGA-24-2254-01A,-1.2410407309883,7.18247781089901,-3.18570081645678,3
TCGA-24-2271-01A,0.138545963846314,-1.40096445306389,-3.55027074986601,3
TCGA-24-2290-01A,1.68703522754462,8.75280570899242,-7.73011332481749,3
TCGA-24-2298-01A,-5.35724450996315,-6.48098452920365,-5.73479655981611,3
TCGA-25-1312-01A,-6.63930996490998,-6.93461595605539,-5.75945548993063,3
TCGA-25-1313-01A,-0.661847107081261,3.70287397671621,-6.68378139183614,3
TCGA-25-1316-01A,1.38684037932799,7.49906186733262,-7.81596661330873,3
TCGA-25-1317-01A,0.208957180902505,-1.82805153987029,-3.5045709397311,3
TCGA-25-1320-01A,-6.02484197907268,-6.53820210673048,-5.73011470799505,3
TCGA-25-1623-01A,3.54477405523741,5.08081616026506,-7.6575768541113,3
TCGA-25-1627-01A,0.640078618737384,2.35196184075282,-10.5397130226525,3
TCGA-25-1632-01A,-0.746068551077479,-0.625990079178738,-13.3580564854725,3
TCGA-25-1633-01A,-0.949623547981273,2.88850027366839,-15.2384668303147,3
TCGA-25-1634-01A,-0.0652850659708861,9.71571268871305,-13.6483826809341,3
TCGA-25-1877-01A,-1.81711113157319,7.27053626813963,-15.7530260439109,3
TCGA-25-2392-01A,3.42563455418818,3.50442030859788,-7.47784365752856,3
TCGA-25-2404-01A,0.771896241674441,1.63543727002472,-11.1221032678991,3
TCGA-29-1695-01A,-0.513261886135319,1.65243167985862,-13.5306221282769,3
TCGA-29-1696-01A,-2.31099096257901,-5.04226273474237,-4.15331029203464,3
TCGA-29-1701-01A,-1.3730150168396,3.71964457721983,-15.998379072958,3
TCGA-29-1761-01A,0.87377466901739,-8.51679957031632,-4.81808284252442,3
TCGA-29-1766-01A,-2.24401094327225,-5.03526053554959,-4.52225456287256,3
TCGA-29-1769-01A,-3.29128355434745,5.81655621450278,-10.9308324209361,3
TCGA-29-1774-01A,-2.338249430631,8.54534452949431,-15.4353562531261,3
TCGA-29-1781-01A,-1.59565721004746,-5.25064910968265,-7.27491100994613,3
TCGA-29-1785-01A,-1.8573920544929,-7.68378265406933,-7.69681017760151,3
TCGA-29-2427-01A,0.346901588114932,-4.26612970983063,-6.12768145230273,3
TCGA-29-2428-01A,-1.35577218775052,-7.14195248282973,-7.96036189733412,3
TCGA-30-1714-01A,0.294642628115055,-5.40692245694894,-5.40308626435491,3
TCGA-30-1718-01A,3.60050423427819,4.51542440037537,-7.58317066802485,3
TCGA-30-1860-01A,-2.47641010150659,-11.3575766416461,-9.2791983514552,3
TCGA-31-1946-01A,1.19359862998551,1.46422647103108,-10.6805879209079,3
TCGA-31-1950-01A,-0.801375455254925,0.297744689702452,-13.8944783796341,3
TCGA-36-1576-01A,0.743301298820647,1.96109607605893,-10.2182704783483,3
TCGA-36-1580-01A,-1.00419403502475,-5.8668907450182,-7.64650437887611,3
TCGA-57-1582-01A,-2.13142178448375,8.00269659803767,-14.8712277821133,3
TCGA-59-2348-01A,0.0115799568102044,-5.28632380222083,-8.68827020562253,3
TCGA-59-2351-01A,3.35882561285466,3.30845912635751,-7.4855623873379,3
TCGA-59-2354-01A,0.913072946043831,1.98913470538436,-9.03140709869162,3
TCGA-59-A5PD-01A,-3.26977517841762,5.65788608471529,-10.7315209227111,3
TCGA-61-1738-01A,-0.216998919198121,-5.19633118685453,-9.54931236017942,3
TCGA-61-1907-01A,0.466505957299816,1.19410634199853,-10.6661498767,3
TCGA-61-1995-01A,2.48973754035872,9.70704794062301,-9.51944193394669,3
TCGA-61-1998-01A,-0.778250275728502,2.15093907690968,-13.7221654718377,3
TCGA-61-2111-01A,0.240922320640099,1.07567059594037,-11.4251236196109,3
TCGA-04-1361-01A,3.89207761166965,7.767516487579,5.23958824380008,4
TCGA-04-1519-01A,0.754256255562243,9.078869972377,6.94111512488377,4
TCGA-04-1651-01A,-0.620934677829016,12.422334494814,2.08255453711159,4
TCGA-09-0364-01A,8.16245129567821,18.5955465659889,3.77191883086367,4
TCGA-09-1662-01A,4.28360775426027,8.98959929935507,-0.648776108197304,4
TCGA-09-1665-01B,5.47358517624699,5.86347269970805,5.52666356258243,4
TCGA-09-2044-01B,5.08828714011806,13.6847797876781,5.40873507373051,4
TCGA-09-2048-01A,5.02997089732356,6.85759433539865,5.45122729422428,4
TCGA-10-0928-01A,5.45842305554948,7.98046160835522,7.04290188581004,4
TCGA-10-0936-01A,-1.57589278962099,11.7165647063697,4.38235891851417,4
TCGA-13-0714-01A,0.792656012019694,12.6549103118002,1.51510795225107,4
TCGA-13-0883-01A,4.36198783916077,9.1177640441485,-0.943650693880347,4
TCGA-13-0924-01A,-0.322551437252051,10.5648385781519,6.12206371180773,4
TCGA-13-1404-01A,4.493319374599,9.74144718903509,6.65581267749592,4
TCGA-13-1497-01A,6.96562014945583,16.5392772139125,5.02225736801178,4
TCGA-13-1501-01A,4.9367690591161,12.7637511831732,5.45075821033352,4
TCGA-13-1510-01A,1.01480071781998,8.81039109581223,7.020015031938,4
TCGA-13-A5FT-01A,0.0728180485857547,12.4843553488977,0.779247003766316,4
TCGA-20-0987-01A,6.56722513521245,9.07782140210736,-4.11952943220247,4
TCGA-23-1023-01A,-0.239122161334245,10.0229404973702,7.64243999996226,4
TCGA-23-1028-01A,1.05808644548637,11.0734790930362,5.37506941506809,4
TCGA-23-1029-01B,5.35245648246468,11.192104716203,4.01168857916878,4
TCGA-23-1030-01A,5.17488821808514,9.84815571401217,-2.29316901577855,4
TCGA-23-2078-01A,7.38222176028664,17.3063657187494,4.60706026216303,4
TCGA-24-0968-01A,2.58628023082298,12.4227171725249,-2.53772906317259,4
TCGA-24-0979-01A,0.190346846902626,10.3045010273197,6.35426185643267,4
TCGA-24-1103-01A,4.6505601435037,7.81434272058912,5.5235742819322,4
TCGA-24-1105-01A,7.48119490310156,18.8271555309392,3.27545499265808,4
TCGA-24-1425-01A,5.77607092121908,11.289790244491,2.15328832075463,4
TCGA-24-1435-01A,-1.91771900381021,12.3859305973298,4.40633849969159,4
TCGA-24-1474-01A,3.93504613783149,10.3687416943167,-2.16439980540535,4
TCGA-24-1546-01A,-1.75904475221208,10.9792543204633,4.70940039550204,4
TCGA-24-1562-01A,6.46857466363356,11.4520650251113,2.00717227423266,4
TCGA-24-1563-01A,4.47990133870687,9.9814007993136,5.43082894979912,4
TCGA-24-1846-01A,1.11679359524872,10.8743225849971,5.86728446142094,4
TCGA-24-1847-01A,2.80975241307152,12.1901744486083,-2.53494784310248,4
TCGA-24-1923-01A,4.56873735470601,10.8183866108575,1.70828290753517,4
TCGA-24-1924-01A,5.22772183020649,7.27937090668995,5.7810303238499,4
TCGA-24-2023-01A,6.68479713941259,9.72845767997359,-3.59383571923244,4
TCGA-25-1328-01A,7.24225048770482,11.6227819253601,1.85740381421485,4
TCGA-25-1630-01A,3.70097012867432,9.51151315087345,-1.54934315613962,4
TCGA-25-1631-01A,4.12768851933938,8.53059367170618,0.241909358058166,4
TCGA-25-2399-01A,1.06787830034963,8.66053784709795,7.16750330989653,4
TCGA-29-1688-01A,7.54041341549901,17.8258889981591,4.16908384284429,4
TCGA-29-1705-01A,8.26944478881378,18.8173259832456,3.627964863861,4
TCGA-29-1768-01A,4.7618431692122,9.4913604757631,7.37866189823863,4
TCGA-29-1776-01A,4.42662553531529,10.4715133717702,5.12162782598194,4
TCGA-29-2414-01A,7.48280026889644,17.4199129763584,4.56364473114114,4
TCGA-30-1857-01A,-1.97097576734378,12.4497447487827,4.43460524420338,4
TCGA-30-1891-01A,6.58219507859551,9.8782848231292,-3.32462692960227,4
TCGA-31-1944-01A,0.417538595695768,12.5425268160539,1.26862715665962,4
TCGA-36-1568-01A,2.63492296541096,11.0362187928059,4.56757557365941,4
TCGA-57-1584-01A,3.45543818537104,8.06759713539637,5.72147016468382,4
TCGA-59-2350-01A,4.93973980602845,13.2389158444525,5.36193864835379,4
TCGA-59-2352-01A,-0.335684629376847,12.3543045998638,-0.183404922872326,4
TCGA-61-1725-01A,4.83027469635218,9.55409508281914,7.57308676555518,4
TCGA-61-1910-01A,7.61786931219043,17.7693081753166,4.30325557028943,4
TCGA-61-2009-01A,2.8878169772737,8.10757166336955,6.5258249503425,4
TCGA-61-2092-01A,5.30643293995162,9.83557525045265,-2.23757921872526,4
TCGA-61-2097-01A,5.35898050574191,9.26676381689342,-2.54705095735654,4
TCGA-61-2110-01A,7.97342934587267,12.0068857467705,1.54518787732214,4
TCGA-OY-A56Q-01A,7.4627092856262,11.8166961595154,1.91731425181302,4
TCGA-VG-A8LO-01A,7.10805709900218,11.6570551861106,2.12721684268756,4
