Sample,X,Y,Z,Cluster
TCGA-2A-AAYF-01A,-23.553676457772,-2.95735323543984,34.5584759684847,1
TCGA-2A-AAYU-01A,-14.6108531796377,-31.3181796422869,40.8952111307214,1
TCGA-4L-AA1F-01A,-25.2378292803659,-16.2596767596761,32.2142965894986,1
TCGA-CH-5737-01A,-13.2793354948674,-31.5878916635239,37.5091000041352,1
TCGA-CH-5738-01A,-29.6935739316983,-28.9723091617548,31.6721726044055,1
TCGA-CH-5739-01A,-17.5161296424167,-34.3966761801711,31.2557157684607,1
TCGA-CH-5740-01A,-13.6045714167123,-35.7086268630715,29.798694151307,1
TCGA-CH-5741-01A,-8.22783731646753,-37.3200904086352,34.7157193792917,1
TCGA-CH-5743-01A,-30.4082643160868,-18.6431169809086,26.3828397806768,1
TCGA-CH-5745-01A,-27.6480213062917,-33.3300207146913,27.600326727372,1
TCGA-CH-5746-01A,-17.2014546409304,-32.4425501024358,28.972057613883,1
TCGA-CH-5748-01A,-28.8416839941634,-28.4357440586144,33.3057155827285,1
TCGA-CH-5750-01A,-26.6223055348349,-28.731625638176,35.122107705017,1
TCGA-CH-5751-01A,-34.9338468486789,-13.1405741484123,32.7946248819999,1
TCGA-CH-5752-01A,-22.3776803189499,-27.2974899257147,35.3417318880062,1
TCGA-CH-5753-01A,-17.1001738737587,-29.2092110326979,30.1565556771624,1
TCGA-CH-5754-01A,-31.3415218433519,-5.51534476720588,35.4546523787101,1
TCGA-CH-5761-01A,-35.180754586711,-11.3625394332447,32.7838455520695,1
TCGA-CH-5762-01A,-16.4868405362297,-25.7608674321596,26.7769365787365,1
TCGA-CH-5763-01A,-33.7929598476043,-27.8160171103712,29.0969050563377,1
TCGA-CH-5764-01A,-23.7555913317358,-25.3938882403097,29.0229140126226,1
TCGA-CH-5765-01A,-14.5537800699648,-28.6159799590556,28.682971306103,1
TCGA-CH-5766-01A,-28.6367876690848,-20.3080065255914,23.2461953749133,1
TCGA-CH-5767-01A,-30.0589491775429,-26.3149722779247,31.7449235048853,1
TCGA-CH-5768-01A,-28.2751908912964,-20.328194551213,29.0621715761654,1
TCGA-CH-5769-01A,-21.9015387928069,-25.8419935108867,28.4280683407159,1
TCGA-CH-5771-01A,-32.2449408729695,-29.8291337494422,30.4978395830792,1
TCGA-CH-5772-01A,-13.3458857048565,-28.0134537178167,27.7516505400935,1
TCGA-CH-5788-01A,-27.3673021591346,-20.3272200447279,29.9204922241479,1
TCGA-CH-5789-01A,-28.9944549479521,-27.7790893049982,31.3136928532935,1
TCGA-CH-5790-01A,-20.9645470625974,-29.6518594133224,32.4015303864149,1
TCGA-CH-5791-01A,-28.9069296398805,-23.6541167008098,25.0678521361265,1
TCGA-CH-5792-01A,-36.1799101986764,-25.6363445047551,31.2765723442387,1
TCGA-CH-5794-01A,-19.6871152680781,-30.7654360450536,31.1485707895885,1
TCGA-EJ-5494-01A,-28.4171287889885,-12.158967486468,27.7923944357358,1
TCGA-EJ-5495-01A,-31.2220860766646,-20.8720782452103,23.6906497515264,1
TCGA-EJ-5496-01A,-18.238015696306,-29.2696919133231,29.4540446009873,1
TCGA-EJ-5497-01A,-28.5950968730856,-27.9508716227889,25.1476943127469,1
TCGA-EJ-5498-01A,-27.6933351647847,-27.1150366406338,27.7415761234187,1
TCGA-EJ-5499-01A,-22.468683806627,-28.0496443029954,29.6993538271257,1
TCGA-EJ-5502-01A,-32.5830735888565,-15.8364911007425,22.1736530820588,1
TCGA-EJ-5503-01A,-6.75930848943185,-24.9876508729737,38.2208163770534,1
TCGA-EJ-5504-01A,-17.3375160837231,-31.5481438775836,33.042367921129,1
TCGA-EJ-5505-01A,-31.8222844129042,-24.883430190736,34.0505001010248,1
TCGA-EJ-5506-01A,-30.721661260442,-29.495642544618,29.7713669745734,1
TCGA-EJ-5507-01A,-20.6486955261642,-27.9992233457133,32.0058319560867,1
TCGA-EJ-5508-01A,-28.8154790307534,-26.4945382025736,27.2535107317491,1
TCGA-EJ-5509-01A,-23.2566401423244,-20.2207923060369,36.8566717616698,1
TCGA-EJ-5510-01A,-29.9572749617382,-23.9394495369735,31.4010484936369,1
TCGA-EJ-5511-01A,-11.7642996349105,-26.9077914480383,32.4445738221666,1
TCGA-EJ-5512-01A,-19.4812840187682,-30.6893220722631,32.6831165907937,1
TCGA-EJ-5514-01A,-28.9057882054282,-25.3471185760671,29.6550501038731,1
TCGA-EJ-5515-01A,-28.1119016344655,-27.5000320711944,32.4979789514032,1
TCGA-EJ-5516-01A,-27.0430263852899,-26.5497476739268,30.1778187259371,1
TCGA-EJ-5517-01A,-25.5361314465907,-25.350283147068,26.1446078562157,1
TCGA-EJ-5518-01A,-21.005187145225,-33.4418573301991,36.5012783019139,1
TCGA-EJ-5522-01A,-27.6007171096132,-24.2040222485075,27.6359094197332,1
TCGA-EJ-5524-01A,-32.4699258611973,-27.4124975900687,24.8789687849843,1
TCGA-EJ-5525-01A,-30.6647978355597,-23.4511482820464,33.0756249760873,1
TCGA-EJ-5526-01A,-33.6737368039139,-29.4594326325891,31.0300821200334,1
TCGA-EJ-5527-01A,-25.764501194736,-25.4948369704504,29.5580648895447,1
TCGA-EJ-5530-01A,-15.3386547165385,-30.7756493159855,32.4967976839215,1
TCGA-EJ-5531-01A,-31.0262270593589,-21.2207609021673,28.7178595525562,1
TCGA-EJ-5532-01A,-27.4862577489474,-25.5098775720557,25.772391150891,1
TCGA-EJ-5542-01A,-25.3981703769809,-28.6546425214152,27.6376539254629,1
TCGA-EJ-7115-01A,-10.3765150849895,-27.2775898469273,29.5395206972617,1
TCGA-EJ-7123-01A,-25.5484568490838,-28.5319530560967,31.7321288860899,1
TCGA-EJ-7125-01A,-11.8974253786858,-31.005410068856,30.7346860598916,1
TCGA-EJ-7218-01B,-5.71720132279076,-31.0273486004871,21.0768958041244,1
TCGA-EJ-7314-01A,-23.6976461631476,-25.8783769497025,35.6737755272677,1
TCGA-EJ-7315-01A,-33.1283584973725,-25.3568406462348,27.5502033884979,1
TCGA-EJ-7317-01A,-22.3663871739022,-27.1029635116451,37.0609362891068,1
TCGA-EJ-7321-01A,-22.9074532306346,-26.3807257030919,29.7609745971805,1
TCGA-EJ-7327-01A,-23.992087935363,-28.6821359711865,25.4868603520011,1
TCGA-EJ-7328-01A,-27.075013233259,-7.32320153140584,30.2670964435624,1
TCGA-EJ-7330-01A,-32.9319545659563,-27.102289795553,30.2872026906734,1
TCGA-EJ-7331-01A,-28.8271220906223,-24.9594635350378,28.6399669602989,1
TCGA-EJ-7781-01A,-30.3028639707372,-27.6365134319323,32.6309431360819,1
TCGA-EJ-7782-01A,-32.715079075018,-21.8385811993116,25.7868688289692,1
TCGA-EJ-7783-01A,-29.2602798094467,-21.0609682332483,24.0515364458814,1
TCGA-EJ-7784-01A,-20.8536595408112,-29.2666555393929,28.8510074671258,1
TCGA-EJ-7785-01A,-28.6832178182039,-30.1992928327164,31.036089619561,1
TCGA-EJ-7786-01A,-27.0460028069681,-30.3695430478985,29.2967864625738,1
TCGA-EJ-7788-01A,-17.3111688033732,-24.7886457469959,29.8026384410311,1
TCGA-EJ-7789-01A,-34.5158812150413,-6.60081868790852,32.2889373292023,1
TCGA-EJ-7791-01A,-35.1323426671236,-21.964327073911,31.6268223239545,1
TCGA-EJ-7792-01A,-34.1911550014982,-22.7891545132027,28.42894016362,1
TCGA-EJ-7793-01A,-4.43004368011513,-31.8604045160737,28.8526706039701,1
TCGA-EJ-7794-01A,-25.9310646743883,-25.3843383655833,31.6450463202642,1
TCGA-EJ-7797-01A,-27.3472152046878,-24.0899335398638,30.5623463267065,1
TCGA-EJ-8468-01A,-31.206078739056,-14.9386924272186,23.7175260755488,1
TCGA-EJ-8469-01A,-18.8821209004978,-24.2315782398702,37.2058315686839,1
TCGA-EJ-8470-01A,-30.001928035426,-18.4870812958556,25.8398252056147,1
TCGA-EJ-8472-01A,-11.4579613105019,-32.7823447407383,32.3855975325287,1
TCGA-EJ-8474-01A,-32.2049568343203,-11.5390972626121,36.7816409088882,1
TCGA-EJ-A46H-01A,-29.2864843542326,-6.96258177609348,22.01028231681,1
TCGA-EJ-A46I-01A,-30.9638772947165,-20.8972207612835,20.8205884349033,1
TCGA-EJ-A65E-01A,-28.085578233511,-11.004317708031,25.0864030792831,1
TCGA-EJ-A65F-01A,-25.4213610517994,-30.7188009363729,26.3499167321105,1
TCGA-EJ-A65J-01A,-34.7504456200398,-10.8524202559532,30.2159216205519,1
TCGA-EJ-A6RC-01A,-3.13388905994315,-26.6523938835437,35.0545339958166,1
TCGA-EJ-A8FS-01A,-32.2807366072348,-8.36004187142196,31.1908965408521,1
TCGA-EJ-A8FU-01A,-3.3944787297944,-25.8399357263471,34.0110347871927,1
TCGA-EJ-AB20-01A,-4.09986867384486,-29.5276797613087,34.9035606841447,1
TCGA-EJ-AB27-01A,-30.0000658203311,-11.6023470343712,27.3721901159724,1
TCGA-FC-7708-01A,-26.751447552696,-28.3156637280975,25.9521952319238,1
TCGA-FC-7961-01A,-34.055310003096,-12.9886279478157,24.0020961025817,1
TCGA-FC-A4JI-01A,-24.3668520529641,-28.1385787731469,32.3532023480295,1
TCGA-FC-A5OB-01A,-21.285836628463,-29.1662768527099,27.4720867252697,1
TCGA-G9-6332-01A,-12.5451356751014,-32.4647075888531,31.8733014254228,1
TCGA-G9-6333-01A,-1.29523463960182,-27.9851608540816,27.2818630073235,1
TCGA-G9-6336-01A,-8.87859173919701,-30.9284693899203,32.3769453847259,1
TCGA-G9-6338-01A,0.574242354231559,-28.0751222243483,30.084086254505,1
TCGA-G9-6348-01A,-10.373702649366,-27.4397601737628,29.0053183653911,1
TCGA-G9-6351-01A,-7.45127047820863,-29.7554832158254,31.4976655274918,1
TCGA-G9-6356-01A,-6.88053503026582,-27.7291796769982,26.9847102611451,1
TCGA-G9-6363-01A,-26.3958856614238,-20.8943509775048,30.8658673704584,1
TCGA-G9-6364-01A,-24.0549227437046,-29.6372676959346,27.8545611785528,1
TCGA-G9-6365-01A,-10.3287578609049,-29.9865009905585,27.7243981079701,1
TCGA-G9-6366-01A,-18.0377203428521,-26.8849197518877,29.4653424523152,1
TCGA-G9-6370-01A,-33.6803925603459,-30.2796646981445,24.3708977909701,1
TCGA-G9-6371-01A,-18.3876445898883,-34.6825245390231,25.3782911015162,1
TCGA-G9-6377-01A,-3.14848513790423,-27.2021732572032,23.5808005373019,1
TCGA-G9-6378-01A,-5.78335632971406,-31.0889265865521,36.1517336919035,1
TCGA-G9-6384-01A,-27.0249331274124,-30.2459140093169,30.3123471826193,1
TCGA-G9-6385-01A,-6.81531212208472,-31.0097269125666,29.4584043795337,1
TCGA-G9-6494-01A,-25.6121495322362,-17.4714554980291,30.0128368916302,1
TCGA-G9-6499-01A,-22.0652549141926,-22.1392093816041,33.0442911884495,1
TCGA-G9-7509-01A,-8.37348150956518,-34.4376717747803,34.2121409377097,1
TCGA-G9-7510-01A,-22.9785310979433,-20.1711930226113,32.2053288504499,1
TCGA-G9-7519-01A,-4.78336177692173,-25.4704350312914,27.3393363820602,1
TCGA-G9-7521-01A,-29.5198187562401,-19.6970833812488,31.9667749962261,1
TCGA-G9-7522-01A,-4.74783309049131,-28.7303329833611,31.6741286743457,1
TCGA-G9-7523-01A,-20.6942076089087,-17.0558608417736,32.4056262152866,1
TCGA-G9-7525-01A,-7.39195201765008,-27.7701790578188,31.5558547900483,1
TCGA-G9-A9S0-01A,-31.0354141233351,-6.83371651106821,34.8429039096865,1
TCGA-H9-7775-01A,-25.1191969404763,-26.9169358724153,22.958139333823,1
TCGA-H9-A6BX-01A,-30.3874554718024,-14.1296616558406,19.1456243114021,1
TCGA-HC-7075-01A,-10.8852878416604,-33.1001148799047,28.7377792345934,1
TCGA-HC-7079-01A,-34.5131338892346,-9.77727820441614,25.5491283059697,1
TCGA-HC-7080-01A,-8.25667898280779,-31.1830125876656,23.205664820521,1
TCGA-HC-7081-01A,-23.7175593085008,-15.794536642875,30.2075322713252,1
TCGA-HC-7209-01A,-13.7554070946602,-28.0597126934674,28.0162412792835,1
TCGA-HC-7210-01A,-27.6742101577463,-27.3673177850355,26.0783995342998,1
TCGA-HC-7211-01A,-33.0485456529498,-24.2396491905632,23.7264324068798,1
TCGA-HC-7212-01A,-18.3767459504378,-27.4827980439322,34.8828931139511,1
TCGA-HC-7213-01A,-30.4103703600595,-18.5843511836123,36.0885929384459,1
TCGA-HC-7230-01A,-18.0828465845078,-30.3654013293027,25.7777406292658,1
TCGA-HC-7231-01A,-24.2761410055829,-27.5932063085984,28.3264165023716,1
TCGA-HC-7232-01A,-11.6478423316968,-31.6740557515562,35.8327433145853,1
TCGA-HC-7233-01A,-28.6778523838631,-24.2893309270867,34.4870614384081,1
TCGA-HC-7736-01A,-19.8969165615028,-28.8508501979648,31.0202937624014,1
TCGA-HC-7737-01A,-29.5887227712096,-29.1902092515692,33.2602305629846,1
TCGA-HC-7738-01A,-30.3756101684109,-20.4108413308135,33.048347265073,1
TCGA-HC-7740-01A,-7.31431043045509,-25.9054868810137,38.3777214381613,1
TCGA-HC-7740-01B,-29.4546671343063,-25.2543931534179,23.9944590125464,1
TCGA-HC-7742-01A,-5.59649264407949,-25.4547615841124,27.8260938412922,1
TCGA-HC-7744-01A,-22.7404450801962,-31.8016889107745,32.3910627971438,1
TCGA-HC-7748-01A,-29.0258629038901,-27.9139536509308,24.1764195537448,1
TCGA-HC-7749-01A,-17.5237833918809,-24.7893126296454,32.9589935972262,1
TCGA-HC-7750-01A,-10.0527428768103,-29.1878320281771,31.7054986514967,1
TCGA-HC-7817-01B,-32.2259253549662,-10.5467556723652,27.0366145165502,1
TCGA-HC-7818-01A,-25.6842597202267,-30.724340278958,35.7279714664805,1
TCGA-HC-7819-01A,-17.9270234011791,-28.86314665886,29.7624469298055,1
TCGA-HC-7820-01A,-10.8286724940637,-30.4289905979373,30.6239129724018,1
TCGA-HC-8213-01A,-23.376811420619,-25.6698495048214,26.7864550961138,1
TCGA-HC-8216-01A,-34.6776726560495,-8.7647350684591,35.0752536095614,1
TCGA-HC-8256-01A,-22.0383723645475,-29.37961895238,34.1967058552858,1
TCGA-HC-8257-01A,-26.1701977106785,-28.7991034256459,37.3483773782559,1
TCGA-HC-8258-01A,-23.4647858841393,-11.5826539643553,24.8364503465383,1
TCGA-HC-8258-01B,-33.1113587590268,-23.7793697057718,24.1246060625767,1
TCGA-HC-8259-01A,-17.6671739003886,-34.3249883253627,29.2460459714087,1
TCGA-HC-8260-01A,-2.33389223842802,-31.4518635458046,36.2230538901533,1
TCGA-HC-8261-01A,-19.5831795144741,-18.0647625583917,33.9485395854076,1
TCGA-HC-8262-01A,-11.2881764706139,-26.9718428106445,29.8506545681207,1
TCGA-HC-8264-01B,-24.9510915931197,-25.6113552875499,25.4672031840129,1
TCGA-HC-8265-01A,-35.9404481514495,-16.2085894999038,28.21610462706,1
TCGA-HC-8265-01B,-32.2965767875362,-22.6982534675998,27.9633091550499,1
TCGA-HC-8266-01A,-32.0880663317507,-9.63173223011264,24.2955989361833,1
TCGA-HC-A48F-01A,-16.0513388271371,-26.5306866720197,39.4862880147549,1
TCGA-HC-A4ZV-01A,-35.0492452953347,-20.2477655965016,26.4703150738529,1
TCGA-HC-A631-01A,-35.1679469257761,-3.95356989138593,22.3467805374887,1
TCGA-HC-A632-01A,-27.2573979767804,-11.0891299807646,40.8424619229167,1
TCGA-HC-A76X-01A,-12.3730762037862,-35.6433616375641,29.103801926753,1
TCGA-HC-A8D0-01A,-8.06901776631974,-33.5020946140387,29.2905625945725,1
TCGA-HC-A8D1-01A,-15.907009248212,-35.0429030260264,35.285115455212,1
TCGA-HC-A9TH-01A,-32.1343270648369,-7.66646562969757,33.8755294011941,1
TCGA-HI-7170-01A,-8.32887825662958,-28.3031500891971,26.7360889836909,1
TCGA-J4-8198-01A,-15.3194530402912,-28.4726539830383,29.5935935259012,1
TCGA-J4-8200-01A,-30.7506063446667,-15.880175119082,21.5893649916036,1
TCGA-J4-A67T-01A,-25.5721433243921,-20.7646184633076,30.7450467362528,1
TCGA-J4-A6G1-01A,-34.5613799400229,-4.97859876310272,21.6957434282567,1
TCGA-J4-A6G3-01A,-31.3566384131786,-10.3600589774412,25.389042845866,1
TCGA-J4-A6M7-01A,-14.0082640553626,-31.3803124355967,37.2710013853748,1
TCGA-J4-A83I-01A,-32.6338327339992,-16.0788727576059,25.8780031696221,1
TCGA-J4-A83J-01A,-7.35817267536248,-24.3262040970569,28.5006841109364,1
TCGA-J4-A83L-01A,-16.2464732435199,-33.6838279726046,35.0718919011572,1
TCGA-J4-AATZ-01A,-6.96889626118057,-32.3993241549259,35.2660621136279,1
TCGA-J4-AAU2-01A,-0.479336116657648,-29.3254888261563,31.3070313602456,1
TCGA-J9-A52D-01A,-31.1889969295674,-31.6992393145243,30.375177916718,1
TCGA-J9-A52E-01A,-28.3305820723094,-12.2353699957118,27.5127628565709,1
TCGA-J9-A8CL-01A,-32.8472654006092,-7.39652904976982,25.7439790856944,1
TCGA-KC-A4BL-01A,-26.8442469134003,-5.90881277931404,33.6227514419524,1
TCGA-KC-A4BN-01A,-31.3229561048626,-24.9141489382127,29.7892313437047,1
TCGA-KC-A7F3-01A,-29.746353761419,-3.74652616301025,29.9147182558027,1
TCGA-KC-A7FD-01A,-34.718105517622,-7.831148393991,34.9093756967333,1
TCGA-KC-A7FE-01A,-1.9799223374018,-27.367178895639,32.253216836228,1
TCGA-KK-A59V-01A,-32.7804429583562,-5.64931551815856,25.1904809329627,1
TCGA-KK-A59X-01A,-32.4658979158306,-11.0491868593793,22.7158047396255,1
TCGA-KK-A59Z-01A,-27.1965963535548,-7.36698350255472,25.4608186925262,1
TCGA-KK-A5A1-01A,-32.2844605291556,-7.16760280583292,31.1649857410901,1
TCGA-KK-A6DY-01A,-8.53985858346948,-31.4176434817522,31.5518747311087,1
TCGA-KK-A6E0-01A,-25.7769472680421,-19.2753646207741,34.7314149873533,1
TCGA-KK-A6E2-01A,-15.2609575233041,-31.6779202379446,35.8596873748186,1
TCGA-KK-A6E7-01A,-20.3948698464439,-12.9216670208458,30.9601750475435,1
TCGA-KK-A8I5-01A,-1.27541238051699,-30.6572142062255,32.8905499565027,1
TCGA-KK-A8I7-01A,-26.2638735660911,-17.4595299888289,30.1830298183535,1
TCGA-KK-A8IC-01A,-34.7850484811431,-17.6854607784915,23.4909999900629,1
TCGA-KK-A8IJ-01A,-23.0942543450926,-14.8873428058456,36.3485821112852,1
TCGA-KK-A8IL-01A,-28.2809087768895,-9.20772324369571,27.7415105205772,1
TCGA-KK-A8IM-01A,-33.9223647692752,-13.6344158706361,27.8287383435651,1
TCGA-M7-A721-01A,-25.6838853350244,-13.4259881669069,26.5684693343851,1
TCGA-M7-A725-01A,-27.9267865238813,-18.6731651737612,35.2764307266999,1
TCGA-TK-A8OK-01A,-32.5021316212417,-8.34874985837724,26.3161349353393,1
TCGA-TP-A8TT-01A,-23.3462707473048,-2.99993900606967,32.8216545745899,1
TCGA-TP-A8TV-01A,-19.8396178794254,-21.8177822706101,32.5161171477455,1
TCGA-V1-A8MF-01A,-29.357417397705,-4.40053679350113,25.009771891882,1
TCGA-V1-A8WL-01A,-30.2852535149444,-6.35576300702459,28.0240135439516,1
TCGA-V1-A8WN-01A,-33.4040020004165,-32.9948312445936,27.8094011770929,1
TCGA-V1-A8WS-01A,-13.8518937693633,-35.7853652684935,30.6706545286228,1
TCGA-V1-A8X3-01A,-28.527449342417,-13.2038265874804,26.5621204052087,1
TCGA-V1-A9O5-01A,-28.3359991769256,-13.1598105204818,31.3668904855987,1
TCGA-V1-A9O7-01A,-26.5660393258133,-9.8170278472213,26.6616139297463,1
TCGA-V1-A9O9-01A,-29.661525054236,-8.41303039504142,25.1465777532356,1
TCGA-V1-A9OF-01A,-8.26699096205533,-31.045568868077,29.8113984778158,1
TCGA-V1-A9OH-01A,-9.72942828798854,-28.1542401882429,29.0952232820077,1
TCGA-V1-A9Z7-01A,-30.1935386012103,-4.36029522831611,35.598197289805,1
TCGA-V1-A9Z8-01A,-4.28963380828742,-25.4497519766809,28.9932918463089,1
TCGA-V1-A9Z9-01A,-4.10790829188997,-28.3830734065511,31.741185276715,1
TCGA-V1-A9ZG-01A,-28.577335953372,-22.1465765773784,29.1016992172284,1
TCGA-V1-A9ZK-01A,-34.1508526313772,-23.3939976254817,23.3223797470073,1
TCGA-VN-A88K-01A,-25.9537086164081,-8.97609188117183,32.5047090192036,1
TCGA-VN-A88O-01A,-4.15142084384893,-30.4131714442272,30.3066669462539,1
TCGA-VN-A88P-01A,-30.6985778482287,-1.10828662691979,27.1328037742481,1
TCGA-VN-A88Q-01A,-7.55356905290854,-32.2700519834778,36.6380254797701,1
TCGA-VN-A88R-01A,-34.8413483175392,-5.2794857106393,26.8259852707443,1
TCGA-VN-A943-01A,-27.8498996962308,-4.9450894441891,37.8771293792911,1
TCGA-VP-A876-01A,-10.2518990924754,-30.461610289632,33.1364174218829,1
TCGA-VP-A878-01A,-21.9089201938711,-19.5269476814719,34.7264686072271,1
TCGA-VP-A87C-01A,-33.9801140137945,-6.15453607107994,20.4485703115895,1
TCGA-VP-A87E-01A,-29.2270040218719,-7.03951707405747,22.9609261373222,1
TCGA-VP-A87H-01A,-10.9798415204303,-32.411522554114,28.0253377870442,1
TCGA-VP-A87J-01A,-32.069661920013,-15.0785270604557,23.6285948477512,1
TCGA-VP-AA1N-01A,-25.9210723312602,-9.7716918165073,30.1440365541586,1
TCGA-XK-AAIR-01A,-10.5158809728349,-32.2999513505091,36.8428348127371,1
TCGA-XK-AAIV-01A,-29.059149067601,-19.6367182703551,25.3822344119618,1
TCGA-XK-AAIW-01A,-34.8002200534474,-8.7535443869277,31.3018815449126,1
TCGA-XK-AAJP-01A,-4.84183352496791,-27.6105319644969,29.236504913369,1
TCGA-XK-AAJR-01A,-13.2491870599984,-29.3229469714425,38.3998289343824,1
TCGA-XQ-A8TA-01A,-30.5204267201222,-6.90817635302356,32.7828004686746,1
TCGA-XQ-A8TB-01A,-13.9339778202161,-26.8511534578299,39.8963716530442,1
TCGA-Y6-A8TL-01A,-0.485125463219106,-27.1755738439335,32.7572120925782,1
TCGA-YJ-A8SW-01A,-30.7158903056166,-14.7863403420606,25.5316750129321,1
TCGA-YL-A8HJ-01A,-11.3158419624456,-30.1297377704019,38.7356544143407,1
TCGA-YL-A8HK-01A,-22.0358991078624,-27.5396555191327,24.0278386231134,1
TCGA-YL-A8HM-01A,-35.601704185682,-9.57505211240303,24.5153941216236,1
TCGA-YL-A8S8-01A,-32.7666821211924,-11.6041133954846,25.4747307749405,1
TCGA-YL-A8S9-01A,-28.2981150087523,-7.73445755083333,39.2438720703009,1
TCGA-YL-A8SH-01B,-7.93653545923223,-29.4257978102867,37.6827694635085,1
TCGA-YL-A8SI-01A,-24.8940654493981,-12.588344802631,31.2514432578464,1
TCGA-YL-A8SJ-01B,-27.2203793732387,-3.41849620438358,26.0983648612191,1
TCGA-YL-A9WH-01A,-33.9101546581031,-2.72190468438663,31.7381031066105,1
TCGA-YL-A9WI-01A,-36.1129622151511,-7.44653590356529,29.1886096360902,1
TCGA-YL-A9WJ-01A,-30.2447576596611,-17.558256816958,21.0826923646027,1
TCGA-YL-A9WX-01A,-7.01818524333378,-33.0784070840602,34.0998368529786,1
TCGA-YL-A9WY-01A,-35.1017006638762,-5.87901105753845,26.8702765157455,1
TCGA-ZG-A8QW-01A,-27.2589468558278,-4.2787064191909,31.7675303938988,1
TCGA-ZG-A8QX-01A,-21.8872989302914,-14.0813104430334,31.834257301145,1
TCGA-ZG-A8QY-01A,-8.45241663829624,-34.492747045347,35.1866100090629,1
TCGA-ZG-A8QZ-01A,-31.1088951138017,-27.0506561895354,27.5804493353224,1
TCGA-ZG-A9L0-01A,-31.0998986428998,-12.6390781475505,26.5177810627999,1
TCGA-ZG-A9L2-01A,-24.3987091043027,-16.550026159968,29.0040373934695,1
TCGA-ZG-A9L4-01A,-9.60820582662702,-35.2173373721916,35.2686144891262,1
TCGA-ZG-A9L6-01A,-7.24383640082102,-29.7228369896441,33.0627874867987,1
TCGA-ZG-A9L9-01A,-29.8620223317027,-7.35299373249488,25.6714215759727,1
TCGA-ZG-A9LB-01A,-33.8205654392373,-2.41832167881671,29.8740222398952,1
TCGA-ZG-A9LN-01A,-26.2870014263374,-8.29890065105253,24.5945365194844,1
TCGA-ZG-A9LS-01A,-30.9162428837792,-9.10532996302381,23.8939401330123,1
TCGA-ZG-A9LY-01A,-27.28865414887,-22.1448194747211,29.7391405513583,1
TCGA-ZG-A9MC-01A,-27.8853220226633,-13.2914642357079,24.8722758850202,1
TCGA-ZG-A9N3-01A,-31.9379954459982,-5.37058183931236,29.1326609683756,1
TCGA-ZG-A9ND-01A,-35.016788266561,-7.03472054233756,30.493310697977,1
TCGA-2A-A8VL-01A,35.6677271127004,37.9113580032516,-45.7819457304001,2
TCGA-2A-A8VO-01A,26.9832750402569,42.6228099097342,-47.4883283413408,2
TCGA-2A-A8VT-01A,29.4898171794893,14.9133439956266,-34.6376135268327,2
TCGA-2A-A8VV-01A,26.5187908136533,47.80518952288,-50.0224739085558,2
TCGA-2A-A8VX-01A,37.2030411327874,21.4959522411442,-33.8985238198073,2
TCGA-2A-A8W1-01A,27.1194131079778,16.5475476966976,-31.3932353647803,2
TCGA-2A-A8W3-01A,31.6190985275955,18.0210354893315,-26.5828494943814,2
TCGA-2A-AAYO-01A,21.8722292586271,38.2219291103512,-51.1677857047919,2
TCGA-CH-5744-01A,34.2496472715299,36.9482006661526,-51.2218645807528,2
TCGA-EJ-5501-01A,32.8979308778784,18.6838939473311,-31.02834404209,2
TCGA-EJ-5519-01A,31.2962654468489,43.2394139491747,-53.1547765937707,2
TCGA-EJ-5521-01A,25.827821936206,32.818759943344,-49.5662671675157,2
TCGA-EJ-7312-01B,27.988541757323,36.9439923603775,-50.0343337088739,2
TCGA-EJ-7318-01B,31.8962370853125,30.938445556983,-42.3271739441396,2
TCGA-EJ-7325-01B,37.3665940760104,32.6540447254875,-46.5074419740413,2
TCGA-EJ-A46B-01A,23.5144427167004,46.083666795157,-41.6408713998259,2
TCGA-EJ-A46D-01A,44.8971177135046,25.2194228084621,-38.6782828633274,2
TCGA-EJ-A46E-01A,31.4010482133282,15.6318528623471,-29.9350894038187,2
TCGA-EJ-A46F-01A,37.582258026803,35.0287822743845,-44.6748461617675,2
TCGA-EJ-A46G-01A,34.0994882272135,19.8606648397373,-34.8517077164425,2
TCGA-EJ-A65B-01A,25.7809135940703,33.3936559958042,-51.3933281556472,2
TCGA-EJ-A65D-01A,38.8175179373836,28.0326633238128,-37.2507447884549,2
TCGA-EJ-A65G-01A,44.8339627583055,25.7480485186497,-41.5088953257424,2
TCGA-EJ-A65M-01A,27.4877910348306,25.0785114866204,-30.0784443308982,2
TCGA-EJ-A6RA-01A,32.000205605429,37.9356134487239,-49.8725481959135,2
TCGA-EJ-A7NF-01A,27.0335380255131,41.7912844715531,-52.0697204833066,2
TCGA-EJ-A7NG-01A,24.0690627052916,14.9155745039601,-34.199562171381,2
TCGA-EJ-A7NH-01A,34.9898141519174,33.5197176163198,-43.2476898623596,2
TCGA-EJ-A7NJ-01A,22.319499402858,43.9962461284734,-41.7698848407704,2
TCGA-EJ-A7NK-01A,22.8246354099775,47.3374559465966,-47.3056840202279,2
TCGA-EJ-A7NM-01A,35.2221155739089,16.9336416952922,-33.1420497378757,2
TCGA-EJ-A7NN-01A,29.8814057037817,14.1723172638049,-33.1998708249784,2
TCGA-EJ-A8FN-01A,36.5582828790293,39.7835470217199,-47.5248884209596,2
TCGA-EJ-A8FO-01A,30.1253774628783,15.1606389506715,-36.0406475457274,2
TCGA-EJ-A8FP-01A,36.8580243926262,40.2841875249914,-47.0914128737672,2
TCGA-FC-A66V-01A,40.2872646919543,27.2602692621964,-40.1309306323057,2
TCGA-FC-A6HD-01A,36.6267007225276,30.9007880406879,-39.1019205286172,2
TCGA-FC-A8O0-01A,39.4011634874631,25.1291178510841,-41.6494232166869,2
TCGA-G9-6329-01A,28.6011170461888,41.8491087033464,-48.4472754711358,2
TCGA-G9-6339-01A,28.517066747718,34.3452185620943,-46.4113793549526,2
TCGA-G9-6342-01A,32.2517374234531,16.501727147322,-38.2135119603211,2
TCGA-G9-6343-01A,25.9807989647588,33.8270992813634,-49.9043634778659,2
TCGA-G9-6347-01A,35.0442617628788,26.4818232198001,-39.1800038085997,2
TCGA-G9-6353-01A,23.7147318621412,42.3947129389536,-46.423536389585,2
TCGA-G9-6354-01A,29.3948117076492,37.2935725694293,-48.1308916367554,2
TCGA-G9-6361-01A,24.0411040431537,44.5725613568337,-46.1141486661638,2
TCGA-G9-6362-01A,29.5294043716685,36.211010466329,-47.162067213898,2
TCGA-G9-6367-01A,22.2603772606653,47.7871718916471,-46.7073028321791,2
TCGA-G9-6369-01A,25.067541753593,44.2289244787119,-51.9016315288633,2
TCGA-G9-6373-01A,25.4537588581201,41.0976129135776,-49.7366724853867,2
TCGA-G9-6379-01A,39.8282108227811,26.1551908432315,-39.9186616687024,2
TCGA-G9-6496-01A,31.5956741978015,30.6106169415538,-36.1315204393892,2
TCGA-G9-6498-01A,23.9463887434567,45.7335027946701,-49.2608407827894,2
TCGA-G9-A9S4-01A,31.3625421830797,37.5342447433097,-46.4212532708987,2
TCGA-G9-A9S7-01A,30.5479227814022,38.7473175979646,-48.9803658823773,2
TCGA-H9-A6BY-01A,32.4477678774904,30.6128496770579,-36.4121406005811,2
TCGA-HC-7077-01A,35.3199978736734,40.4967209234007,-49.4593573369435,2
TCGA-HC-7078-01A,36.8078186796083,40.829300613399,-43.0642344959849,2
TCGA-HC-7745-01A,41.7003880474942,33.5933051758117,-47.1446681605725,2
TCGA-HC-7747-01A,25.6942815852106,47.1580446840924,-44.0069291890505,2
TCGA-HC-7752-01A,22.5875350595691,38.0455861841903,-50.4293634265673,2
TCGA-HC-7821-01A,26.0996455293218,10.7316908724001,-34.03210674454,2
TCGA-HC-A6AL-01A,37.2265680284706,26.4827083941965,-45.2286176643794,2
TCGA-HC-A6AN-01A,28.25484562688,36.6616916277787,-53.0328562175035,2
TCGA-HC-A6AO-01A,30.9960468183316,22.9026977542252,-42.7555776726738,2
TCGA-HC-A6AP-01A,34.9728486085938,29.1318190984663,-39.779764407179,2
TCGA-HC-A6AQ-01A,36.7333089286448,32.6179542415747,-45.2393328688883,2
TCGA-HC-A6AS-01A,35.6957864752616,31.6366362822487,-42.1393698604556,2
TCGA-HC-A6HX-01A,37.0578836271947,25.7255066912031,-38.1780300320641,2
TCGA-HC-A6HY-01A,32.9076978374188,36.9095691596806,-49.841821983844,2
TCGA-HC-A76W-01A,37.5806501716576,40.965161553641,-50.630372687414,2
TCGA-HC-A8CY-01A,32.2718015612492,19.8095635105048,-30.1349349514036,2
TCGA-HC-A9TE-01A,25.2690161257855,11.6492369178186,-38.3449228615452,2
TCGA-HI-7168-01A,24.9115820021029,33.5071709535426,-36.2861589083145,2
TCGA-HI-7169-01A,27.2038030085215,39.4362927554982,-48.5908524921635,2
TCGA-HI-7171-01A,24.3384548777992,44.8971860220785,-51.884929484855,2
TCGA-J4-A67K-01A,34.7568419770125,25.3342527539921,-41.2269150349026,2
TCGA-J4-A67L-01A,35.2157074559727,25.3845202619298,-43.4766068650808,2
TCGA-J4-A67M-01A,36.7696028125743,25.0489761587358,-43.20641593136,2
TCGA-J4-A67N-01A,39.9290845129686,24.7716574238437,-37.0781274679212,2
TCGA-J4-A67O-01A,34.6474224138759,31.3544377883783,-44.4594188469019,2
TCGA-J4-A67Q-01A,41.82901793957,29.9714288686877,-40.6088027720249,2
TCGA-J4-A67R-01A,38.1501817303544,30.0649387126142,-43.7830794863456,2
TCGA-J4-A67S-01A,37.5353932526037,25.3442701795763,-39.797099144836,2
TCGA-J4-A83K-01A,37.5471229956034,40.8557544260203,-51.134661333616,2
TCGA-J4-A83M-01A,35.4749368140886,38.5666190117581,-53.3784730235839,2
TCGA-J4-A83N-01A,26.1758652837614,44.0489372954771,-52.0661446068923,2
TCGA-J4-AATV-01A,25.8538443662852,16.1864747916381,-33.9039207361089,2
TCGA-J9-A52B-01A,34.3715795283081,33.5593566225896,-46.9362298115795,2
TCGA-J9-A52C-01A,30.1381759438529,29.365833518657,-31.5808497590522,2
TCGA-J9-A8CK-01A,42.1432401611707,26.8271966761398,-34.5720728210518,2
TCGA-J9-A8CM-01A,38.3675609156001,36.7351054607742,-39.4401656637894,2
TCGA-J9-A8CN-01A,26.1172635860592,36.4122111538738,-51.1450206524144,2
TCGA-J9-A8CP-01A,34.6294153086197,24.4751213061887,-38.6488192622318,2
TCGA-KC-A4BR-01A,28.2198082667632,30.5922277865663,-49.1155546350091,2
TCGA-KC-A4BV-01A,32.5566531866945,32.5540672220951,-50.4607850031481,2
TCGA-KC-A7F5-01A,37.4168826365849,23.2376962917963,-42.3846415455105,2
TCGA-KC-A7F6-01A,24.468967647127,34.0376011733446,-45.9080077561731,2
TCGA-KC-A7FA-01A,36.9203324940493,31.2861097695153,-44.1313044162209,2
TCGA-KK-A59Y-01A,38.3461207996779,26.6117319173818,-41.8806194322454,2
TCGA-KK-A6E1-01A,29.8773242093465,26.3561070171632,-37.219171538973,2
TCGA-KK-A6E3-01A,35.540637063863,30.3064359512295,-43.1997371136481,2
TCGA-KK-A6E4-01A,37.4494473723601,25.7134352350862,-36.7630855072957,2
TCGA-KK-A6E5-01A,32.0344779966664,16.9922327134209,-28.0636309909725,2
TCGA-KK-A6E6-01A,24.537327969443,42.1340371117988,-50.4115452998821,2
TCGA-KK-A6E8-01A,23.0686549594146,30.8953361898653,-33.0099361594272,2
TCGA-KK-A7AP-01A,27.5348613332833,36.8777335008041,-52.4355177525438,2
TCGA-KK-A7AQ-01A,36.5205683819304,29.5526824853908,-35.9866004837252,2
TCGA-KK-A7AU-01A,33.0428522120871,35.9634325771522,-46.2732080639129,2
TCGA-KK-A7AV-01A,42.6113640858214,24.1070328183414,-40.399171438448,2
TCGA-KK-A7AW-01A,36.583215641806,27.4347319990866,-36.9535998103195,2
TCGA-KK-A7AY-01A,39.4220994622368,26.4069571618367,-37.0559131387951,2
TCGA-KK-A7AZ-01A,38.5124556619055,20.1955427644444,-34.2471497045305,2
TCGA-KK-A7B0-01A,30.8625993458179,30.6761921703038,-41.7152539738584,2
TCGA-KK-A7B1-01A,23.343263064312,32.4474172353226,-35.1673606372412,2
TCGA-KK-A7B2-01A,33.4947559127841,32.2352960619637,-39.8740130835257,2
TCGA-KK-A7B3-01A,35.6790160228244,37.0519076312037,-51.316729877092,2
TCGA-KK-A7B4-01A,26.071602490892,41.56486429868,-51.4476141308757,2
TCGA-KK-A8I4-01A,36.2512998087511,25.733602806761,-40.3790184602135,2
TCGA-KK-A8I6-01A,32.857006854407,28.1508876930571,-37.0330405997656,2
TCGA-KK-A8I8-01A,37.5822948463915,21.5871750461817,-36.5012472484948,2
TCGA-KK-A8I9-01A,30.6256203621497,27.6725251575136,-36.3482946345683,2
TCGA-KK-A8IA-01A,37.4426717584227,38.372974201216,-41.6809214152466,2
TCGA-KK-A8IB-01A,25.4959389297508,27.7332343252427,-32.1526541051585,2
TCGA-KK-A8ID-01A,33.0491708735257,16.6065526411566,-30.6192712395754,2
TCGA-KK-A8IF-01A,39.3738312480868,27.9497107496026,-42.0006068438572,2
TCGA-KK-A8IG-01A,29.6715670261685,23.6850535501814,-43.4386373968965,2
TCGA-KK-A8IH-01A,40.7900099432383,17.7489735218212,-37.6754518060538,2
TCGA-KK-A8II-01A,27.7560094928784,15.7652443159489,-35.1414591162358,2
TCGA-KK-A8IK-01A,33.4121564838122,34.4358535075434,-48.1935023248453,2
TCGA-M7-A71Y-01A,27.7282491754816,30.3479715780303,-48.1245307357168,2
TCGA-M7-A71Z-01A,30.3156211510108,35.5771014670518,-46.292857003307,2
TCGA-M7-A720-01A,30.1896594656014,21.7223915718306,-38.301172193969,2
TCGA-M7-A722-01A,26.6474802223365,32.5209996309642,-50.6350654255287,2
TCGA-M7-A723-01A,25.9129529938517,41.5604888889763,-51.6261773208464,2
TCGA-M7-A724-01A,44.5670615338933,27.7260209582652,-35.8331015544383,2
TCGA-MG-AAMC-01A,31.6879957467693,39.2992222349031,-46.4997059742066,2
TCGA-QU-A6IL-01A,36.7806866884721,25.5727498566845,-43.4970046183917,2
TCGA-QU-A6IM-01A,34.5266889202045,27.2671229273022,-41.3320056628853,2
TCGA-QU-A6IN-01A,36.7028291730249,30.6171189446011,-41.1285928945554,2
TCGA-QU-A6IO-01A,39.7607683297624,29.2106398984985,-38.7516412668481,2
TCGA-QU-A6IP-01A,30.9438376844548,31.7180193123576,-51.900677554549,2
TCGA-SU-A7E7-01A,30.9215623120257,18.369646750355,-29.2407195478452,2
TCGA-V1-A8MG-01A,42.9257563757338,23.6008199191804,-34.7300904228243,2
TCGA-V1-A8MK-01A,25.1750257452182,48.0864365580002,-48.1100175732786,2
TCGA-V1-A8ML-01A,36.5384272816919,24.7520896873081,-33.7920319164823,2
TCGA-V1-A8MM-01A,37.3471660922833,23.1773286784821,-37.9810346843908,2
TCGA-V1-A8MU-01A,26.5006214427817,38.0803361994529,-47.9319603770295,2
TCGA-V1-A8WV-01A,34.3175609766077,39.5657368189991,-43.3926965235694,2
TCGA-V1-A8WW-01A,27.1538798198573,28.7355431405145,-28.3164580034441,2
TCGA-V1-A9OA-01A,43.5343160583674,22.3515592582358,-38.0732521101651,2
TCGA-V1-A9OL-01A,39.6842696756598,24.2257683377693,-30.9044587211262,2
TCGA-V1-A9OQ-01A,20.8551405189306,42.758549560483,-46.5423278308971,2
TCGA-V1-A9OT-01A,33.2569418211998,40.4361566667798,-46.6864915189878,2
TCGA-V1-A9OX-01A,26.8794831743995,33.8025070720696,-47.039884837116,2
TCGA-V1-A9OY-01A,30.8093114781795,35.3064996325437,-45.5670287112118,2
TCGA-V1-A9ZI-01A,30.649498393267,34.9896596122069,-45.9214521421282,2
TCGA-V1-A9ZR-01A,36.6359458499184,35.6347323905479,-48.1762338808152,2
TCGA-VN-A88I-01A,30.8498240318934,19.0167204293367,-44.6757732175645,2
TCGA-VN-A88L-01A,22.7446460885447,47.0400069784932,-48.5042046752285,2
TCGA-VN-A88M-01A,32.5232220707012,40.2625873793727,-51.1915198494476,2
TCGA-VN-A88N-01A,32.1358013892278,23.1518216343369,-32.9440367164083,2
TCGA-VP-A872-01A,24.8053668448105,31.5814206178703,-49.0260232503268,2
TCGA-VP-A875-01A,33.8998211740324,44.9377121897945,-48.0259553853816,2
TCGA-VP-A879-01A,41.2637829201281,27.8430558849114,-38.4876487402601,2
TCGA-VP-A87B-01A,24.8740178986343,41.2026166603051,-43.9354926427795,2
TCGA-VP-A87D-01A,27.8614721633517,45.5244790292768,-52.6987602639374,2
TCGA-VP-A87K-01A,31.5056085116856,40.0315387360429,-46.3045720500619,2
TCGA-WW-A8ZI-01A,32.798732573368,34.8012286180801,-50.8573392989532,2
TCGA-X4-A8KQ-01A,26.4878127689285,32.5627184552943,-48.2665774894696,2
TCGA-X4-A8KS-01A,31.6855944168072,35.5964801467237,-52.5956577286033,2
TCGA-XA-A8JR-01A,37.9075259604888,22.4901848944171,-39.6364623672569,2
TCGA-XJ-A83F-01A,29.9766912957889,44.2295150033757,-52.5165932178622,2
TCGA-XJ-A83G-01A,34.6240809849795,24.9436404069823,-41.3687834606656,2
TCGA-XJ-A83H-01A,32.756348837195,34.7347995102228,-45.9688579438007,2
TCGA-XJ-A9DI-01A,30.6213015538764,17.6987072733326,-34.9158123682451,2
TCGA-XJ-A9DK-01A,32.9794479600707,20.4953321214073,-41.5042980053721,2
TCGA-XJ-A9DQ-01A,30.3344396639675,40.6139817035957,-46.0117625090404,2
TCGA-XJ-A9DX-01A,43.5783826629003,23.9014753441321,-33.3740714121346,2
TCGA-XK-AAJ3-01A,26.7062948581885,31.9520387438023,-52.4819221603147,2
TCGA-XK-AAJA-01A,44.7436906278098,29.0731243384404,-36.8904430625787,2
TCGA-XK-AAJT-01A,25.2222641386531,39.8543453326724,-44.308406661888,2
TCGA-XK-AAJU-01A,31.3884372017867,16.3726558586619,-35.215345142996,2
TCGA-XK-AAK1-01A,42.1837068909548,25.8520967338264,-38.4700219032731,2
TCGA-Y6-A9XI-01A,32.2353178661974,43.4863062564147,-48.7138658520208,2
TCGA-YL-A8HL-01A,31.1094899982348,42.7291001029723,-49.5359648171212,2
TCGA-YL-A8HO-01A,26.0252863948222,28.8589304063045,-28.8629312533066,2
TCGA-YL-A8SA-01A,38.7457310442766,37.5111284866896,-46.2628647220159,2
TCGA-YL-A8SB-01A,24.5848812321095,47.1118617942204,-42.3049863019444,2
TCGA-YL-A8SC-01A,35.6158043118045,18.6341384755598,-30.2173210867598,2
TCGA-YL-A8SK-01B,29.3875145390122,18.3185816586996,-37.0168117545183,2
TCGA-YL-A8SL-01B,26.0749934625472,41.0400767994877,-50.3485249033478,2
TCGA-YL-A8SO-01B,27.0517149661347,35.297932513425,-51.1305430224653,2
TCGA-YL-A8SP-01B,42.3483272127622,23.0251318183292,-32.3531631831953,2
TCGA-YL-A8SQ-01B,37.2660056348599,40.9543226093277,-50.8939389190949,2
TCGA-YL-A8SR-01B,30.4855243469372,43.0311679271698,-49.1278596223822,2
TCGA-YL-A9WK-01A,38.0605108128472,24.9203956180203,-36.9852971228682,2
TCGA-YL-A9WL-01A,29.623211945812,42.2619620858734,-48.097972060371,2
TCGA-ZG-A9KY-01A,31.452354625857,16.6413840598611,-36.2240679978883,2
TCGA-ZG-A9L1-01A,40.8468290213682,27.9204343940509,-36.4537665175028,2
TCGA-ZG-A9L5-01A,38.3558729793615,26.430294704543,-34.969887247365,2
TCGA-ZG-A9LM-01A,35.6697940054407,30.316527705601,-42.7988832767565,2
TCGA-ZG-A9LU-01A,35.132280589391,27.8513812561599,-43.2594125497383,2
TCGA-ZG-A9LZ-01A,40.7862271091453,20.3294887083643,-34.3275692630818,2
TCGA-ZG-A9M4-01A,40.1767616317985,27.4412933958394,-39.7473542800145,2
TCGA-ZG-A9NI-01A,25.1125311725419,29.4663062175369,-34.002399842199,2
