Sample,X,Y,Z,Cluster
TCGA-2A-A8VT-01A,11.6100381275616,23.2419713464097,-212.998292732183,1
TCGA-2A-A8VX-01A,27.8352539008119,34.6640540732559,-205.07009224894,1
TCGA-2A-AAYF-01A,17.3756763209793,29.4713836036386,-211.284350084369,1
TCGA-2A-AAYO-01A,31.9346052582608,29.873271745738,-213.964424833138,1
TCGA-2A-AAYU-01A,17.8322371137388,50.4468894849399,-212.460154870065,1
TCGA-CH-5738-01A,11.9263702012105,36.3378115170545,-211.957563101102,1
TCGA-CH-5739-01A,23.3128700150029,28.441723463858,-202.153588191805,1
TCGA-CH-5740-01A,9.37667650778605,36.4007142874298,-204.869542137743,1
TCGA-CH-5743-01A,21.1933142015369,34.3210436394435,-213.183452870393,1
TCGA-CH-5745-01A,15.7783687772796,29.4450383802357,-204.942396588122,1
TCGA-CH-5746-01A,17.8602705825059,30.8294236095944,-204.213959362181,1
TCGA-CH-5748-01A,10.5913885153484,46.5523693870566,-212.942480046655,1
TCGA-CH-5750-01A,7.04326282539011,32.0931980799901,-206.459770604712,1
TCGA-CH-5762-01A,18.6890199197673,32.4078044949922,-199.092788644002,1
TCGA-CH-5763-01A,15.0356507133623,54.6451117138117,-210.391716309308,1
TCGA-CH-5764-01A,10.9913862674503,38.8045855977948,-205.851109837439,1
TCGA-CH-5765-01A,14.8753144400569,46.9116318472117,-208.209742080047,1
TCGA-CH-5766-01A,29.1066738820293,33.9004501985098,-213.689092168836,1
TCGA-CH-5767-01A,21.2595476801302,34.6941800475579,-211.88420519319,1
TCGA-CH-5768-01A,9.36996047858955,36.6212981436385,-203.900537714732,1
TCGA-CH-5769-01A,9.07936927869319,34.6314618151558,-211.028410178498,1
TCGA-CH-5788-01A,21.4947674151622,4.43771566112505,-217.225801588748,1
TCGA-CH-5789-01A,22.3818447278835,46.9488909935767,-205.029572315291,1
TCGA-CH-5790-01A,28.3167273924218,40.9861630096786,-205.904121183824,1
TCGA-CH-5794-01A,13.9880058424533,33.0232470489669,-193.467355840369,1
TCGA-EJ-5495-01A,25.1617811085689,34.4639927317771,-209.799669226192,1
TCGA-EJ-5496-01A,11.0605497379962,36.3124916487205,-200.114581915386,1
TCGA-EJ-5497-01A,18.2307741549642,41.4920406977618,-201.084019575483,1
TCGA-EJ-5498-01A,13.7354564872524,34.1197738561188,-211.293293875603,1
TCGA-EJ-5499-01A,13.5339656509852,48.298035192715,-202.810306005489,1
TCGA-EJ-5502-01A,28.5234249657817,35.4383427652569,-198.154366505281,1
TCGA-EJ-5504-01A,13.5623799693625,36.1676895042921,-196.27051458711,1
TCGA-EJ-5505-01A,11.5066276420267,37.4025876848868,-214.158068262562,1
TCGA-EJ-5506-01A,18.4644518750024,47.7340177176529,-205.604726796411,1
TCGA-EJ-5507-01A,6.2842962095352,51.0717472134242,-207.715430588003,1
TCGA-EJ-5508-01A,27.8287303351566,47.3491271835344,-200.714031603501,1
TCGA-EJ-5509-01A,-1.0932452464396,40.7395250972298,-193.676525880703,1
TCGA-EJ-5510-01A,22.0241175244919,46.9282870828769,-210.108538058482,1
TCGA-EJ-5511-01A,18.882973165806,39.1810620774302,-192.275865631612,1
TCGA-EJ-5512-01A,12.1630015982947,46.5526546204293,-203.45359467583,1
TCGA-EJ-5514-01A,20.0053723836446,22.6882131235048,-216.918741422954,1
TCGA-EJ-5515-01A,22.9779150189619,42.75865280382,-197.151091213652,1
TCGA-EJ-5516-01A,23.5580394002001,40.5712671982773,-212.535768886723,1
TCGA-EJ-5517-01A,23.2681629520754,42.2826476412871,-202.113079454066,1
TCGA-EJ-5521-01A,18.3901140069187,30.9447370078431,-212.381718282908,1
TCGA-EJ-5522-01A,18.9957729771804,30.4998895714868,-200.480755503035,1
TCGA-EJ-5524-01A,15.5324175328499,40.6036372811079,-198.339452212806,1
TCGA-EJ-5525-01A,6.77594925486684,43.0869193129155,-212.251945981436,1
TCGA-EJ-5526-01A,26.3334264328852,45.004489593048,-211.644135110081,1
TCGA-EJ-5527-01A,16.6520799494124,43.6980055086686,-199.734393593869,1
TCGA-EJ-5530-01A,9.13878199663858,46.3696210683871,-205.330020861825,1
TCGA-EJ-5531-01A,16.8513774071818,105.568158463801,-256.542216499484,1
TCGA-EJ-5532-01A,11.0771807695839,47.4833256800065,-211.335094213248,1
TCGA-EJ-5542-01A,28.4391153639673,51.3706560861537,-199.028327837798,1
TCGA-EJ-7123-01A,12.2343007436325,37.3491381114983,-207.179197966241,1
TCGA-EJ-7315-01A,18.2046393648734,39.4827726808493,-204.536512422317,1
TCGA-EJ-7321-01A,14.0388211910825,32.7925713429556,-195.744731572355,1
TCGA-EJ-7327-01A,21.7113615292981,37.7236133352782,-212.202682118792,1
TCGA-EJ-7328-01A,23.4764849745603,27.3765696077262,-209.942233703027,1
TCGA-EJ-7331-01A,18.3090934885186,20.5639987845891,-210.81255897252,1
TCGA-EJ-7781-01A,25.440841796212,47.3789404106176,-209.29125359935,1
TCGA-EJ-7784-01A,11.0618367480215,31.4793680332136,-197.802820646941,1
TCGA-EJ-7785-01A,22.4538515211309,37.0564719828636,-195.658074764203,1
TCGA-EJ-7786-01A,24.0602936351315,30.9519844845938,-211.369779615911,1
TCGA-EJ-7788-01A,7.10482636721039,44.9901290944387,-195.701199865541,1
TCGA-EJ-7791-01A,22.0703519016486,39.395026358567,-195.714227871558,1
TCGA-EJ-7792-01A,21.3609952047862,-36.9755496743668,-212.488399162905,1
TCGA-EJ-7794-01A,18.982420102972,35.5781697000127,-214.548462979884,1
TCGA-EJ-7797-01A,13.6615124561351,31.1735969645185,-194.759044788236,1
TCGA-EJ-8468-01A,19.6325258496098,45.438440706294,-290.033399816549,1
TCGA-EJ-8470-01A,10.482616156355,42.3847390347923,-205.856126649825,1
TCGA-EJ-A65J-01A,24.9436968437059,46.3534533531808,-207.626796720062,1
TCGA-EJ-A7NN-01A,23.9390119759798,56.8647700424919,-207.974625769263,1
TCGA-EJ-A8FS-01A,20.0488450079451,24.3540618258533,-212.390743349486,1
TCGA-FC-7708-01A,26.5168631157171,26.6790504248659,-197.875140266915,1
TCGA-FC-7961-01A,27.8630632612166,30.0285370355953,-215.400974503498,1
TCGA-FC-A5OB-01A,8.5291653805517,34.4231039260479,-193.356181025765,1
TCGA-G9-6342-01A,16.4116037252634,21.7170691239748,-211.458062407475,1
TCGA-G9-6348-01A,23.8713896232099,33.7103593227768,-211.68900816527,1
TCGA-G9-6363-01A,30.1929119494623,46.9492628238141,-206.744578189958,1
TCGA-G9-6364-01A,13.8193064642395,34.786955662203,-211.918868499868,1
TCGA-G9-6365-01A,15.6791682949998,45.1379659010561,-201.812475354016,1
TCGA-G9-6370-01A,17.7622761375087,38.2739963288639,-198.630047046392,1
TCGA-G9-6384-01A,16.2873717543691,47.2167403211538,-201.996700226296,1
TCGA-G9-6494-01A,14.2398200106463,41.448009554204,-198.542881308993,1
TCGA-G9-7521-01A,13.1335376252326,39.9632850593805,-214.603457212507,1
TCGA-G9-7523-01A,0.256743680746742,48.1034316326288,-208.933013404469,1
TCGA-G9-A9S0-01A,22.6628675159795,40.9704003504076,-209.325778409252,1
TCGA-H9-7775-01A,14.9818823416854,42.5216739462475,-214.399328660515,1
TCGA-HC-7075-01A,5.70992438451695,32.195219948247,-198.11050325321,1
TCGA-HC-7081-01A,18.1092390334669,33.3533396152251,-200.778097769366,1
TCGA-HC-7209-01A,21.4983256580314,39.5473030120222,-212.544374185904,1
TCGA-HC-7210-01A,26.0637683706313,35.5905520126566,-196.929188624943,1
TCGA-HC-7212-01A,7.42271971610334,31.4463385710134,-213.47815818928,1
TCGA-HC-7213-01A,19.4807993013906,33.705528095832,-207.790162813745,1
TCGA-HC-7230-01A,8.70299322647704,33.366495781011,-194.807822468955,1
TCGA-HC-7231-01A,12.3514259116352,33.9582245612829,-212.477861130603,1
TCGA-HC-7232-01A,15.6087035672983,31.3836873067474,-195.959581054438,1
TCGA-HC-7233-01A,11.4765737384674,40.498257316762,-207.82623666504,1
TCGA-HC-7736-01A,11.6657569396081,50.0690465957551,-210.190778205764,1
TCGA-HC-7738-01A,10.8204505898586,40.2116971858426,-212.567637472839,1
TCGA-HC-7740-01A,19.5142680691252,46.2228100252362,-197.123737707606,1
TCGA-HC-7742-01A,16.2709192854803,34.1207174411462,-193.825824397342,1
TCGA-HC-7744-01A,20.195558099796,41.7692535671603,-195.283995580885,1
TCGA-HC-7748-01A,7.96230261180429,34.556186398495,-216.190441012074,1
TCGA-HC-7817-01B,28.1028952613158,45.8860890483406,-209.094481050414,1
TCGA-HC-7818-01A,15.3752432225093,37.1587337427445,-208.720170295503,1
TCGA-HC-7819-01A,15.5121740717486,44.8493552479999,-202.966218670892,1
TCGA-HC-7820-01A,27.2332971735385,45.9824170498152,-200.238523704817,1
TCGA-HC-8213-01A,22.6488925272297,37.1365867943893,-214.945436759963,1
TCGA-HC-8216-01A,26.986291471912,40.7236599789309,-213.607758468962,1
TCGA-HC-8256-01A,17.8303815926937,33.1586664144196,-195.137865379906,1
TCGA-HC-8264-01B,27.5906277084668,43.6210370255084,-200.990389299804,1
TCGA-HC-8265-01B,26.0801243607593,35.657603830415,-202.10429139167,1
TCGA-HC-8266-01A,14.1548468415727,27.5643850079734,-212.624037096146,1
TCGA-HC-A8D1-01A,17.0552703133926,43.0830983993829,-214.184363482566,1
TCGA-HC-A9TE-01A,8.46256912909868,8.13393373211825,-214.954800824669,1
TCGA-HC-A9TH-01A,9.71606810390722,33.5176291377822,-210.332367279075,1
TCGA-HI-7170-01A,22.707217884535,47.3697878697749,-205.296280914,1
TCGA-J4-8200-01A,20.6147084522767,13.1947100011308,-212.901638876548,1
TCGA-J4-A6G1-01A,17.9454197861016,32.3109822429022,-215.863967358663,1
TCGA-J4-A6M7-01A,19.2732297404174,26.1920467531546,-208.317580231633,1
TCGA-J4-A83I-01A,20.6380518399686,44.7138449451876,-202.869836880174,1
TCGA-J4-A83J-01A,18.2916398111328,37.6342782545149,-194.971547237387,1
TCGA-J4-A83L-01A,9.22759483124899,40.9739845223876,-198.099745784729,1
TCGA-J9-A52D-01A,7.78914496713763,17.1366736788527,-213.470829754324,1
TCGA-KC-A4BN-01A,5.03110472556752,46.3930019170046,-204.080437962756,1
TCGA-KC-A7F3-01A,10.980753890222,34.1621193556756,-208.615393496496,1
TCGA-KK-A59X-01A,12.4620033834648,27.3162436073352,-206.132953513505,1
TCGA-KK-A6DY-01A,21.0977119730786,29.7206855430499,-196.474615101531,1
TCGA-KK-A6E1-01A,17.2790484479239,45.9039438966707,-205.154266124725,1
TCGA-KK-A6E7-01A,-1.60306483934272,31.4522789312194,-193.060785279574,1
TCGA-KK-A8I6-01A,26.2634612530791,38.473400908527,-211.18496940631,1
TCGA-KK-A8IH-01A,20.216488513882,35.4983101783048,-208.830439407846,1
TCGA-KK-A8II-01A,30.0478405352882,37.0435731463649,-200.277609583107,1
TCGA-KK-A8IJ-01A,16.3219662690914,28.9040626919946,-212.45695979749,1
TCGA-KK-A8IM-01A,18.9033507067744,35.2750821786709,-214.757751498964,1
TCGA-SU-A7E7-01A,19.7601466396569,30.8761445219797,-214.957876150708,1
TCGA-TK-A8OK-01A,18.9396026068774,38.9905488250096,-213.13154664143,1
TCGA-V1-A8WL-01A,17.8866636319821,31.5837152648822,-210.095098936846,1
TCGA-V1-A8WN-01A,-0.600920714052308,46.4786542023791,-206.478090797232,1
TCGA-V1-A8X3-01A,13.7326617362576,42.3631678413473,-206.634193910859,1
TCGA-V1-A9O9-01A,19.0642159562957,29.8531731738532,-210.489947242793,1
TCGA-V1-A9OF-01A,2.44304505906798,46.9338549247062,-203.337891760212,1
TCGA-V1-A9OH-01A,4.98566339620066,32.3181472371273,-193.130675030136,1
TCGA-V1-A9Z8-01A,12.3636734933703,48.5293120033913,-203.692789275016,1
TCGA-VN-A88K-01A,12.5658040326202,-18.1541516684648,-216.190698042449,1
TCGA-VN-A88P-01A,16.1484737868089,43.6902680694695,-214.218843222487,1
TCGA-VP-A872-01A,22.4030349198805,31.9483736679645,-208.710570799711,1
TCGA-VP-A876-01A,16.8819862481774,44.5842100672366,-193.756179668938,1
TCGA-VP-A87C-01A,16.649714177081,18.1741756510858,-215.842879773788,1
TCGA-VP-A87D-01A,6.99347210905894,29.2307951835388,-199.999034205315,1
TCGA-VP-A87J-01A,17.5136171340274,38.0276374223816,-205.608501303625,1
TCGA-XK-AAIR-01A,29.8495134763236,44.9222670101379,-211.399404898285,1
TCGA-XQ-A8TB-01A,14.5559427331245,33.5732108314207,-196.875550525215,1
TCGA-YL-A8HK-01A,22.2755118559924,48.1969167028919,-207.021214718997,1
TCGA-YL-A8HL-01A,10.4313415978918,31.8809158187925,-207.300990207489,1
TCGA-YL-A8S9-01A,24.7495872763832,38.9264450130882,-205.799998579709,1
TCGA-YL-A9WH-01A,18.4386610012957,28.8403798985775,-209.914484019375,1
TCGA-YL-A9WX-01A,22.7905654543766,51.7074087495999,-200.206012485389,1
TCGA-ZG-A8QX-01A,7.06421216315444,39.7120606535174,-204.22212020413,1
TCGA-ZG-A8QY-01A,8.4424957323478,46.9983155957921,-208.04665863513,1
TCGA-ZG-A8QZ-01A,20.1427638359428,44.2855967439687,-207.919151460165,1
TCGA-ZG-A9L4-01A,16.251551369051,49.9568365891881,-201.387215174404,1
TCGA-ZG-A9LS-01A,10.9178200956724,38.0896030982932,-208.171520589611,1
TCGA-ZG-A9LY-01A,13.69578545796,36.9306296535497,-214.955084627446,1
TCGA-4L-AA1F-01A,2.7335456854352,-0.837808988929386,63.3225273742517,2
TCGA-CH-5751-01A,-3.84169541419815,13.6229161759516,53.187037878974,2
TCGA-CH-5754-01A,7.74465753271456,-7.67320277580684,67.9555771391388,2
TCGA-CH-5761-01A,1.81100295150187,-2.39013863150505,54.6689137848433,2
TCGA-CH-5771-01A,-6.34208133284071,-4.64681471501758,60.8272594708966,2
TCGA-CH-5791-01A,0.245603991249657,11.6802717771412,66.3669772752351,2
TCGA-CH-5792-01A,1.86622887995021,17.8703860673716,55.978060772172,2
TCGA-EJ-7330-01A,1.48530711972698,-4.7308978647663,71.0489758627494,2
TCGA-EJ-7782-01A,-9.16768443185034,13.2934454071759,64.1238831222423,2
TCGA-EJ-7783-01A,7.95846865511508,14.4566136922049,58.2030454886248,2
TCGA-EJ-8469-01A,9.29807813318126,12.0079525395944,57.114056306353,2
TCGA-EJ-8474-01A,4.15171399854152,3.49201920452222,71.1922887244984,2
TCGA-EJ-A65E-01A,6.61667495428028,-4.17951408414645,67.0287936611298,2
TCGA-EJ-A65M-01A,1.15069968957311,9.73509764472385,64.5415398636127,2
TCGA-EJ-AB27-01A,-4.90057719488989,12.6281131292983,65.524384042156,2
TCGA-HC-7079-01A,7.97373467858687,11.4826258092682,65.0979268615002,2
TCGA-HC-7211-01A,-6.0978849995772,3.77472496556603,54.7643037715691,2
TCGA-HC-7737-01A,6.21542893529647,12.0264284939705,65.4598900188053,2
TCGA-HC-7740-01B,4.39281211344001,2.69824661062813,72.8860628914387,2
TCGA-HC-8258-01B,8.03889483731625,10.4927943601702,62.9906663762464,2
TCGA-HC-A4ZV-01A,-7.11829247081034,10.9133526107726,68.5268643651445,2
TCGA-HC-A631-01A,6.38177975730878,-9.46791000989766,76.2281945981607,2
TCGA-HC-A632-01A,5.0930715412573,-5.43125654887229,60.0565027768527,2
TCGA-J4-A6G3-01A,10.8170288236339,18.2870755585437,66.1926382379268,2
TCGA-KC-A7FD-01A,-9.94770085178267,1.25331518764514,79.4450366599608,2
TCGA-KK-A59V-01A,2.69519973376945,4.26912601966175,68.7620239183456,2
TCGA-KK-A59Z-01A,-5.0433451532476,15.5909858258457,72.881461004599,2
TCGA-KK-A6E0-01A,1.71511219312648,-5.20287491460328,68.7529884276554,2
TCGA-M7-A725-01A,1.93265953163451,1.52389143136765,71.9179369056999,2
TCGA-V1-A9O5-01A,8.3499405595094,6.72979022289881,56.3491129575301,2
TCGA-V1-A9Z7-01A,12.0336270584167,1.74019748474208,73.3945856651948,2
TCGA-V1-A9ZK-01A,7.71352407525154,-1.03574660655148,72.9214714908367,2
TCGA-VP-A875-01A,1.73102773261839,-8.96236989330172,79.2887910003155,2
TCGA-XK-AAIV-01A,12.1421183638445,14.472041772095,74.9460571171823,2
TCGA-XK-AAIW-01A,8.07545702583199,-5.52737376748242,75.1226112868423,2
TCGA-XQ-A8TA-01A,3.75720187759867,-3.93212823632487,57.3606829226195,2
TCGA-YJ-A8SW-01A,-5.3469543492149,11.0117874852663,62.0700949920496,2
TCGA-YL-A8HM-01A,-6.56292113824599,8.47077384190132,67.965367694231,2
TCGA-YL-A8S8-01A,9.05402365443802,-2.62499928529521,60.3568366008631,2
TCGA-YL-A9WY-01A,2.14724356737557,-4.29816708442891,63.0745311892693,2
TCGA-ZG-A9L0-01A,-1.36041967357181,4.48449010131922,63.1535445137138,2
TCGA-ZG-A9L2-01A,0.988729431841973,14.0891457501173,68.4291073270978,2
TCGA-ZG-A9LN-01A,4.11189789807004,13.8994151236792,73.3531649439616,2
TCGA-ZG-A9MC-01A,8.89325430290864,-0.0403887551631986,57.3351983097657,2
TCGA-ZG-A9N3-01A,-4.07314204115983,-0.701059714175656,62.2207930833831,2
TCGA-ZG-A9ND-01A,13.147722866482,-2.8361079256722,62.3179410190099,2
TCGA-2A-A8VL-01A,-14.361433340068,-7.42331488280941,114.802195815373,3
TCGA-2A-A8VO-01A,-21.9966558214246,-29.9943557729521,118.51984011502,3
TCGA-2A-A8VV-01A,-21.876884860635,-5.70072616291009,110.074102039127,3
TCGA-2A-A8W1-01A,17.9881078334914,-33.1121312280706,109.295178093533,3
TCGA-2A-A8W3-01A,-2.62091867256426,-15.879408608998,106.340884732477,3
TCGA-CH-5737-01A,-33.2557710996223,-15.30280160087,121.311065698679,3
TCGA-CH-5741-01A,-33.1546473798424,-12.4786938099115,120.3708754716,3
TCGA-CH-5744-01A,-19.4141538411299,-19.6477110504994,113.0049963275,3
TCGA-CH-5752-01A,-25.684356949801,-14.0537953891842,116.22754097518,3
TCGA-CH-5753-01A,-13.2637785117488,-34.0142409784184,126.27734037318,3
TCGA-CH-5772-01A,-33.1810013212384,-12.7596137048919,125.092283725561,3
TCGA-EJ-5494-01A,-7.3991730416742,-32.3384373615138,98.6831379568841,3
TCGA-EJ-5501-01A,-3.66026938532957,-18.9063453781472,102.406422305068,3
TCGA-EJ-5503-01A,-22.5044263186365,-24.713010081187,117.29029606609,3
TCGA-EJ-5518-01A,-20.6714808848791,-18.6111509137744,127.592403565983,3
TCGA-EJ-5519-01A,-24.556136974007,-13.2583479894548,109.194575614592,3
TCGA-EJ-7115-01A,-15.1628707096679,-24.3544744535845,131.23025432794,3
TCGA-EJ-7125-01A,-16.7114078057754,-16.2913729711594,133.581666895731,3
TCGA-EJ-7218-01B,-9.33613274827998,-24.4671206891294,101.967682185253,3
TCGA-EJ-7312-01B,-16.8270866074829,-7.23903714284881,108.093569473822,3
TCGA-EJ-7314-01A,-27.1512596114174,-23.2129706836596,118.964247793501,3
TCGA-EJ-7317-01A,-32.4994458365815,-21.9317203014818,119.883241105541,3
TCGA-EJ-7318-01B,-9.44921518436402,-30.0745872236141,108.529950942401,3
TCGA-EJ-7325-01B,-14.6337771861143,-23.7920287936406,106.234108959674,3
TCGA-EJ-7789-01A,15.2470283749195,-24.6126020968478,92.1160077955018,3
TCGA-EJ-7793-01A,-31.7822210670433,-33.3395098850681,118.440697947228,3
TCGA-EJ-8472-01A,-12.028448577052,-19.3844676928737,132.247759825801,3
TCGA-EJ-A46B-01A,-6.24379093732342,-21.9680716108225,104.727067923855,3
TCGA-EJ-A46D-01A,9.32890066086509,-14.7883222445257,111.444595490555,3
TCGA-EJ-A46E-01A,18.326191351336,-18.3206993022196,94.7292837661908,3
TCGA-EJ-A46F-01A,5.29434911612814,-27.9672111596143,109.216028258137,3
TCGA-EJ-A46G-01A,0.523622123809525,-28.5579601172591,100.594629744067,3
TCGA-EJ-A46H-01A,20.0851767518469,-34.2684517689525,88.6981953940728,3
TCGA-EJ-A46I-01A,-20.2114235419313,-22.048993045158,113.066032578849,3
TCGA-EJ-A65B-01A,-15.7986708244118,-25.1036285437234,107.829370125911,3
TCGA-EJ-A65D-01A,-13.5598862768529,-34.4942786564551,94.2256340378873,3
TCGA-EJ-A65F-01A,-23.8472936181314,-13.8610304319037,122.177670824874,3
TCGA-EJ-A65G-01A,0.937987803013074,-15.2652189139196,97.2049174920971,3
TCGA-EJ-A6RA-01A,-7.0823262107531,-23.2970833049009,114.517876052173,3
TCGA-EJ-A6RC-01A,-21.4830946113961,-21.445646322417,119.405815879663,3
TCGA-EJ-A7NF-01A,-29.9300737894657,-28.9752038475302,109.366835887778,3
TCGA-EJ-A7NG-01A,15.8569285784554,-21.0331392596535,98.0873413554344,3
TCGA-EJ-A7NH-01A,2.88152618762077,-13.0470919800259,94.1091174591712,3
TCGA-EJ-A7NJ-01A,-26.2237383797511,-13.432390078408,104.569931457881,3
TCGA-EJ-A7NK-01A,-25.5080483226462,-21.7187341449638,116.982673971238,3
TCGA-EJ-A7NM-01A,11.466404777221,-19.6842747722894,106.525006315014,3
TCGA-EJ-A8FN-01A,-12.3980268403521,-10.7360175979747,110.187583518403,3
TCGA-EJ-A8FO-01A,-6.92807196906819,-34.8558001946665,109.334632301878,3
TCGA-EJ-A8FP-01A,-6.19062916469013,-20.9171882729619,105.639049044861,3
TCGA-EJ-A8FU-01A,-28.833185147102,-29.8830174873532,120.458480432551,3
TCGA-EJ-AB20-01A,-17.1926839419601,-16.587848290245,104.059178789678,3
TCGA-FC-A4JI-01A,-21.8491109589789,-18.9156016194852,119.231205594873,3
TCGA-FC-A66V-01A,-6.31186498476216,-19.3557089566838,109.575219508775,3
TCGA-FC-A6HD-01A,1.52916532190003,-33.5729450348542,103.605643578109,3
TCGA-FC-A8O0-01A,-8.59109966226262,-31.7852856564821,91.0044196444991,3
TCGA-G9-6329-01A,-18.2662152744571,-16.409524365645,108.194574968601,3
TCGA-G9-6332-01A,-28.5524023363726,-16.5661373550059,112.986966166499,3
TCGA-G9-6333-01A,-26.2537444933194,-33.6292722980713,125.953053283997,3
TCGA-G9-6336-01A,-31.4242972618506,-23.6655278203838,115.330497938524,3
TCGA-G9-6338-01A,-24.1724968770239,-20.5338890428234,116.136156009795,3
TCGA-G9-6339-01A,-31.6318692672837,-11.9863130974313,122.725230420384,3
TCGA-G9-6343-01A,-22.1683916427127,-16.612440183089,113.202367542097,3
TCGA-G9-6347-01A,-1.85344933537739,-28.3241814020263,101.449712597406,3
TCGA-G9-6351-01A,-26.1975364890682,-12.3152185699718,119.090402301512,3
TCGA-G9-6353-01A,-28.4029886800531,-15.8700751731523,104.377753469099,3
TCGA-G9-6354-01A,-12.3156873072933,-6.49563781287271,102.768040559526,3
TCGA-G9-6356-01A,-13.7323751688704,-33.34842837156,127.027973249605,3
TCGA-G9-6361-01A,-17.0316882355946,-13.6259421985477,116.108688555736,3
TCGA-G9-6362-01A,-7.5212143336643,-21.8889875721182,104.326152274395,3
TCGA-G9-6366-01A,-23.4261415578325,-18.3419010800058,118.717829647402,3
TCGA-G9-6367-01A,-10.2535888448322,-13.500636771487,109.476275743157,3
TCGA-G9-6369-01A,-9.38318526816898,-18.3520249043514,121.900283280513,3
TCGA-G9-6371-01A,-27.0635711911475,-21.5563431414128,129.374126985619,3
TCGA-G9-6373-01A,-15.3581887270238,-9.14076129913818,119.642606811247,3
TCGA-G9-6377-01A,-33.4998401675109,-24.1325892959325,123.219223848574,3
TCGA-G9-6378-01A,-28.3629768366472,-12.2536201898194,127.050152017244,3
TCGA-G9-6379-01A,-2.92133326550106,-31.3021609775339,111.744303146501,3
TCGA-G9-6385-01A,-25.9189226211694,-29.9582816074862,129.633308819125,3
TCGA-G9-6496-01A,2.72320128733248,-23.0144562231257,109.989207682407,3
TCGA-G9-6498-01A,-10.2623426114021,-20.0250970867896,118.453065575566,3
TCGA-G9-6499-01A,-29.2142078386685,-18.6837172174106,121.720054491095,3
TCGA-G9-7509-01A,-29.7506914838798,-12.4469245646172,130.725491595395,3
TCGA-G9-7510-01A,-19.9477491463004,-19.0768277921778,116.190311212891,3
TCGA-G9-7519-01A,-17.5988928079072,-17.7171482113082,116.446731152252,3
TCGA-G9-7522-01A,-31.5627855031624,-18.2576882104445,124.438556806375,3
TCGA-G9-7525-01A,-29.9423802303399,-30.9792406502692,128.316478349982,3
TCGA-G9-A9S4-01A,-20.2108028391867,-12.8673151430509,117.961333855046,3
TCGA-G9-A9S7-01A,-21.1796663699791,-4.33041841629454,96.8086840317042,3
TCGA-H9-A6BX-01A,-15.4310887507616,-32.871261057423,115.020952222193,3
TCGA-H9-A6BY-01A,7.75434785095455,-36.5460161845355,97.8899130489327,3
TCGA-HC-7077-01A,-10.6001784575632,-8.41648113191047,98.5657787481606,3
TCGA-HC-7078-01A,-9.5676362112493,-17.1584570602436,100.298994924381,3
TCGA-HC-7080-01A,-17.4393867202238,-28.824234103824,123.782490818585,3
TCGA-HC-7745-01A,-17.2444158551149,-9.47365843490019,98.4383766426276,3
TCGA-HC-7747-01A,-24.3357375152539,-8.93187875205501,105.055270965706,3
TCGA-HC-7749-01A,-12.3053856937727,-18.0654381465058,121.46715991183,3
TCGA-HC-7750-01A,-23.8436106406163,-19.6884122499331,112.751930356161,3
TCGA-HC-7752-01A,-17.9037887044097,-21.8361292537263,117.606977828019,3
TCGA-HC-7821-01A,1.63261254210844,-16.4238228309727,108.315151305867,3
TCGA-HC-8257-01A,-8.03527626177221,-21.334042844751,108.93761313714,3
TCGA-HC-8258-01A,-19.0504503603433,-16.1551748940402,116.353699695432,3
TCGA-HC-8259-01A,-31.5925986330679,-21.8514331461457,125.668015233514,3
TCGA-HC-8260-01A,-14.7204255833678,-31.147273580251,115.209924603893,3
TCGA-HC-8261-01A,-13.0126025178901,-28.7861709645086,117.293997723588,3
TCGA-HC-8262-01A,-19.7962243311281,-26.824753541068,129.910494587587,3
TCGA-HC-8265-01A,-9.74239892999795,-25.0562799335745,108.923639591446,3
TCGA-HC-A48F-01A,-0.449764040793941,-18.5572618194106,108.796500486775,3
TCGA-HC-A6AL-01A,-11.595890868163,-20.4496668965558,114.095553571756,3
TCGA-HC-A6AN-01A,-2.6148044988023,-9.64777419373263,100.349561081732,3
TCGA-HC-A6AO-01A,-5.95444928102899,-31.3051992468062,111.605658186921,3
TCGA-HC-A6AP-01A,-10.8559807571743,-25.8791233914819,110.35991389826,3
TCGA-HC-A6AQ-01A,-4.06760315741582,-15.8302706625794,115.029226565556,3
TCGA-HC-A6AS-01A,3.97220888891044,-27.4431218174723,100.690019893475,3
TCGA-HC-A6HX-01A,-1.43636900285737,-36.4131599174706,112.34295878403,3
TCGA-HC-A6HY-01A,-12.7332359854676,-25.2365710296568,116.810415516526,3
TCGA-HC-A76W-01A,-4.93250217373501,-20.9151489733603,109.356085053682,3
TCGA-HC-A76X-01A,-23.7257092421594,-26.0677429416481,115.088795023085,3
TCGA-HC-A8CY-01A,13.128066466463,-34.8402634535021,105.40944712255,3
TCGA-HC-A8D0-01A,-6.75849786933931,-13.4324202065364,117.009105439489,3
TCGA-HI-7168-01A,-18.9897334018371,-32.1086789139082,120.828311163247,3
TCGA-HI-7169-01A,-23.0026165973192,-16.7521037945196,102.262982833857,3
TCGA-HI-7171-01A,-27.3812238282208,-29.4340571870397,128.45008666545,3
TCGA-J4-8198-01A,-26.45744602174,-19.60274257343,123.43203170355,3
TCGA-J4-A67K-01A,-1.84385330772356,-30.5423448045994,104.538207563198,3
TCGA-J4-A67L-01A,7.29621172704537,-17.6860371600449,112.996455212096,3
TCGA-J4-A67M-01A,8.94279704135756,-33.7856218144402,106.335276765607,3
TCGA-J4-A67N-01A,10.3251197400523,-15.088174154036,113.248078608942,3
TCGA-J4-A67O-01A,-8.60142913561229,-31.6700518342372,99.464364854244,3
TCGA-J4-A67Q-01A,-7.97871954275193,-28.1390160559557,101.58156969824,3
TCGA-J4-A67R-01A,-11.9407774098622,-16.2935714761588,109.086686694103,3
TCGA-J4-A67S-01A,-8.07779784236624,-22.5494491748505,96.2803940883923,3
TCGA-J4-A67T-01A,-20.0354911313001,-25.9019244581318,118.471196638629,3
TCGA-J4-A83K-01A,-9.80629838088497,-10.3899472247829,104.207768842462,3
TCGA-J4-A83M-01A,-1.41509069596576,-7.4761501222182,94.669178425181,3
TCGA-J4-A83N-01A,-22.608391591336,-17.2400094902095,108.461443499061,3
TCGA-J4-AATV-01A,14.0871834727665,-15.7815693755284,89.7485705394926,3
TCGA-J4-AATZ-01A,-10.5511470005181,-10.8484712569473,117.220364636342,3
TCGA-J4-AAU2-01A,-23.2778629805037,-18.7297859984428,120.007463499575,3
TCGA-J9-A52B-01A,-10.3328524184875,-20.4556388492568,113.503244626513,3
TCGA-J9-A52C-01A,-18.4969419333428,-34.3038164096703,113.18136613072,3
TCGA-J9-A52E-01A,-17.5146736408065,-35.048093469957,110.130949766324,3
TCGA-J9-A8CK-01A,-3.49054189965814,-27.8331340855138,97.9885619523462,3
TCGA-J9-A8CL-01A,1.29758923204412,-31.9819761495479,94.8466019505793,3
TCGA-J9-A8CM-01A,3.95377451710063,-19.2801355639471,92.5697088097449,3
TCGA-J9-A8CN-01A,-12.6294372617864,-20.9318877461901,103.802726955647,3
TCGA-J9-A8CP-01A,9.39809987119292,-27.2918820788102,108.685275570932,3
TCGA-KC-A4BL-01A,-1.33754581755967,-24.664600608038,109.741032174746,3
TCGA-KC-A4BR-01A,-15.9142572664087,-18.4407803284994,115.060290503426,3
TCGA-KC-A4BV-01A,-2.61242283325619,-9.23366228278443,104.448821913439,3
TCGA-KC-A7F5-01A,5.01981046155254,-34.731051969319,109.756991912549,3
TCGA-KC-A7F6-01A,0.0306783243200621,-16.235386235325,108.705578510663,3
TCGA-KC-A7FA-01A,10.1209676652267,-17.7007732028381,98.1480223142648,3
TCGA-KC-A7FE-01A,-17.9099869580967,-16.9050081566516,102.78761352684,3
TCGA-KK-A59Y-01A,6.01907481545904,-24.9809549134689,103.876874116771,3
TCGA-KK-A5A1-01A,10.672667422623,-18.3179589975549,90.3144192712933,3
TCGA-KK-A6E2-01A,-8.35267713787634,-25.0334289982649,99.8518525257938,3
TCGA-KK-A6E3-01A,11.3450813022016,-18.0113561047733,94.7068542736243,3
TCGA-KK-A6E4-01A,-1.71861575676703,-34.8397760014722,108.713532311118,3
TCGA-KK-A6E5-01A,-13.8887868005678,-24.3195654845394,113.624780115205,3
TCGA-KK-A6E6-01A,-32.6820470613424,-18.0449801343244,125.077097697789,3
TCGA-KK-A6E8-01A,-14.9304801474474,-38.74085977871,127.826859409707,3
TCGA-KK-A7AP-01A,-22.7356534856792,-20.467502658306,112.20146170151,3
TCGA-KK-A7AQ-01A,-14.9717668124899,-17.7955004485749,110.215284455586,3
TCGA-KK-A7AU-01A,-3.67233324881182,-16.3446392248062,110.810260634752,3
TCGA-KK-A7AV-01A,2.41212363147737,-32.6286741024044,94.4506734860228,3
TCGA-KK-A7AW-01A,-0.352286623534311,-23.7916345961808,92.9303105529875,3
TCGA-KK-A7AY-01A,5.3059379541265,-25.6152055970296,99.1432098867017,3
TCGA-KK-A7AZ-01A,5.59867488238567,-26.8424588974514,109.223014741229,3
TCGA-KK-A7B0-01A,1.69734646662578,-22.169098940207,111.892593355808,3
TCGA-KK-A7B1-01A,-7.47222948845392,-19.3727017970177,113.124295812919,3
TCGA-KK-A7B2-01A,-15.7918148574175,-12.8860702213152,95.0420242639999,3
TCGA-KK-A7B3-01A,-13.5382108200137,-8.52275067362534,100.713747511811,3
TCGA-KK-A7B4-01A,-26.5863115482838,-16.0613323515931,111.50438260126,3
TCGA-KK-A8I4-01A,1.75136032395391,-31.2443096701296,102.001963845641,3
TCGA-KK-A8I5-01A,-28.9352018692059,-16.5225232319189,112.274057637865,3
TCGA-KK-A8I7-01A,-13.4964833430409,-26.565225550609,104.808562493194,3
TCGA-KK-A8I8-01A,-8.78291328668925,-22.948910550836,99.1010394766445,3
TCGA-KK-A8I9-01A,-13.7082047612356,-32.0055462563669,106.238554794192,3
TCGA-KK-A8IA-01A,2.20596563065099,-18.8989690998001,111.180623483111,3
TCGA-KK-A8IB-01A,-16.0628495055447,-18.4960454397509,121.02421427069,3
TCGA-KK-A8IC-01A,-5.40594391729561,-29.0874519903556,120.518361747757,3
TCGA-KK-A8ID-01A,-3.94962451483515,-33.1544894581355,104.487988912058,3
TCGA-KK-A8IF-01A,4.36490324835372,-27.0472514452312,111.448223370688,3
TCGA-KK-A8IG-01A,13.2911802311033,-29.7068401921273,88.0243814540768,3
TCGA-KK-A8IK-01A,-3.44351504063662,-11.8575714625886,115.063207500394,3
TCGA-KK-A8IL-01A,-0.688814779857293,-35.6233638597632,108.647480958454,3
TCGA-M7-A71Y-01A,-12.4035036798084,-20.9908119376416,114.198102594096,3
TCGA-M7-A71Z-01A,-20.8792444381872,-17.5768423722845,107.427550472989,3
TCGA-M7-A720-01A,-5.00884446319696,-10.9494010504278,113.410811048461,3
TCGA-M7-A721-01A,-4.55225432956485,-13.8816241449183,108.386837622806,3
TCGA-M7-A722-01A,-14.317626810714,-31.7481109375667,98.3517071685519,3
TCGA-M7-A723-01A,-12.2613137331178,-28.6262377513638,116.815115793248,3
TCGA-M7-A724-01A,-12.3669852013291,-15.4232646694336,103.160009582329,3
TCGA-MG-AAMC-01A,-21.5045584394603,-24.2535405198758,101.293905064583,3
TCGA-QU-A6IL-01A,7.09080882988526,-30.5961418329277,100.316131426271,3
TCGA-QU-A6IM-01A,-5.39495191593837,-20.5985398230252,103.996581972636,3
TCGA-QU-A6IN-01A,6.87678948224854,-19.5971743214736,105.496554421514,3
TCGA-QU-A6IO-01A,-9.32312787856026,-17.3781319104321,92.8943331191273,3
TCGA-QU-A6IP-01A,-6.31285699988768,-15.790425805183,113.831451187234,3
TCGA-TP-A8TT-01A,-6.00765600687426,-34.1288756267977,120.171679463135,3
TCGA-TP-A8TV-01A,-12.007436780673,-31.3040579042559,111.800173991223,3
TCGA-V1-A8MF-01A,8.93091274395699,-22.0649798391003,98.6851349295585,3
TCGA-V1-A8MG-01A,-4.05020299117107,-19.7303633146933,96.5275049428083,3
TCGA-V1-A8MK-01A,-23.5003971460672,-30.7883444965929,101.552188561152,3
TCGA-V1-A8ML-01A,4.72087320648782,-14.9754688179832,97.1093649692049,3
TCGA-V1-A8MM-01A,-4.38223761159784,-34.8350814794141,106.228194648654,3
TCGA-V1-A8MU-01A,-5.44185293890599,-21.7438365364863,110.665371803195,3
TCGA-V1-A8WS-01A,-29.5971892690475,-34.4543443532121,124.577246039863,3
TCGA-V1-A8WV-01A,1.17294324447761,-24.0069979630156,105.963391895397,3
TCGA-V1-A8WW-01A,-18.1182315309349,-33.2243584808596,104.975608678405,3
TCGA-V1-A9O7-01A,4.73110990735683,-32.9463382208831,88.3971553371268,3
TCGA-V1-A9OA-01A,-8.95279198882756,-11.8702986973199,113.053510987302,3
TCGA-V1-A9OL-01A,-7.72517327844316,-22.4554928310618,115.780437061181,3
TCGA-V1-A9OQ-01A,-20.5994659616622,-20.6777666315761,113.987910823581,3
TCGA-V1-A9OT-01A,-9.58723653203375,-10.872273202973,103.806621247838,3
TCGA-V1-A9OX-01A,-1.83521008600438,-19.7633513424415,113.720483472783,3
TCGA-V1-A9OY-01A,-13.5444881182113,-22.4347864991134,104.217441061622,3
TCGA-V1-A9Z9-01A,-18.5590263765586,-28.2854826615043,122.94399977832,3
TCGA-V1-A9ZG-01A,-12.3483473953046,-30.7129197384409,110.608079368988,3
TCGA-V1-A9ZI-01A,0.684839403200246,-22.1412793739788,106.179905046183,3
TCGA-V1-A9ZR-01A,-7.12603888815679,-12.8121447311415,94.2169095103949,3
TCGA-VN-A88I-01A,-3.62687871830325,-25.890406973759,90.0841829197183,3
TCGA-VN-A88L-01A,-32.3504275613922,-19.7708100513165,126.416721241993,3
TCGA-VN-A88M-01A,-8.83823666986194,-16.7617868346351,117.328268049114,3
TCGA-VN-A88N-01A,6.92501511981017,-17.2540362106208,108.760540232242,3
TCGA-VN-A88O-01A,-30.0218955384195,-26.1340203362529,129.697372596481,3
TCGA-VN-A88Q-01A,-9.01304825090947,-6.35605255716357,103.144969376349,3
TCGA-VN-A88R-01A,5.47393143654471,-32.0856788269704,98.4907951652874,3
TCGA-VN-A943-01A,-24.938165210281,-18.3220546949208,123.969999692337,3
TCGA-VP-A878-01A,-20.0675434532647,-34.7435681547992,116.268477110074,3
TCGA-VP-A879-01A,1.5202969279015,-14.6147015448285,107.759135160645,3
TCGA-VP-A87B-01A,-24.1479488155317,-32.2185430893863,106.433038205764,3
TCGA-VP-A87E-01A,3.68005986660973,-19.6702897745738,94.7462420685441,3
TCGA-VP-A87H-01A,-30.0827532304588,-25.5450366290999,112.819953695817,3
TCGA-VP-A87K-01A,-5.59453846813461,-9.57819178310096,102.105120569148,3
TCGA-VP-AA1N-01A,-19.1224951356437,-38.6043244051032,102.075872682449,3
TCGA-WW-A8ZI-01A,-12.3586335719145,-29.7333283570483,108.52320628096,3
TCGA-X4-A8KQ-01A,-5.84342493604939,-10.6755818260477,97.2982714893741,3
TCGA-X4-A8KS-01A,-13.8585230973353,-22.7749473908788,114.917906810037,3
TCGA-XA-A8JR-01A,12.7023474410949,-22.4850194574424,113.957041222329,3
TCGA-XJ-A83F-01A,-15.4687063111172,-23.5952046767389,119.446139361294,3
TCGA-XJ-A83G-01A,-8.22135067677072,-15.4918487952712,96.2282158470854,3
TCGA-XJ-A83H-01A,-15.0986141309242,-15.392515229284,116.15493202368,3
TCGA-XJ-A9DI-01A,-2.73676684753458,-19.6234412949458,111.753397640911,3
TCGA-XJ-A9DK-01A,3.49339616908384,-16.7261166221693,103.876330028002,3
TCGA-XJ-A9DQ-01A,-19.0540583477656,-14.6687656773733,110.463313423913,3
TCGA-XJ-A9DX-01A,-4.68741131678624,-23.3001644764951,95.5738208841632,3
TCGA-XK-AAJ3-01A,-17.8139791360383,-25.1754399846168,113.559958000007,3
TCGA-XK-AAJA-01A,15.9784783042002,-20.3969225589002,115.062692297756,3
TCGA-XK-AAJP-01A,-12.8428392991138,-17.3040631651059,125.34509749044,3
TCGA-XK-AAJR-01A,-8.16442883210084,-26.6643580446802,118.601341375153,3
TCGA-XK-AAJT-01A,-15.3786200562144,-20.9788279792375,114.071406810742,3
TCGA-XK-AAJU-01A,6.04074797305605,-31.7358958281729,107.548926533827,3
TCGA-XK-AAK1-01A,11.3832789195305,-33.2149066089681,93.9087412071065,3
TCGA-Y6-A8TL-01A,-16.7412409784023,-22.7631689879641,102.3258852489,3
TCGA-Y6-A9XI-01A,-17.603138600652,-3.51833391036653,110.485541272003,3
TCGA-YL-A8HJ-01A,-9.96413128123637,-29.055083996376,115.389218478152,3
TCGA-YL-A8HO-01A,-19.9497739997729,-28.4064213589131,109.176687746113,3
TCGA-YL-A8SA-01A,-16.1044849231089,-24.7387612732929,106.887091419579,3
TCGA-YL-A8SB-01A,-14.7532057371389,-22.2063493745699,112.691184059422,3
TCGA-YL-A8SC-01A,3.87133316942202,-14.5182394314689,97.5262456939727,3
TCGA-YL-A8SH-01B,-4.28234864871758,-36.3813482121737,119.858703388102,3
TCGA-YL-A8SI-01A,-19.1168572926292,-28.9487443157361,111.188258986831,3
TCGA-YL-A8SJ-01B,-0.232856303949511,-28.2835650311533,98.3246676515573,3
TCGA-YL-A8SK-01B,8.63437195244441,-23.356579915264,89.5938981427879,3
TCGA-YL-A8SL-01B,-24.2497466589164,-16.9106863270958,120.228583983916,3
TCGA-YL-A8SO-01B,-9.30581317160341,-20.5856630175422,111.539516251994,3
TCGA-YL-A8SP-01B,-2.75675598871242,-20.8651673148119,107.854558177792,3
TCGA-YL-A8SQ-01B,-10.4130100752753,-28.0930661349523,111.293304223333,3
TCGA-YL-A8SR-01B,-13.0921852013765,-14.7774641601258,100.891485926246,3
TCGA-YL-A9WI-01A,17.9889366699516,-29.692854052772,106.548782006237,3
TCGA-YL-A9WJ-01A,-10.8919009761458,-29.2559549830007,103.261883711051,3
TCGA-YL-A9WK-01A,-8.15869430249937,-26.4578974004619,103.383416266519,3
TCGA-YL-A9WL-01A,-8.78165005720701,-26.8185285112845,97.4448129485035,3
TCGA-ZG-A8QW-01A,-22.272190230851,-32.3913159937572,123.356685037242,3
TCGA-ZG-A9KY-01A,13.3746971621897,-31.8380636777551,101.609740138088,3
TCGA-ZG-A9L1-01A,-0.43060819264585,-24.5647282428185,100.055619951705,3
TCGA-ZG-A9L5-01A,4.39936263441377,-13.4649344706112,104.482241844937,3
TCGA-ZG-A9L6-01A,-23.6363359264289,-33.0396399917059,120.909682066835,3
TCGA-ZG-A9L9-01A,3.18193615498349,-34.0417529046085,95.951239393582,3
TCGA-ZG-A9LB-01A,-3.25145621150616,-25.9560087836711,89.3469846226876,3
TCGA-ZG-A9LM-01A,5.52999233936574,-36.1053474185459,97.4646650054638,3
TCGA-ZG-A9LU-01A,-8.82888505002375,-15.0322911023574,103.588296728659,3
TCGA-ZG-A9LZ-01A,-9.64273524198397,-20.6254482074151,107.211236130135,3
TCGA-ZG-A9M4-01A,-4.33711752027801,-19.5975184112755,91.4697971583383,3
TCGA-ZG-A9NI-01A,-11.1326098495357,-27.2013380263529,101.452255280627,3
