Sample,X,Y,Z,Cluster
TCGA-2A-A8VO-01A,-45.4070389391952,193.895921998588,23.8869455014356,1
TCGA-2A-AAYF-01A,-38.2301053648281,189.96512663809,18.4187347000157,1
TCGA-4L-AA1F-01A,-28.1821292538941,173.142500115841,9.44481958249276,1
TCGA-CH-5738-01A,-33.0697240484376,185.36587154677,-0.163333650567122,1
TCGA-CH-5748-01A,-41.7794880144733,187.236040597914,34.3109435872744,1
TCGA-CH-5750-01A,-31.774934923328,185.445898226422,35.4707918073103,1
TCGA-CH-5752-01A,-28.1139414070207,182.123946525086,19.2829543384493,1
TCGA-CH-5754-01A,-27.8352469738105,185.508810298717,18.4179466489707,1
TCGA-CH-5761-01A,-47.4298664001008,191.403109399183,18.8226294718567,1
TCGA-CH-5763-01A,-33.5528540752261,195.506164277413,27.3409491798574,1
TCGA-CH-5766-01A,-34.1328518189362,189.910249066616,32.8250190016519,1
TCGA-CH-5767-01A,-40.2059053335253,232.606274874688,76.4941528534349,1
TCGA-CH-5772-01A,-43.2250603570124,183.490626229884,21.7237779596207,1
TCGA-CH-5788-01A,-36.890058460329,196.623890207087,22.1838495161138,1
TCGA-CH-5789-01A,-39.7681704383733,183.209160302707,36.3859600881686,1
TCGA-CH-5790-01A,-40.3575548485804,190.786412990766,10.5277880003068,1
TCGA-EJ-5494-01A,-47.469565585257,185.170778586042,12.4079005194336,1
TCGA-EJ-5497-01A,-39.9606175704228,182.684640016008,23.5832115367576,1
TCGA-EJ-5498-01A,-34.9328009420415,175.04448500098,5.90411539766144,1
TCGA-EJ-5501-01A,-29.7711497335331,188.348873314547,10.095302454122,1
TCGA-EJ-5502-01A,-30.3813267255098,195.448404452165,34.5988571454116,1
TCGA-EJ-5504-01A,-43.7517492959192,195.709936772793,19.1399772581253,1
TCGA-EJ-5505-01A,-30.0649153851469,187.610899308203,14.3630012265281,1
TCGA-EJ-5506-01A,-50.2290764504954,184.024045632239,15.1482866213802,1
TCGA-EJ-5507-01A,-42.6907621388277,193.746114960764,-4.84963029937678,1
TCGA-EJ-5508-01A,-32.5489728207524,168.904490750435,-1.83611447576009,1
TCGA-EJ-5512-01A,-37.3545990691766,175.962816142504,11.3070900668774,1
TCGA-EJ-5514-01A,-35.5495008365152,186.634315824709,20.0483155463339,1
TCGA-EJ-5515-01A,-50.1797196176289,192.830718304736,21.1457274745855,1
TCGA-EJ-5516-01A,-37.5074438620356,190.008465252991,15.2567316222627,1
TCGA-EJ-5517-01A,-39.3436418722664,179.14878373288,12.5131101215332,1
TCGA-EJ-5518-01A,-39.0556086326728,195.748351398303,31.4726287821183,1
TCGA-EJ-5519-01A,-46.6516029082904,183.096091624297,24.1432897249493,1
TCGA-EJ-5522-01A,-37.7993906090663,188.653242564606,23.835043001589,1
TCGA-EJ-5524-01A,-28.3729027888648,173.026489341252,-3.56321896843616,1
TCGA-EJ-5526-01A,-34.4383706815953,181.753385373885,0.0122279355837604,1
TCGA-EJ-5530-01A,-46.9959783567587,182.165768225749,18.1479953266976,1
TCGA-EJ-5531-01A,-36.4234128870025,194.999363533707,30.4397563821295,1
TCGA-EJ-5532-01A,-43.4437972943953,179.049673168096,30.7566007546195,1
TCGA-EJ-5542-01A,-36.7031473969571,183.226167430982,22.4225735036465,1
TCGA-EJ-7115-01A,-30.5996835089624,185.736085740364,61.1893069385078,1
TCGA-EJ-7312-01B,-34.0441251867923,190.569219470908,28.7841880840676,1
TCGA-EJ-7314-01A,-27.1204088939761,189.318508714568,13.6538824588995,1
TCGA-EJ-7317-01A,-28.4377655265966,180.693006502044,16.411030916376,1
TCGA-EJ-7783-01A,-37.0975348164723,187.676447400454,7.97349530586945,1
TCGA-EJ-7785-01A,-28.1378823727941,188.206331097282,-1.85619964248048,1
TCGA-EJ-7786-01A,-30.7712881547986,196.612867616945,27.3614013972627,1
TCGA-EJ-7791-01A,-27.3413089873444,197.122694387539,11.5225198829085,1
TCGA-EJ-7793-01A,-40.2276233161718,185.22186323241,31.1245238614311,1
TCGA-EJ-8468-01A,-42.6696366920733,194.424386789376,29.8912014680175,1
TCGA-EJ-8469-01A,-44.7703616025183,182.040155919488,26.7349451002432,1
TCGA-EJ-8470-01A,-42.3792632248214,194.620516935066,18.2701587643033,1
TCGA-EJ-8472-01A,-36.0389271920919,182.765488983154,7.44031555204969,1
TCGA-EJ-A65E-01A,-46.2763555636932,194.122693081921,22.8323831033964,1
TCGA-EJ-A65G-01A,-35.6780721072348,193.364600353332,11.6774130020508,1
TCGA-EJ-A65M-01A,-41.7802292286645,190.877753333477,21.1116264312751,1
TCGA-EJ-A7NH-01A,-38.3455818708324,181.901008334193,22.1055217213657,1
TCGA-EJ-A7NJ-01A,-29.5460929245688,193.758253373707,41.9675215911009,1
TCGA-EJ-A7NN-01A,-47.6370416167719,187.910940102319,21.2069103528968,1
TCGA-FC-7708-01A,-49.1492971518678,192.703275856196,27.8412220419069,1
TCGA-FC-A5OB-01A,-41.8246555083348,192.719157486955,23.9901936293184,1
TCGA-G9-6333-01A,-28.9780282096692,189.553785451347,18.987343197326,1
TCGA-G9-6343-01A,-26.1122376192996,187.365841552952,24.3476843485281,1
TCGA-G9-6351-01A,-39.1872501270299,238.687107034947,-69.9427889677529,1
TCGA-G9-6362-01A,-44.0779265976706,191.988943019524,4.02069814331592,1
TCGA-G9-6363-01A,-41.1789406766522,194.787727704794,23.9095841507286,1
TCGA-G9-6366-01A,-36.2816908254997,183.957123222557,22.4711984112245,1
TCGA-G9-6369-01A,-34.7462534219621,194.845436197888,38.6186966212092,1
TCGA-G9-6384-01A,-38.1460572380946,190.610175627102,6.2742727435325,1
TCGA-G9-6498-01A,-45.701333696082,195.723764782638,9.15924631604658,1
TCGA-G9-7521-01A,-52.172484747776,188.315778055399,23.62528426822,1
TCGA-G9-7522-01A,-44.810004155773,188.948065931104,23.1762891493812,1
TCGA-G9-A9S0-01A,-39.6674439473007,235.201574387557,-10.081001197845,1
TCGA-HC-7075-01A,-29.1823923017144,177.499474623172,8.20160969146762,1
TCGA-HC-7078-01A,-32.792579442688,184.521836567537,16.0895001167199,1
TCGA-HC-7081-01A,-37.6988553823585,191.315434587022,18.9936830511801,1
TCGA-HC-7209-01A,-31.8415422117519,193.057988236869,28.7001939212388,1
TCGA-HC-7210-01A,-39.1737019547309,202.720437209817,184.881577413158,1
TCGA-HC-7212-01A,-42.9598293801265,180.061852153424,12.9543589560429,1
TCGA-HC-7213-01A,-43.8101187617106,180.62488836004,26.9287629040935,1
TCGA-HC-7230-01A,-27.0616090248166,197.067409424123,35.3299477924665,1
TCGA-HC-7232-01A,-36.8091406860428,188.537746050399,17.7339308106336,1
TCGA-HC-7233-01A,-40.5331101968221,194.725041659987,31.2925772228061,1
TCGA-HC-7736-01A,-29.0235475250191,189.263488343035,28.7678803814666,1
TCGA-HC-7744-01A,-29.4842250334106,185.121412039672,20.8372329397619,1
TCGA-HC-7748-01A,-46.2829004537688,184.291126350343,26.4307563823912,1
TCGA-HC-7817-01B,-33.9416211915143,169.042547954855,13.0596481860447,1
TCGA-HC-7819-01A,-36.6495484371989,184.134613555061,24.3226707685124,1
TCGA-HC-7820-01A,-29.5440537958227,191.508196294531,29.1965039363549,1
TCGA-HC-7821-01A,-36.6183027229457,188.905550250323,13.5937106409114,1
TCGA-HC-8216-01A,-42.7974446243923,181.434232954006,-1.25296328026327,1
TCGA-HC-8256-01A,-33.9084722715009,176.84477515147,6.75611531196354,1
TCGA-HC-8261-01A,-44.8273157794006,188.860006090558,22.5001226823225,1
TCGA-HC-A48F-01A,-31.7788066476333,187.882750073099,23.5218252423431,1
TCGA-HC-A631-01A,-38.072035980932,177.043012526497,28.0420418410321,1
TCGA-HC-A6AN-01A,-30.455361849178,190.002852763526,19.7435072092779,1
TCGA-HC-A76X-01A,-24.5539193844868,192.295564782911,20.5070292375295,1
TCGA-HC-A9TE-01A,-32.4232922112516,189.129153553415,17.5723314204844,1
TCGA-J4-8200-01A,-41.7663247267288,186.900886178945,15.0103544134411,1
TCGA-J4-A6G3-01A,-43.6246122093134,187.277757690397,30.5463437266974,1
TCGA-J4-AAU2-01A,-38.5652073850366,192.717508282834,22.7708618115846,1
TCGA-J9-A52D-01A,-32.7701675660412,185.556180435632,20.6161905331488,1
TCGA-J9-A8CN-01A,-28.5537713825244,196.569492178123,24.3428517618004,1
TCGA-J9-A8CP-01A,-38.6047234945095,189.584544217585,27.4384062946754,1
TCGA-KC-A7FA-01A,-35.8897076091678,185.446293892489,20.915742469416,1
TCGA-KK-A5A1-01A,-33.1529716488947,182.456236226114,15.4465530686291,1
TCGA-KK-A6E0-01A,-38.0028012026782,187.857963571815,27.2397546171445,1
TCGA-KK-A6E1-01A,-39.8867341835865,182.873097112806,23.5699591533719,1
TCGA-KK-A6E6-01A,-29.0518008905278,191.476154612786,25.7473072147622,1
TCGA-KK-A7AV-01A,-27.6676616736697,193.906585772362,29.9447311984183,1
TCGA-KK-A8I7-01A,-36.2465376658646,182.994516474593,15.7249484321337,1
TCGA-KK-A8IA-01A,-25.3697599179716,190.297423781999,19.6007481794479,1
TCGA-KK-A8II-01A,-41.6504920720821,180.001836098917,19.8447403555286,1
TCGA-KK-A8IJ-01A,-40.486355867316,176.504603907447,4.15312783659631,1
TCGA-KK-A8IM-01A,-31.9836817355691,198.66454369559,16.9643998394001,1
TCGA-M7-A720-01A,-31.8220022770215,188.168402864966,26.9508471239193,1
TCGA-V1-A8ML-01A,-33.5482517527174,195.859499828992,20.216610228738,1
TCGA-V1-A8WW-01A,-28.2710040113415,192.094232049413,40.5770933312761,1
TCGA-V1-A8X3-01A,-42.7778079183047,183.544022383689,18.4126216444786,1
TCGA-V1-A9O5-01A,-37.9979033417429,182.070852920334,18.0467685808453,1
TCGA-V1-A9O9-01A,-25.093794158777,191.292100894132,27.6986436577626,1
TCGA-V1-A9OF-01A,-49.6973248689642,188.179686278868,14.0481878191498,1
TCGA-V1-A9Z9-01A,-34.6533194653756,196.293330465552,17.352172370655,1
TCGA-VN-A88N-01A,-35.1474695926617,195.943902008845,24.647870884076,1
TCGA-VN-A88Q-01A,-39.228492368144,179.802875473585,12.2724323404594,1
TCGA-VP-A872-01A,-35.1093374886836,194.910444333704,37.7511431604982,1
TCGA-VP-A878-01A,-36.5035997429095,196.88528455436,19.9061542462584,1
TCGA-VP-A87J-01A,-45.5271437223481,189.167050838975,18.9652016703375,1
TCGA-WW-A8ZI-01A,-43.6244682082307,187.479662289194,21.1866042782871,1
TCGA-XJ-A83H-01A,-40.2205886969282,179.345570758812,23.3360934334225,1
TCGA-XJ-A9DK-01A,-46.7284514700449,185.119114294927,20.709643904631,1
TCGA-XJ-A9DQ-01A,-34.8480831083666,187.203114683614,19.4671978836664,1
TCGA-XK-AAIR-01A,-36.3034321890778,174.273932391304,9.59176501239725,1
TCGA-XK-AAIV-01A,-51.2068844299352,193.13210579688,24.735353436793,1
TCGA-XK-AAIW-01A,-37.1936076245616,184.540743611629,14.3395751248343,1
TCGA-XK-AAJ3-01A,-37.0004987629335,185.711964347784,20.1850310902193,1
TCGA-XK-AAJP-01A,-42.3097836837185,195.162738029515,32.2249590611526,1
TCGA-XK-AAK1-01A,-42.3033615492053,189.292153668858,20.8459221969101,1
TCGA-XQ-A8TA-01A,-37.1556204475039,196.069339587665,31.6524730918561,1
TCGA-Y6-A8TL-01A,-36.4612243495061,189.757693652371,-22.2070322989005,1
TCGA-Y6-A9XI-01A,-41.7996160644624,180.086720504528,26.2520326343597,1
TCGA-YL-A8HK-01A,-44.5982223160423,190.485457897278,25.5038802826065,1
TCGA-YL-A8HL-01A,-30.9931375081997,193.052587984111,19.1861035723713,1
TCGA-YL-A8HM-01A,-31.9872828797147,184.83448171315,18.0656741068504,1
TCGA-YL-A8SA-01A,-35.6241037623076,194.031951637592,16.7852481774067,1
TCGA-YL-A8SH-01B,-41.442626235412,194.879995177905,31.7124800002787,1
TCGA-YL-A8SI-01A,-39.6269828283144,186.900476696607,33.9435097798779,1
TCGA-YL-A8SQ-01B,-34.8064883107644,193.372746352314,12.6228477189237,1
TCGA-YL-A8SR-01B,-38.7508367382025,195.99165618383,14.0213980361556,1
TCGA-YL-A9WJ-01A,-28.968543517225,199.828989169362,-6.96417784286869,1
TCGA-ZG-A8QW-01A,-35.5368806837116,194.348774915734,37.8756929971172,1
TCGA-ZG-A8QY-01A,-31.1991513098265,191.643331788036,50.4258058714977,1
TCGA-ZG-A8QZ-01A,-43.8540812834109,189.654304779798,10.4632978942682,1
TCGA-ZG-A9L2-01A,-33.320818121198,189.446253875224,57.1528285489635,1
TCGA-ZG-A9LS-01A,-32.8016064314918,187.586212148499,29.835081988682,1
TCGA-ZG-A9ND-01A,-39.0506637712035,188.058279257498,11.3655591546967,1
TCGA-2A-A8VT-01A,44.1598765821453,-84.5981265897893,-20.6496927294851,2
TCGA-2A-A8VX-01A,62.1095104716266,-88.7361511347431,-24.5969029251962,2
TCGA-2A-A8W1-01A,60.2841559588643,-87.8294546427109,-18.6255214258052,2
TCGA-2A-A8W3-01A,57.4447051427003,-78.4257471235549,-19.2141784056323,2
TCGA-2A-AAYO-01A,48.7587031416301,-86.9009559054572,-27.0704416654143,2
TCGA-2A-AAYU-01A,61.1416337869888,-93.8857382466282,-36.4259565154201,2
TCGA-CH-5739-01A,51.1926354585326,-81.3450236161749,-24.1363712894449,2
TCGA-CH-5740-01A,57.3808241829775,-69.1673839374052,-14.2624045205521,2
TCGA-CH-5741-01A,54.0054717910447,-76.0027283498578,-26.1380277263556,2
TCGA-CH-5743-01A,62.7631268648929,-92.198293169712,-20.2111453382776,2
TCGA-CH-5746-01A,59.2704214587705,-88.7153407540111,-9.18453536485695,2
TCGA-CH-5751-01A,56.4564893255687,-68.1478114989161,-26.0542883540705,2
TCGA-CH-5753-01A,42.148015349542,-84.2643881843672,-28.0593856726287,2
TCGA-CH-5762-01A,62.3611162707627,-76.2983199296015,-19.0514242098457,2
TCGA-CH-5764-01A,50.5611101175052,-87.5800002272974,-14.3944443894402,2
TCGA-CH-5765-01A,61.0735919110859,-86.1306691862275,-25.5373208646959,2
TCGA-CH-5768-01A,64.7974401221178,-87.6044956662708,-20.7255646924593,2
TCGA-CH-5771-01A,57.87255887637,-104.610070431615,-38.0190921553217,2
TCGA-CH-5792-01A,52.7270186940632,-96.5712019591608,-33.6837140082009,2
TCGA-CH-5794-01A,64.1408321895106,-80.289613989083,-22.0705868561232,2
TCGA-EJ-5495-01A,47.2703509118847,-81.59019228155,-16.1415868234842,2
TCGA-EJ-5496-01A,47.6088971290808,-88.1931867273574,-25.5994377255727,2
TCGA-EJ-5499-01A,53.3988155442623,-84.3562000216923,-38.9437181111844,2
TCGA-EJ-5510-01A,54.3296271186662,-80.5821159915853,-44.8419112171544,2
TCGA-EJ-5511-01A,57.5848990565956,-93.191220499653,-31.307161683175,2
TCGA-EJ-5527-01A,59.4862628523558,-78.0466858994647,-15.9675064090529,2
TCGA-EJ-7125-01A,61.3936934843364,-80.1814723097703,-23.88403915164,2
TCGA-EJ-7321-01A,45.1890884267115,-83.3511125062344,-34.213791758678,2
TCGA-EJ-7327-01A,46.3632611548656,-98.2937876659712,-27.0719993253297,2
TCGA-EJ-7328-01A,55.0883988716256,-85.853988206436,-31.3400154140474,2
TCGA-EJ-7330-01A,53.0516300294711,-82.5635784032312,-29.7822951189244,2
TCGA-EJ-7331-01A,47.9096205869771,-82.168606611679,-22.3455650255713,2
TCGA-EJ-7781-01A,64.8730494647795,-86.0585728130347,-13.1008466837307,2
TCGA-EJ-7784-01A,62.7605388693537,-69.1718494711658,-18.3619997953196,2
TCGA-EJ-7789-01A,62.6694097231786,-101.605722051033,-27.8122637102541,2
TCGA-EJ-7792-01A,52.3696198754067,-99.6362231148046,-26.7625876547981,2
TCGA-EJ-7797-01A,57.3179752842181,-70.4638687819316,-22.5316323484657,2
TCGA-EJ-8474-01A,53.4023831550645,-84.9770680733549,-26.9027807304565,2
TCGA-EJ-A46B-01A,54.1640017919388,-104.025735361705,-31.5724874134723,2
TCGA-EJ-A46D-01A,49.9724546454126,-94.35343934533,-19.9481843416797,2
TCGA-EJ-A46E-01A,44.3924388725724,-97.2527330436031,-25.2005045384743,2
TCGA-EJ-A46H-01A,41.1115060791385,-104.084942127819,-19.5026216458692,2
TCGA-EJ-A46I-01A,51.0439928496836,-103.452649893784,-33.7754676216434,2
TCGA-EJ-A65F-01A,50.3693067002106,-77.7182053703204,-13.283625026044,2
TCGA-EJ-A6RC-01A,60.7117503519296,-102.807302743572,-26.9363828467585,2
TCGA-EJ-A7NF-01A,51.7588862082425,-79.9174390989908,-32.7532229793106,2
TCGA-EJ-A7NG-01A,46.1872725178059,-93.0439821735297,-33.609649578413,2
TCGA-EJ-A7NM-01A,65.8176867233648,-90.055364409013,-26.465893822889,2
TCGA-EJ-A8FS-01A,46.3174878274943,-75.2477935813253,-26.2923916422041,2
TCGA-EJ-A8FU-01A,54.1361886861688,-107.278783220976,-31.7806086755864,2
TCGA-EJ-AB20-01A,52.1115109601953,-80.8907666238329,-20.6934643160064,2
TCGA-FC-A4JI-01A,53.544076756687,-87.7539755659089,-30.814382489118,2
TCGA-FC-A8O0-01A,54.7438980745987,-78.8215824995245,-20.2780024913491,2
TCGA-G9-6329-01A,56.0131941007911,-86.1861283598742,-35.7556270338019,2
TCGA-G9-6332-01A,50.7547416652754,-70.6790250471116,-23.7808736817775,2
TCGA-G9-6342-01A,54.7838139576566,-86.9213130055676,-26.2389861254137,2
TCGA-G9-6348-01A,62.3691051580505,-81.4591345437486,-35.2062659705446,2
TCGA-G9-6353-01A,49.0741773164095,-108.770480802924,-27.942156354943,2
TCGA-G9-6354-01A,61.40772374924,-89.7751807071925,-29.3524403103149,2
TCGA-G9-6356-01A,53.3630613264278,-97.3089633500909,-21.4595522718747,2
TCGA-G9-6364-01A,63.4215690612594,-94.4956847635268,-24.6578990158164,2
TCGA-G9-6365-01A,48.5209558809562,-82.8542411665376,-26.3291402784935,2
TCGA-G9-6370-01A,54.4478789981287,-95.0316861391073,-37.4377478656349,2
TCGA-G9-6373-01A,66.4976014580937,-93.1583407984198,-34.5265266377617,2
TCGA-G9-6378-01A,54.5398163043144,-88.2020119702042,-21.4486812686146,2
TCGA-G9-6385-01A,37.6827439958087,-96.4925487397803,-38.3865984459683,2
TCGA-G9-6494-01A,54.9589070829204,-88.8415341206866,-15.6007963659998,2
TCGA-G9-7509-01A,50.0912951326496,-101.301691138332,-30.6308323234974,2
TCGA-G9-7519-01A,52.4604221692942,-87.3808887972113,-13.3660858852265,2
TCGA-G9-A9S4-01A,54.9541540354218,-89.2694854980494,-12.204386049631,2
TCGA-H9-7775-01A,57.7035333493434,-84.1910349028612,-23.8958022514939,2
TCGA-H9-A6BX-01A,64.9182443490414,-104.794113074463,-32.817318906542,2
TCGA-HC-7077-01A,49.3986958655834,-103.060632911348,-39.569511325013,2
TCGA-HC-7079-01A,56.794622866764,-97.9131560678764,-36.8784350750193,2
TCGA-HC-7080-01A,60.4788853863056,-80.0861472333331,-26.0644589525066,2
TCGA-HC-7738-01A,61.7861107905993,-101.673406657588,-34.8480945567299,2
TCGA-HC-7740-01A,54.3778257401132,-98.0190683739723,-37.9727979667697,2
TCGA-HC-7740-01B,71.0514228526551,-79.3588705463621,-21.3995677483006,2
TCGA-HC-7745-01A,57.3103662672401,-86.3885379051205,-15.7337729811871,2
TCGA-HC-7749-01A,61.4855066607418,-74.3788911561889,-17.8114848833148,2
TCGA-HC-8213-01A,53.7614257450458,-75.6262820830373,-21.4405082011267,2
TCGA-HC-8257-01A,48.3797165528038,-75.8289859829894,-31.4685830055528,2
TCGA-HC-8258-01B,60.1221019244191,-82.8712865940726,-9.58087049359293,2
TCGA-HC-8259-01A,52.3904173494202,-96.4172615493118,-41.8486509864314,2
TCGA-HC-8260-01A,43.0312237241577,-99.1198052184021,-34.6627282561538,2
TCGA-HC-8262-01A,47.8891324260421,-78.8411951045744,-27.3537791236999,2
TCGA-HC-8264-01B,48.2634552101547,-95.5173111532456,-27.8426062553149,2
TCGA-HC-8265-01B,64.4117843863181,-81.9532928001692,-8.41939206910191,2
TCGA-HC-8266-01A,63.9963948391927,-89.4933995774599,-35.8579242739458,2
TCGA-HC-A4ZV-01A,64.8536520684634,-85.7739515966436,-45.5591227086729,2
TCGA-HC-A632-01A,58.8238124953062,-85.7051027162804,-21.5384833717145,2
TCGA-HC-A6HY-01A,52.8565760057778,-75.4767207507135,-37.1497521246481,2
TCGA-HC-A76W-01A,50.4340308519544,-80.6119184973705,-29.5445192735517,2
TCGA-HC-A8CY-01A,51.045359955287,-93.0241814562573,-35.7049750048271,2
TCGA-HC-A8D0-01A,50.4500453632562,-77.4483667607654,-37.1064343177603,2
TCGA-HC-A8D1-01A,66.0604111853013,-76.6523408567624,-11.7280577428164,2
TCGA-HI-7168-01A,58.6812098295774,-88.1428970665769,-27.0714409802395,2
TCGA-HI-7170-01A,61.0394050827012,-96.4860557233125,-20.2371320892238,2
TCGA-HI-7171-01A,60.852865477104,-82.7944556345599,-18.5613986573464,2
TCGA-J4-8198-01A,51.5101173576108,-73.6319049724774,-28.8278401778118,2
TCGA-J4-A6G1-01A,58.7862950558041,-78.3061648679431,-31.9936199089223,2
TCGA-J4-A6M7-01A,56.187722035708,-81.5518898680563,-13.5269890492086,2
TCGA-J4-A83I-01A,57.5501394829748,-85.7893481959103,-22.9534014665721,2
TCGA-J4-A83K-01A,55.1612057213849,-99.9030399651479,-22.5686188024465,2
TCGA-J4-A83L-01A,42.1890227043332,-91.7837596980903,-20.4162946734916,2
TCGA-J4-A83N-01A,57.2079144367596,-78.8651499679931,-31.7896886734634,2
TCGA-J9-A52B-01A,61.9717849363519,-86.8740915630932,-31.6047374236434,2
TCGA-J9-A52C-01A,64.1828344853222,-104.173925678642,-21.6591851117922,2
TCGA-J9-A8CK-01A,49.9886934964111,-88.9250902965195,-32.5241668356748,2
TCGA-J9-A8CL-01A,43.9917243575961,-85.538553859667,-15.8774654926677,2
TCGA-J9-A8CM-01A,57.8822471730449,-101.060221261407,-39.878538736721,2
TCGA-KC-A4BL-01A,48.9612973832009,-84.0589725088963,-25.2787387926261,2
TCGA-KC-A4BR-01A,65.1023276482163,-91.6757865960349,-25.5203413569946,2
TCGA-KC-A4BV-01A,53.9024114221857,-86.8677444004732,-9.24937778090391,2
TCGA-KC-A7F6-01A,64.9879114670384,-88.2682443773746,-37.287461246401,2
TCGA-KC-A7FE-01A,46.3098371790685,-89.4166203316125,-22.3265041874036,2
TCGA-KK-A59V-01A,60.8994181245537,-95.9339548004527,-15.5712579101742,2
TCGA-KK-A6E2-01A,63.0024984772434,-82.2002829019354,-37.2544170486027,2
TCGA-KK-A7AP-01A,53.5547057227463,-102.519113935579,-27.094022578499,2
TCGA-KK-A7AU-01A,57.4649533725486,-76.26103820019,-17.3814968418905,2
TCGA-KK-A7AZ-01A,58.2318630562941,-82.9534790563964,-31.8280933998869,2
TCGA-KK-A8I4-01A,47.2661157497582,-83.9407709771528,-16.4830248253423,2
TCGA-KK-A8I8-01A,61.7238003832885,-90.4700750564777,-30.4261312658904,2
TCGA-KK-A8IC-01A,55.3956006383596,-89.7696830569839,-30.6364455870576,2
TCGA-KK-A8IG-01A,54.1555344601504,-98.428309804548,-25.959780438858,2
TCGA-M7-A71Y-01A,46.2185063517428,-91.5347742248461,-10.6751181741488,2
TCGA-M7-A71Z-01A,64.774445046297,-71.4700550233963,-27.3555696784655,2
TCGA-SU-A7E7-01A,57.9431319279795,-81.8848578548698,-9.36145766304352,2
TCGA-TK-A8OK-01A,49.6424458519036,-86.695819526378,-28.798130429445,2
TCGA-TP-A8TT-01A,53.2185386956462,-82.8176331937729,-20.2289427454197,2
TCGA-V1-A8WL-01A,53.3668104069165,-79.9858318494512,-15.2275749084793,2
TCGA-V1-A8WS-01A,53.825339624225,-89.9242540035065,-15.9102014199048,2
TCGA-V1-A9O7-01A,62.7117513512442,-89.7679674830568,-33.4000974401778,2
TCGA-V1-A9OA-01A,67.2979427568667,-87.7052359874419,-44.3491080171144,2
TCGA-V1-A9OH-01A,49.9116722038379,-94.1233049805275,-42.9371868749151,2
TCGA-V1-A9OY-01A,56.4853870202616,-79.1002721681705,-29.6762635701758,2
TCGA-V1-A9Z7-01A,56.2134556579938,-84.4340002843227,-18.2153275938746,2
TCGA-V1-A9ZG-01A,62.1087164307863,-81.9196800659801,-16.7112442970592,2
TCGA-V1-A9ZR-01A,52.1069243758331,-92.7740459324481,-30.4498727353985,2
TCGA-VN-A88I-01A,49.8128368901242,-104.140221948477,-30.1833161697305,2
TCGA-VN-A88K-01A,64.5417714601916,-86.8407117087738,-33.1662949798153,2
TCGA-VN-A88L-01A,57.1306737596782,-94.3976661051328,-29.8401609904939,2
TCGA-VN-A88P-01A,59.883866125975,-88.7159470508045,-28.2428298095165,2
TCGA-VN-A943-01A,49.6706402395679,-78.8405446596827,-20.1967698634304,2
TCGA-VP-A876-01A,52.4190201007062,-69.2825345147544,-23.8683057748682,2
TCGA-VP-A879-01A,56.4154294945326,-104.009764252286,-29.51368135366,2
TCGA-VP-A87C-01A,65.4765167971886,-83.1878913904808,-39.5753631738882,2
TCGA-VP-A87D-01A,59.2005938326818,-78.9658047213494,-25.3673376099489,2
TCGA-VP-A87K-01A,49.5475676897451,-76.2932881416622,-22.0227844304583,2
TCGA-XA-A8JR-01A,48.3014019104116,-82.0476739834436,-18.5275543291542,2
TCGA-XJ-A9DI-01A,46.3218752399504,-90.0635148793379,-24.3692430688592,2
TCGA-XK-AAJT-01A,63.0367629744926,-94.7006614370047,-39.9939358436314,2
TCGA-XQ-A8TB-01A,54.4792473811471,-91.3060690665727,-36.0313169263533,2
TCGA-YJ-A8SW-01A,55.1534377708913,-82.6862715578539,-43.9612346573025,2
TCGA-YL-A8HJ-01A,57.6807645868055,-102.93716813958,-41.2036381109564,2
TCGA-YL-A8S9-01A,66.3839442616195,-95.4871090738529,-33.7422064201669,2
TCGA-YL-A8SB-01A,48.3172851910105,-91.0894398381262,-26.2582121085661,2
TCGA-YL-A8SC-01A,61.81877076431,-84.6841910841537,-22.3430729759843,2
TCGA-YL-A8SJ-01B,46.214175140829,-86.5064834244412,-17.0831138755305,2
TCGA-YL-A8SK-01B,61.1898677167256,-85.7281219055733,-16.5431776745738,2
TCGA-YL-A8SL-01B,60.3996635706678,-69.3614513820656,-18.3865977696836,2
TCGA-YL-A8SP-01B,63.3643474716524,-90.5619552998988,-17.2240275345492,2
TCGA-YL-A9WH-01A,48.4478661670789,-76.3723725146292,-30.751452137853,2
TCGA-YL-A9WK-01A,47.9954307705543,-77.6332592340166,-15.8915711267084,2
TCGA-YL-A9WX-01A,49.8736594811272,-102.012912176676,-29.6001913311266,2
TCGA-YL-A9WY-01A,56.3737263306374,-95.9053640473307,-31.3320280735624,2
TCGA-ZG-A9L0-01A,59.9913087264629,-86.9080750811172,-30.9392864602283,2
TCGA-ZG-A9L1-01A,52.9787612602689,-99.8228603812558,-27.0322250911223,2
TCGA-ZG-A9L4-01A,56.4183284446348,-89.0007105189219,-31.408898548136,2
TCGA-ZG-A9L5-01A,62.9125537403128,-71.4724602829681,-10.6675501621309,2
TCGA-ZG-A9L6-01A,53.5472223691138,-95.5631811103303,-22.3256853208978,2
TCGA-ZG-A9L9-01A,49.0408876778929,-83.1036982690687,-22.0120327286343,2
TCGA-ZG-A9LM-01A,48.449574957548,-89.5991190360559,-38.23363993629,2
TCGA-ZG-A9LY-01A,60.6295352457851,-94.802154056237,-33.1034442253156,2
TCGA-ZG-A9M4-01A,52.794876356781,-93.9338102241757,-31.499723944971,2
TCGA-ZG-A9NI-01A,53.0312762507771,-73.4767854662921,-16.5021256010165,2
TCGA-2A-A8VL-01A,-14.9192575275248,-91.6782909103969,15.3374165931234,3
TCGA-2A-A8VV-01A,-12.6768802750193,-71.4165966841205,4.63452253556332,3
TCGA-CH-5737-01A,-19.3312404977568,-86.1425666158209,11.092611402724,3
TCGA-CH-5744-01A,-39.4119448397527,-83.2723003867908,25.4898461364876,3
TCGA-CH-5745-01A,-34.6037190328795,-83.8584434565293,20.8715204734629,3
TCGA-CH-5769-01A,-25.7968826281883,-87.906906672925,24.4661836566621,3
TCGA-CH-5791-01A,-42.0634596719863,-81.8858100940817,19.7601111351904,3
TCGA-EJ-5503-01A,-36.1467930466438,-81.2040431833412,10.4584320719964,3
TCGA-EJ-5509-01A,-12.6681997202123,-82.8750654184254,-3.2061897457545,3
TCGA-EJ-5521-01A,-24.509963959477,-96.3808363554144,7.09294113344006,3
TCGA-EJ-5525-01A,-9.55907205575823,-90.0708964765569,-1.72402824534469,3
TCGA-EJ-7123-01A,-46.4540465700178,-79.6745017465291,19.9097610055469,3
TCGA-EJ-7218-01B,-34.8334606384991,-88.408166410574,4.01119105171266,3
TCGA-EJ-7315-01A,-33.3961812238533,-90.0110653546709,9.10683456667506,3
TCGA-EJ-7318-01B,-3.6228160614959,-84.9552546804428,5.34153200148969,3
TCGA-EJ-7325-01B,-17.6653215602525,-90.5001430193301,-1.0593635491344,3
TCGA-EJ-7782-01A,-19.9458586186076,-83.6535089381228,-1.25308652700021,3
TCGA-EJ-7788-01A,-21.3316419714641,-96.4206776036883,13.1505405581772,3
TCGA-EJ-7794-01A,-35.4299893885193,-99.1123908149209,12.6433754171636,3
TCGA-EJ-A46F-01A,-16.7618572164413,-75.0111463722477,0.654948168842366,3
TCGA-EJ-A46G-01A,-40.9025588477469,-86.5013278522948,24.1586597065747,3
TCGA-EJ-A65B-01A,-19.6733812607626,-83.5338234498281,6.12665945160496,3
TCGA-EJ-A65D-01A,-20.8086181561726,-73.8673912296688,0.439448335513166,3
TCGA-EJ-A65J-01A,-18.5123812864914,-84.6619729708533,4.89901773003305,3
TCGA-EJ-A6RA-01A,-37.7039280331083,-86.2387771182182,8.29063846010894,3
TCGA-EJ-A7NK-01A,-28.3699882268659,-96.1843371036869,8.4209061165902,3
TCGA-EJ-A8FN-01A,-34.0477165257466,-71.5207209189491,10.0878348234886,3
TCGA-EJ-A8FO-01A,-28.8806488062461,-84.4779510896112,14.3250760217086,3
TCGA-EJ-A8FP-01A,-27.6096855548656,-93.2219622717811,13.9225119231309,3
TCGA-EJ-AB27-01A,-43.5307332169115,-91.9767059417174,15.302696340317,3
TCGA-FC-7961-01A,-40.2267105313032,-83.2614473343032,6.76094778967503,3
TCGA-FC-A66V-01A,-15.8734727485844,-78.3151507703547,-4.39380419002122,3
TCGA-FC-A6HD-01A,-26.499235382409,-82.8193085788909,8.46105157997678,3
TCGA-G9-6336-01A,-19.7859841408988,-86.1386430635748,7.06594015191721,3
TCGA-G9-6338-01A,-32.5193126479969,-82.1305170157745,0.761731572222515,3
TCGA-G9-6339-01A,-11.1122487875764,-82.3073982391875,19.0543329428375,3
TCGA-G9-6347-01A,-7.73092798229305,-89.5811252709986,13.8005677383353,3
TCGA-G9-6361-01A,-24.9167979774974,-76.495536261141,-3.45443652106433,3
TCGA-G9-6367-01A,-44.4978086925263,-97.665781717546,12.8318606979631,3
TCGA-G9-6371-01A,-2.0570344216461,-79.6627648785743,8.07015736077519,3
TCGA-G9-6377-01A,-22.0716921158112,-69.67762151169,2.38953765398843,3
TCGA-G9-6379-01A,-11.8936670980029,-81.9685651942328,-3.98018809292704,3
TCGA-G9-6496-01A,-31.3760134051069,-94.3858206542621,13.5598671039071,3
TCGA-G9-6499-01A,-20.5120966308485,-94.8134496017687,8.03066884539926,3
TCGA-G9-7510-01A,-19.2060415807662,-89.8658597745118,14.9218712756771,3
TCGA-G9-7523-01A,-25.4158952441195,-84.073323762163,1.15918533128252,3
TCGA-G9-7525-01A,-23.0357998376591,-82.3203834148859,0.530116597115661,3
TCGA-G9-A9S7-01A,-21.7893268382852,-97.7131332227772,13.0598044984771,3
TCGA-H9-A6BY-01A,-17.2154189841525,-73.4473226451479,9.73154608945262,3
TCGA-HC-7211-01A,-23.1046498996772,-90.9796674649659,5.00956386258648,3
TCGA-HC-7231-01A,-34.8476507702835,-87.3762465657241,11.0423527386296,3
TCGA-HC-7737-01A,-28.866344756562,-83.1237104291822,12.5235640011433,3
TCGA-HC-7742-01A,-28.364019652459,-89.4949472493364,11.045693988625,3
TCGA-HC-7747-01A,-29.9801598516418,-81.9042863296256,11.894032956305,3
TCGA-HC-7750-01A,-27.7596062251711,-82.1178624412874,15.6721581309079,3
TCGA-HC-7752-01A,-27.8204632387324,-83.8048443771662,16.7265506384538,3
TCGA-HC-7818-01A,-28.1692703589174,-93.7249571215009,17.277700705788,3
TCGA-HC-8258-01A,-34.1887383350383,-95.3360310238998,4.58555546667365,3
TCGA-HC-8265-01A,-17.3767345259516,-78.5664958550293,4.22263711608286,3
TCGA-HC-A6AL-01A,-31.034750018162,-80.7702008987691,1.99548297596528,3
TCGA-HC-A6AO-01A,-12.1682049224753,-75.4875901282978,16.0262746980427,3
TCGA-HC-A6AP-01A,-12.8893597662146,-80.6668529425004,3.8271047082287,3
TCGA-HC-A6AQ-01A,-28.4672304758272,-82.3645276774949,1.5442925900611,3
TCGA-HC-A6AS-01A,-20.3635487008074,-78.0164078777754,6.28967879298362,3
TCGA-HC-A6HX-01A,-16.3516775350167,-74.4290606066465,-6.55266434988885,3
TCGA-HC-A9TH-01A,-27.0642313265309,-83.8027457058312,16.1768687523315,3
TCGA-HI-7169-01A,-24.2848304247353,-84.705303176676,-4.42113412227212,3
TCGA-J4-A67K-01A,-18.2318522101067,-89.3910877919559,7.18270639769493,3
TCGA-J4-A67L-01A,-31.7257006970776,-77.2225197048686,2.01261167791104,3
TCGA-J4-A67M-01A,-15.0245692280617,-72.5407107847433,-1.95725475752101,3
TCGA-J4-A67N-01A,-26.2261643999897,-72.9811102884281,-0.548624008876765,3
TCGA-J4-A67O-01A,-28.9650971748431,-86.391118236878,-1.96426353764702,3
TCGA-J4-A67Q-01A,-28.9307499593279,-81.1207033288083,8.57161871208873,3
TCGA-J4-A67R-01A,-10.7604455936104,-92.1910224211436,10.0383805866813,3
TCGA-J4-A67S-01A,-19.4252894331102,-74.4579418751708,2.86653364854316,3
TCGA-J4-A67T-01A,-25.8151404363525,-89.1716378608695,9.7609546808827,3
TCGA-J4-A83J-01A,-26.6505778539785,-84.8901095601903,15.0377006870185,3
TCGA-J4-A83M-01A,-17.5268485125985,-90.5112197727882,1.24263743074068,3
TCGA-J4-AATV-01A,-22.4761400041946,-88.5588215989471,4.17834453760961,3
TCGA-J4-AATZ-01A,-32.1134915429869,-86.8732814472473,18.982017446609,3
TCGA-J9-A52E-01A,-18.3517687142643,-77.9832549186964,2.1023525014753,3
TCGA-KC-A4BN-01A,-18.8794215045309,-83.2329322070196,14.7031376179036,3
TCGA-KC-A7F3-01A,-33.5883019291263,-94.5540734032743,16.3453944393745,3
TCGA-KC-A7F5-01A,-29.825584495129,-85.0273002593807,2.39716310238781,3
TCGA-KC-A7FD-01A,-4.68697670582144,-86.3442341653074,9.49247597397091,3
TCGA-KK-A59X-01A,-30.8118783263537,-80.6867235197097,15.3920925402351,3
TCGA-KK-A59Y-01A,-17.1345482563943,-87.2521779943285,15.0712269777859,3
TCGA-KK-A59Z-01A,-12.5287354783285,-75.7220660405841,-4.41747128237089,3
TCGA-KK-A6DY-01A,-43.0764151632845,-81.5892225341215,23.3374278384772,3
TCGA-KK-A6E3-01A,-27.7780731374852,-93.5207767391615,0.26190061603165,3
TCGA-KK-A6E4-01A,-17.7868728466068,-83.3580330328807,1.98996596881613,3
TCGA-KK-A6E5-01A,-25.7142161699067,-87.9638932195214,15.87832806459,3
TCGA-KK-A6E7-01A,-37.6485152120832,-90.4093948957772,8.40692259119822,3
TCGA-KK-A6E8-01A,-24.2529933934645,-73.6967642299974,4.81034513761342,3
TCGA-KK-A7AQ-01A,-16.4141314108448,-84.3395949997327,6.35811668463764,3
TCGA-KK-A7AW-01A,-27.3820038203337,-83.6203880755453,9.54586236526291,3
TCGA-KK-A7AY-01A,-33.3132248395798,-73.256639462497,2.6870427048612,3
TCGA-KK-A7B0-01A,-19.3541777369138,-87.6860963546059,7.95121905469884,3
TCGA-KK-A7B1-01A,-12.8103917687805,-92.9104460997712,-7.60170791017649,3
TCGA-KK-A7B2-01A,-25.1041876065476,-84.4474828425485,8.98353071398433,3
TCGA-KK-A7B3-01A,-32.9573202668719,-98.2654148618329,9.99179897325722,3
TCGA-KK-A7B4-01A,-35.7821368023138,-84.2067773926576,23.6857762714285,3
TCGA-KK-A8I5-01A,-21.6213880408917,-92.9252762082685,11.3124228407458,3
TCGA-KK-A8I6-01A,-40.5720261312489,-83.8858308255652,19.5535286941849,3
TCGA-KK-A8I9-01A,-24.963200057099,-97.6433096899177,13.1039942398997,3
TCGA-KK-A8IB-01A,-20.7576819219361,-70.8270447001461,-1.11405940914162,3
TCGA-KK-A8ID-01A,-7.0771166489936,-89.4193741054342,10.0326732464021,3
TCGA-KK-A8IF-01A,-17.6609768204438,-81.2860205931188,18.6028471322337,3
TCGA-KK-A8IH-01A,-27.1790228831404,-81.4329983322835,15.7515703170353,3
TCGA-KK-A8IK-01A,-9.44119392425938,-81.3125107940264,8.66101536542325,3
TCGA-KK-A8IL-01A,-31.5843377562517,-92.8287466071669,8.31149679823507,3
TCGA-M7-A721-01A,-25.1612303424803,-89.3429575899503,6.76206613580191,3
TCGA-M7-A722-01A,-15.9418353488097,-74.9694350872127,3.35965305404812,3
TCGA-M7-A723-01A,-43.9928090724325,-86.4330977928831,13.7867710881026,3
TCGA-M7-A724-01A,-25.6561618820937,-80.2282878625203,-3.11830908411283,3
TCGA-M7-A725-01A,-18.8980297911908,-80.739498227472,0.605307632503677,3
TCGA-MG-AAMC-01A,-36.0347938078753,-95.1105548734755,12.5263931219322,3
TCGA-QU-A6IL-01A,-6.34449503049159,-76.8204950190499,0.39621277973432,3
TCGA-QU-A6IM-01A,-26.4579327683702,-78.4104008753204,12.7537601289504,3
TCGA-QU-A6IN-01A,-9.233726542334,-80.6343843492614,-2.70403097174758,3
TCGA-QU-A6IO-01A,-26.9810260254339,-92.5241444697886,6.21720520708515,3
TCGA-QU-A6IP-01A,-22.8785295584621,-84.850661553593,1.01054786837351,3
TCGA-TP-A8TV-01A,-21.019638093998,-75.4079175082567,-2.25706864911102,3
TCGA-V1-A8MF-01A,-12.8111184461644,-77.151362397539,14.5524353904716,3
TCGA-V1-A8MG-01A,-14.8224197992214,-97.9367939102308,5.48581983884182,3
TCGA-V1-A8MK-01A,-29.0216765045143,-96.8473236631482,7.78358585131538,3
TCGA-V1-A8MM-01A,-21.7059625911968,-81.9346994367403,9.64544292374357,3
TCGA-V1-A8MU-01A,-21.0432197398501,-86.8064388727965,3.91233831324786,3
TCGA-V1-A8WN-01A,-30.3677986768457,-81.1353788311905,2.31015332565019,3
TCGA-V1-A8WV-01A,-23.9897944295088,-73.1906100730516,3.39689199063653,3
TCGA-V1-A9OL-01A,-16.8934804838381,-79.0405532461333,14.2886453156905,3
TCGA-V1-A9OQ-01A,-16.5828013828361,-87.2736602279504,8.36004243762109,3
TCGA-V1-A9OT-01A,-26.6842757116281,-92.6345701238306,15.7071624333867,3
TCGA-V1-A9OX-01A,-27.1038845223859,-91.6603737237347,1.39952533962874,3
TCGA-V1-A9Z8-01A,-17.5518337723011,-95.0421002215142,13.1364346328974,3
TCGA-V1-A9ZI-01A,-27.4201121227278,-82.1752865306918,1.04604254628599,3
TCGA-V1-A9ZK-01A,-33.8081113635899,-86.5355726098626,22.1192109134128,3
TCGA-VN-A88M-01A,-26.3845456953705,-83.8894768882826,10.590962821584,3
TCGA-VN-A88O-01A,-26.4614338003377,-95.0264412139991,20.2941766568361,3
TCGA-VN-A88R-01A,-29.0914706087149,-81.8775295977995,18.2254815540085,3
TCGA-VP-A875-01A,-17.880584026958,-88.1647702115675,-2.52519731163251,3
TCGA-VP-A87B-01A,-17.544700502484,-75.050506479677,1.78418116345993,3
TCGA-VP-A87E-01A,-16.911148474264,-87.4222098204356,8.14349393100258,3
TCGA-VP-A87H-01A,-15.151763486084,-92.2041437577592,-4.38996589446222,3
TCGA-VP-AA1N-01A,-22.0528240918988,-87.9625506557798,0.529637583273161,3
TCGA-X4-A8KQ-01A,-16.6332401162072,-74.3324683970423,18.6647645770609,3
TCGA-X4-A8KS-01A,-29.0875240163299,-95.9333166990916,15.2241809258708,3
TCGA-XJ-A83F-01A,-19.4179231352255,-87.264530908724,13.5095734885741,3
TCGA-XJ-A83G-01A,-33.1482120050721,-82.5968541137412,6.2406833009402,3
TCGA-XJ-A9DX-01A,-18.4003407460504,-83.71742263769,-2.13745061010028,3
TCGA-XK-AAJA-01A,-26.7054635444421,-96.9536395203514,12.0140085975797,3
TCGA-XK-AAJR-01A,-32.3865333181271,-98.6915728152201,11.1548524118161,3
TCGA-XK-AAJU-01A,-38.7781312152753,-80.0077102620708,22.7974513646286,3
TCGA-YL-A8HO-01A,-29.5881590130453,-81.2425734847268,-3.35213064685812,3
TCGA-YL-A8S8-01A,-16.6705596809714,-87.8848369685394,2.409378650921,3
TCGA-YL-A8SO-01B,-3.55114024084723,-78.8670625903651,0.832611366377475,3
TCGA-YL-A9WI-01A,-2.24473976333363,-74.53583474391,15.4394360479313,3
TCGA-YL-A9WL-01A,-15.6752882756574,-78.5265402338621,11.966649086556,3
TCGA-ZG-A8QX-01A,-21.7072382388818,-88.0539403688707,13.6156007418276,3
TCGA-ZG-A9KY-01A,-31.5744303057356,-72.047191851759,-6.92575707516359,3
TCGA-ZG-A9LB-01A,-28.4383284543914,-80.5707285005131,-1.45607843903065,3
TCGA-ZG-A9LN-01A,-14.2596380585752,-88.2280351704958,-0.63748857599511,3
TCGA-ZG-A9LU-01A,-20.905150297066,-90.630785149685,8.75185898212807,3
TCGA-ZG-A9LZ-01A,-23.7929996376172,-74.7627854519517,-9.41822657732535,3
TCGA-ZG-A9MC-01A,-16.0771607249747,-80.0739226287969,4.2307549628786,3
TCGA-ZG-A9N3-01A,-15.7843818011869,-88.0005728884988,5.61958657457934,3
