Sample,X,Y,Z,Cluster
TCGA-2A-A8VL-01A,18.996722434252,0.431792372164497,-13.7077554089385,1
TCGA-2A-A8VO-01A,12.7483637826462,12.2012439057842,-2.45954555014849,1
TCGA-2A-A8VV-01A,11.8383796246737,15.315708663115,-4.63545716943102,1
TCGA-2A-A8VX-01A,9.97459000883217,10.9137592974126,-1.75780724763661,1
TCGA-2A-AAYU-01A,17.7359839967369,6.75405522257771,-19.351554361304,1
TCGA-4L-AA1F-01A,10.2651397497279,2.00669769845392,-15.2812232995115,1
TCGA-CH-5737-01A,37.3481565424878,11.1725974638897,-20.7074544195498,1
TCGA-CH-5741-01A,28.2544540007425,8.68375803962705,-23.8511012846241,1
TCGA-CH-5744-01A,24.8269670702694,10.0409498939382,-22.7736572756308,1
TCGA-CH-5753-01A,5.29045586493106,3.11347670523062,-9.7677410329005,1
TCGA-CH-5766-01A,8.81683973147607,2.68341948633374,-15.5013218051277,1
TCGA-CH-5769-01A,-1.51178001551107,-3.796604616064,-8.76793005302635,1
TCGA-CH-5771-01A,17.4094307116839,7.32910183212065,-13.9402860617162,1
TCGA-CH-5791-01A,17.951887339384,-0.169327673573133,-19.5350731913851,1
TCGA-CH-5794-01A,36.292462540458,11.3615592715161,-16.6283248879725,1
TCGA-EJ-5495-01A,1.77688612259397,0.670259351233431,-12.6794523701256,1
TCGA-EJ-5496-01A,6.06557770088229,1.09941303267201,-10.2001956152327,1
TCGA-EJ-5497-01A,-1.3867081325742,-0.694674680032398,-13.0173325955556,1
TCGA-EJ-5501-01A,1.20948433804861,-5.33812430716045,-14.6913459589786,1
TCGA-EJ-5502-01A,16.7923603269477,6.14663871860365,-12.7706298984435,1
TCGA-EJ-5503-01A,18.5488658065953,5.67089294480199,-12.3073994020958,1
TCGA-EJ-5505-01A,23.8586994425551,1.8716230526865,-13.0193280185125,1
TCGA-EJ-5506-01A,11.8064416184061,5.63092118496698,-2.81287507236003,1
TCGA-EJ-5507-01A,13.8296676784952,3.89758745733003,-17.7085412390791,1
TCGA-EJ-5509-01A,29.7406326814216,5.30545832936153,-21.0003886958487,1
TCGA-EJ-5510-01A,16.6440535465137,7.82954898816708,-23.7178727032265,1
TCGA-EJ-5512-01A,13.9885689040381,13.8357116782299,-3.25341748675221,1
TCGA-EJ-5514-01A,7.48625078811876,6.26809360760685,-5.95962393968046,1
TCGA-EJ-5515-01A,16.7111795118651,7.92851597028897,-9.90483974936913,1
TCGA-EJ-5516-01A,-0.611578876918811,-3.20032551370949,-10.4890345227272,1
TCGA-EJ-5519-01A,1.03256526478203,-5.29267507984043,-13.8889180924887,1
TCGA-EJ-5521-01A,11.6933305789222,4.55501546070058,-19.011441622727,1
TCGA-EJ-5522-01A,-0.298548810617166,-2.9719273284795,-12.8859887777969,1
TCGA-EJ-5524-01A,3.13184580032782,-1.1491362161508,-13.4350212315684,1
TCGA-EJ-5526-01A,5.005454412324,3.12460405501769,-10.2557038273386,1
TCGA-EJ-5531-01A,15.125146099892,4.49604197825914,-6.67068232156397,1
TCGA-EJ-5542-01A,1.14270552227092,-1.71240828071628,-11.4208343126382,1
TCGA-EJ-7115-01A,28.5865432887912,8.0966967809854,-21.316481093718,1
TCGA-EJ-7218-01B,33.710587122916,9.00581316144615,-18.5278754950915,1
TCGA-EJ-7312-01B,16.1192932711975,2.82053917315248,-9.96050720557475,1
TCGA-EJ-7315-01A,12.2313034701332,3.12887818707358,-20.0988320845795,1
TCGA-EJ-7317-01A,24.8833740370637,8.04490242650744,-18.4558786743051,1
TCGA-EJ-7318-01B,28.2511117443806,1.1743049667405,-17.1447407362271,1
TCGA-EJ-7325-01B,17.971229316513,6.69630556003501,-23.6616673674616,1
TCGA-EJ-7331-01A,7.22736802441317,6.16497068083023,-7.94178956284402,1
TCGA-EJ-7782-01A,17.9755502465219,2.20556730582005,-18.7152905563423,1
TCGA-EJ-7785-01A,1.49666658392558,-1.13333812403773,-13.7933908419237,1
TCGA-EJ-7788-01A,1.57122615894097,-1.45022315270532,-13.0900326193153,1
TCGA-EJ-7791-01A,3.02116046231424,0.396945636415759,-12.4837281598871,1
TCGA-EJ-7792-01A,2.6280321032801,5.18961690709412,-7.97538216930997,1
TCGA-EJ-7793-01A,16.7552306143867,6.29677319887229,-7.95933102374438,1
TCGA-EJ-8468-01A,12.5523082082149,1.37059164431408,-12.1958272475995,1
TCGA-EJ-8472-01A,20.1505503313491,7.88081143052301,-11.9615447850638,1
TCGA-EJ-A46B-01A,14.3182319403918,7.37101199385547,-8.61267887155878,1
TCGA-EJ-A46F-01A,22.9533338633625,8.84046341156954,-22.5112479216022,1
TCGA-EJ-A46G-01A,36.1892614269512,10.8407303751929,-20.5957111912263,1
TCGA-EJ-A46I-01A,28.7703696432424,3.07154326999518,-23.4199658090805,1
TCGA-EJ-A65B-01A,34.2608195030667,12.2339271399222,-19.85950728918,1
TCGA-EJ-A65E-01A,21.3436486957683,0.726705585310484,-12.3908861168673,1
TCGA-EJ-A65G-01A,27.2920225226138,3.67820272596002,-16.6525065147748,1
TCGA-EJ-A65J-01A,20.9236593721314,2.8518790083729,-16.2651693413981,1
TCGA-EJ-A65M-01A,33.0236423295663,7.69135278089341,-18.0277029593592,1
TCGA-EJ-A6RA-01A,18.5562112326647,0.499714088264118,-10.4572858019255,1
TCGA-EJ-A6RC-01A,34.6941443634603,6.64969843384849,-18.0464878387071,1
TCGA-EJ-A7NF-01A,15.7639134256241,9.51735596180407,-24.748025008246,1
TCGA-EJ-A7NG-01A,14.4803777192142,11.4547081478936,-4.45845854509766,1
TCGA-EJ-A7NJ-01A,20.1757368286284,1.85935265994443,-9.71570758185334,1
TCGA-EJ-A7NK-01A,18.5452961393139,8.00795160546806,-12.1031136088491,1
TCGA-EJ-A7NM-01A,22.8556628448558,3.79281605691245,-15.0672155080753,1
TCGA-EJ-A7NN-01A,15.9908236594392,2.66031850240028,-4.99646965317343,1
TCGA-EJ-A8FN-01A,29.4594414904929,10.064652917974,-18.6775304159074,1
TCGA-EJ-A8FO-01A,17.612065092333,3.52631775503038,-10.910227829747,1
TCGA-EJ-A8FP-01A,22.8356147941609,6.94837533576982,-9.22648469596517,1
TCGA-EJ-A8FU-01A,18.9882941490906,7.98056996953056,-12.9629185711187,1
TCGA-EJ-AB20-01A,14.9988692197764,11.5572898422828,-6.25319341914846,1
TCGA-EJ-AB27-01A,16.370618352559,8.49801508651078,-7.55622467387983,1
TCGA-FC-7708-01A,3.11167930302153,-3.581453275487,-11.7166812995898,1
TCGA-FC-7961-01A,14.0530419682632,3.63472640781867,-12.2204223024621,1
TCGA-FC-A5OB-01A,12.2794283471397,3.19003699527754,-1.82299547587196,1
TCGA-FC-A66V-01A,20.2826469116167,0.0295143666400995,-13.1525653127241,1
TCGA-FC-A6HD-01A,34.477319395779,7.53257439271694,-16.9089708305871,1
TCGA-FC-A8O0-01A,23.8553228158906,4.6865695000127,-14.9219447203558,1
TCGA-G9-6329-01A,19.5226624179753,5.32779358271669,-12.0241185530423,1
TCGA-G9-6332-01A,-0.795125377060295,-4.57783390089661,-16.8615999447693,1
TCGA-G9-6333-01A,25.4591032861917,2.08144929473822,-14.8301650747683,1
TCGA-G9-6336-01A,8.13815860795513,1.35734931504844,-11.5153961819403,1
TCGA-G9-6338-01A,38.316060116103,7.84594128539022,-22.307395263343,1
TCGA-G9-6339-01A,21.5925920077851,-2.8699034636135,-9.44767952851455,1
TCGA-G9-6342-01A,38.4818798147334,11.9209817215524,-19.1779759520673,1
TCGA-G9-6343-01A,21.1752129303363,5.68959717176665,-13.0878908461983,1
TCGA-G9-6347-01A,22.4254940453575,5.78478415321289,-11.1384392702966,1
TCGA-G9-6351-01A,17.699139478984,2.73515016722026,-12.4352659942041,1
TCGA-G9-6353-01A,22.295578909052,6.74798405578924,-12.3370518050478,1
TCGA-G9-6354-01A,22.9146770812611,1.88543603936108,-18.2184677540057,1
TCGA-G9-6362-01A,21.5126427608859,5.66660982147596,-10.5505652596422,1
TCGA-G9-6363-01A,12.3326556536335,3.0223770880521,-15.9368614341734,1
TCGA-G9-6364-01A,20.4772574126727,4.98712128533406,-11.8923760459428,1
TCGA-G9-6367-01A,16.5320187228718,4.86837735725001,-2.82861329623289,1
TCGA-G9-6369-01A,25.0173975953554,4.65187129129274,-17.2982472291386,1
TCGA-G9-6370-01A,3.8648826076022,3.80267633763155,-7.8053026045243,1
TCGA-G9-6373-01A,17.3625719617282,5.85502050127581,-4.25601797215112,1
TCGA-G9-6378-01A,12.8410270851653,8.58393409521738,-4.52246492367563,1
TCGA-G9-6379-01A,21.7908427089781,-1.89523558185782,-10.864467449587,1
TCGA-G9-6385-01A,19.8401586682426,4.2864197749837,-11.5369872826759,1
TCGA-G9-6494-01A,19.367480277574,9.86393690551859,-23.6873512657445,1
TCGA-G9-6496-01A,27.4549751262676,8.87988179298749,-20.7588131443893,1
TCGA-G9-6498-01A,15.945120585553,9.82399431716448,-4.88425068785301,1
TCGA-G9-7509-01A,19.9424647609597,2.96664277763925,-12.2307002704899,1
TCGA-G9-7519-01A,7.64718094822595,3.07804925151483,-11.7645439394724,1
TCGA-G9-7521-01A,10.7722501403944,4.17362562787836,-14.2701120048421,1
TCGA-G9-7522-01A,16.5358904816572,4.39263068322197,-10.9719094239472,1
TCGA-G9-7523-01A,12.0239486186213,7.37891884879245,-3.10785647185544,1
TCGA-G9-7525-01A,17.9055880604333,4.9935351045281,-23.7898505104954,1
TCGA-G9-A9S4-01A,12.8756934251507,11.3228777724072,-2.96734376890395,1
TCGA-G9-A9S7-01A,15.8859302095367,4.10879507340239,-12.2784366631292,1
TCGA-H9-A6BX-01A,16.7788664829195,11.254849523911,-3.78289222729436,1
TCGA-HC-7075-01A,27.6505578559355,2.68843665016769,-14.1314379171745,1
TCGA-HC-7078-01A,10.2615716363014,14.3151228621599,-4.70537630012532,1
TCGA-HC-7079-01A,0.663868360766785,3.97415795422615,-9.5016596345884,1
TCGA-HC-7080-01A,24.5168087911092,0.867719053465702,-19.3918233327811,1
TCGA-HC-7081-01A,18.3125595900713,0.0788417687731255,-18.1438286493165,1
TCGA-HC-7210-01A,38.030395067276,12.2137967075931,-17.8400134846549,1
TCGA-HC-7211-01A,13.9405277971589,4.56926541004374,-11.3705796403558,1
TCGA-HC-7213-01A,14.0058501538688,4.99848894450033,-20.8670771447691,1
TCGA-HC-7231-01A,13.4776238964542,2.17747828682323,-20.9731908127184,1
TCGA-HC-7232-01A,10.7711955950602,2.22365563699472,-15.8139569874019,1
TCGA-HC-7740-01A,-1.10348035390712,7.28916998787668,-5.01206124993921,1
TCGA-HC-7740-01B,2.43390420999605,2.19352843217652,-11.0087224214717,1
TCGA-HC-7742-01A,19.8780552908747,0.129159865268576,-12.4687960148186,1
TCGA-HC-7749-01A,10.9924693011603,-0.191103459555704,-19.9497761297516,1
TCGA-HC-7750-01A,22.5639570199615,6.85974089422911,-11.0744125949452,1
TCGA-HC-7752-01A,25.1238793697618,5.93826136998088,-19.5568349947724,1
TCGA-HC-7817-01B,13.4446336048574,5.22291911652902,-4.41211774880926,1
TCGA-HC-7819-01A,-2.97104447571961,-4.2955292236746,-10.9491131301515,1
TCGA-HC-7821-01A,20.6998404314647,2.55941663186092,-16.8478228839961,1
TCGA-HC-8256-01A,27.1269369137732,2.14055226168375,-12.6145892406653,1
TCGA-HC-8258-01B,3.68617296474307,4.95179715909606,-10.1976893597914,1
TCGA-HC-8260-01A,12.5438050460834,3.64506398890222,-3.42531508824037,1
TCGA-HC-8264-01B,12.7448098197497,8.83558634534271,-5.69539208359531,1
TCGA-HC-8265-01A,26.6335719109709,8.85127605100535,-17.1996805864703,1
TCGA-HC-8265-01B,2.0623710132858,2.37563989321932,-11.6078443802758,1
TCGA-HC-8266-01A,14.4126513485505,11.134920719781,-1.62737660313677,1
TCGA-HC-A48F-01A,16.7977539892875,1.33905848873449,-19.6823237755481,1
TCGA-HC-A632-01A,9.10659824568487,15.1492976254852,-3.58941226332655,1
TCGA-HC-A6AL-01A,31.1294125146731,2.8080368480641,-15.4157768569555,1
TCGA-HC-A6AN-01A,24.7832018564817,8.01296915311455,-23.7605439810503,1
TCGA-HC-A6AO-01A,9.976741421857,3.26561848448896,-11.3846635495621,1
TCGA-HC-A6AP-01A,26.8652723741073,9.65924196529324,-18.5673671247927,1
TCGA-HC-A6AQ-01A,19.6558508815842,4.73094099293396,-22.0709644858044,1
TCGA-HC-A6AS-01A,20.2167406685877,-4.36473251049733,-11.8460189896138,1
TCGA-HC-A6HX-01A,23.3611223859316,7.78970978788965,-22.5690059916851,1
TCGA-HC-A6HY-01A,24.3449537412019,-0.393470854685182,-21.370706543603,1
TCGA-HC-A8CY-01A,22.2405961477533,8.46214559910536,-15.7578270351177,1
TCGA-HC-A9TE-01A,17.7140866170879,7.23209167520498,-13.555137854301,1
TCGA-HC-A9TH-01A,11.0627318306869,3.85689261670399,-14.0597354252224,1
TCGA-HI-7169-01A,23.6636373284668,6.60654076696128,-9.35883561679422,1
TCGA-J4-8198-01A,-1.13781001842995,-1.53091400219096,-9.9633717809106,1
TCGA-J4-A67L-01A,19.4888149478173,-0.817631276662147,-13.1724342114534,1
TCGA-J4-A67M-01A,22.4830085491549,5.70612808242185,-12.0264002907278,1
TCGA-J4-A67N-01A,24.2987900625371,1.25281395774734,-20.5956880226319,1
TCGA-J4-A67O-01A,24.9224821508553,5.40052576697649,-18.1611452867781,1
TCGA-J4-A67Q-01A,21.8912216433024,5.57415257826276,-10.8573911830216,1
TCGA-J4-A67R-01A,23.3037204262025,6.81777749978394,-16.3739521774308,1
TCGA-J4-A67S-01A,23.4120537061846,9.75200655079107,-21.3955967297682,1
TCGA-J4-A6G1-01A,13.566949359902,6.32930263616532,-2.04138243429575,1
TCGA-J4-A83J-01A,36.858052169204,11.4351276434776,-20.6454795520077,1
TCGA-J4-AATZ-01A,10.0601428438944,-0.401056201584133,-13.6633712732311,1
TCGA-J4-AAU2-01A,36.2799404219828,7.86340432507621,-17.8619605610206,1
TCGA-J9-A52B-01A,29.2110212487358,7.28385031875351,-20.5337858143338,1
TCGA-J9-A52E-01A,18.4017284912468,7.36770457699546,-18.2979805549244,1
TCGA-KC-A4BV-01A,18.7990884797597,5.30313238553017,-14.5081239705147,1
TCGA-KC-A7F5-01A,28.482185319615,9.49848655539125,-23.6558273175235,1
TCGA-KC-A7FA-01A,31.6065959959374,5.28818132942728,-19.6018856885352,1
TCGA-KC-A7FE-01A,14.3140586126978,10.5274450200223,-2.98252612642794,1
TCGA-KK-A59V-01A,16.3166920782146,7.28606758249632,-3.96705456953368,1
TCGA-KK-A59X-01A,16.5082128544534,4.77965929088192,-10.6486200336266,1
TCGA-KK-A59Y-01A,19.8872976683916,3.37053011171797,-18.4287055860315,1
TCGA-KK-A6E0-01A,11.8303394266758,1.20348408133071,-19.8258525105266,1
TCGA-KK-A6E1-01A,13.2701285781427,1.7690889271105,-17.2688779326284,1
TCGA-KK-A6E3-01A,20.3409362237635,-1.38455074915323,-9.45033328635312,1
TCGA-KK-A6E6-01A,25.2771635087529,7.52982554491353,-23.127980548268,1
TCGA-KK-A6E7-01A,21.8016719618183,2.39722303903244,-12.8193337079932,1
TCGA-KK-A6E8-01A,29.8848818525143,7.83652329743563,-20.2228021360454,1
TCGA-KK-A7AQ-01A,26.0804234547124,10.2851352811319,-20.7258789278772,1
TCGA-KK-A7AU-01A,24.1941018794977,8.3734982769627,-23.0691272211223,1
TCGA-KK-A7AW-01A,17.5953673037043,5.11830329508499,-20.5739854499651,1
TCGA-KK-A7B0-01A,32.0861541437595,9.43303557500621,-18.5811556907992,1
TCGA-KK-A7B1-01A,-0.270263671976371,-4.12919256387693,-15.1851730851294,1
TCGA-KK-A7B2-01A,0.859064293333096,-4.24893381597277,-16.6961336234959,1
TCGA-KK-A7B3-01A,18.3231905015199,4.94580362575243,-8.6448780899043,1
TCGA-KK-A8I5-01A,13.9635024757703,4.47770157303461,-13.0331091392676,1
TCGA-KK-A8I7-01A,35.9699506539551,8.51543128645559,-19.3319788966318,1
TCGA-KK-A8IA-01A,13.3744411839313,0.314661737343081,-16.9354948983777,1
TCGA-KK-A8IC-01A,3.14872238090727,-3.43408755497461,-8.58540745836447,1
TCGA-KK-A8ID-01A,26.9958066187976,10.0535258788048,-20.5435822018024,1
TCGA-KK-A8II-01A,39.0767819139155,9.36955732057134,-20.0192348910084,1
TCGA-KK-A8IJ-01A,20.8351668165072,0.543401184922278,-16.2840961002259,1
TCGA-KK-A8IK-01A,9.64110611041214,11.360814158149,-4.97818063865437,1
TCGA-KK-A8IM-01A,4.71290337694917,2.59758588679454,-13.2218577564777,1
TCGA-M7-A71Y-01A,16.0614041398092,6.39605312608536,-4.66029375832562,1
TCGA-M7-A720-01A,13.1263400695653,6.87331292105939,-1.62189488351384,1
TCGA-M7-A721-01A,33.2898951417185,9.91123004511913,-19.3156423977901,1
TCGA-M7-A723-01A,15.4897899486197,6.85867408815853,-7.91731808025861,1
TCGA-M7-A725-01A,12.1843469526985,0.510003399490497,-15.950036814618,1
TCGA-MG-AAMC-01A,19.5456287075583,5.22673191454718,-16.5695604312653,1
TCGA-QU-A6IL-01A,24.2809848317432,7.40138915253152,-19.1053257757003,1
TCGA-QU-A6IM-01A,27.389316245426,8.46362747873153,-18.3070757904197,1
TCGA-QU-A6IN-01A,30.6850416424922,8.62509625739641,-20.9295536146072,1
TCGA-QU-A6IO-01A,27.1404263043081,9.31714457910152,-19.2334742990831,1
TCGA-QU-A6IP-01A,27.7704577635476,7.86584640612379,-22.0489985813323,1
TCGA-TK-A8OK-01A,-0.294730278528924,5.01184615789532,-8.68193840266481,1
TCGA-TP-A8TT-01A,8.72044712000238,1.47061431950788,-12.5922383386338,1
TCGA-TP-A8TV-01A,28.5861834616533,7.71928970534968,-24.921796972704,1
TCGA-V1-A8MK-01A,14.7156561416166,11.6107006032946,-2.26854668043989,1
TCGA-V1-A8MM-01A,29.8669446754546,4.2544034239301,-15.9055963648985,1
TCGA-V1-A8MU-01A,16.3607306833575,5.64836299203068,-0.928452936117262,1
TCGA-V1-A8WL-01A,12.6849321794729,6.90451040578858,-3.80155480241193,1
TCGA-V1-A8WN-01A,5.52528747746358,6.2550341083804,-7.77766740782632,1
TCGA-V1-A8WS-01A,-1.74747851871858,-1.41502076364733,-10.9368505722717,1
TCGA-V1-A8WV-01A,15.8686554959486,9.17387606521008,-3.09653184063098,1
TCGA-V1-A8WW-01A,18.3327749945558,6.09365249051823,-12.3818016753754,1
TCGA-V1-A9O5-01A,6.31203659480049,3.12859752487319,-11.9686654652962,1
TCGA-V1-A9O9-01A,13.81684462699,2.26879396177907,-17.402496024617,1
TCGA-V1-A9OF-01A,31.572928604001,10.1483151398389,-17.3832491700816,1
TCGA-V1-A9OH-01A,4.26826098329976,5.19315662767722,-7.37980428580076,1
TCGA-V1-A9OL-01A,19.6440374909101,-0.746647004151455,-15.5248167690132,1
TCGA-V1-A9OT-01A,25.8987174534406,7.76032324163798,-20.9553912568891,1
TCGA-V1-A9OX-01A,23.5523153356994,6.41915117414804,-12.9767104541115,1
TCGA-V1-A9OY-01A,21.7903886470247,1.80631779393072,-14.3817599217706,1
TCGA-V1-A9Z8-01A,13.7913828195518,6.69340093440912,-4.79020896973444,1
TCGA-V1-A9Z9-01A,24.358814407817,2.05802099106264,-15.4197010737179,1
TCGA-V1-A9ZG-01A,10.7821182564415,0.0254537539265789,-19.1124540409207,1
TCGA-V1-A9ZK-01A,16.6831426370509,6.83520804486072,-6.86217074621234,1
TCGA-VN-A88I-01A,15.2074599744556,12.4881473763609,-6.05171535286446,1
TCGA-VN-A88L-01A,30.6444929595576,9.98852656028935,-18.0693030685912,1
TCGA-VN-A88M-01A,25.3285625991435,2.73060153447384,-16.8844701263754,1
TCGA-VN-A88N-01A,22.5047030792807,-0.813980155540078,-11.1211844847469,1
TCGA-VN-A88O-01A,29.4069185294498,5.90912198099404,-15.9902599283339,1
TCGA-VN-A88Q-01A,40.790643538104,9.67798264408041,-15.9164348099002,1
TCGA-VN-A88R-01A,22.5292315015032,0.965460262326785,-18.4779408056315,1
TCGA-VN-A943-01A,31.9799916046372,7.43492637503976,-15.2623279930332,1
TCGA-VP-A872-01A,17.3064922306986,6.78599642588135,-15.009169990906,1
TCGA-VP-A879-01A,21.1175291338262,7.01890837962627,-13.1144549032093,1
TCGA-VP-A87B-01A,36.9255460697869,9.76959295019586,-16.9622546971613,1
TCGA-VP-A87C-01A,-0.370762253753297,5.20822692096316,-8.46563263238495,1
TCGA-VP-A87J-01A,15.3848619423091,4.25657326049354,-20.032380353551,1
TCGA-VP-A87K-01A,38.8957783123871,9.38687765999706,-17.0304314981924,1
TCGA-VP-AA1N-01A,30.2012488712626,1.84659130923625,-17.3103036587068,1
TCGA-WW-A8ZI-01A,31.841496408368,6.26112280131709,-19.3386199214071,1
TCGA-X4-A8KQ-01A,15.8125092035841,14.2588750709909,-2.85435168228669,1
TCGA-X4-A8KS-01A,14.0852634578053,5.33205042048654,-6.41280904872014,1
TCGA-XJ-A83F-01A,33.8800226678893,11.4791393922237,-19.2356792372551,1
TCGA-XJ-A83G-01A,24.1518787817944,2.3527225219427,-18.4248889047948,1
TCGA-XJ-A9DI-01A,13.983025068295,6.23944772526481,-4.6571889917677,1
TCGA-XJ-A9DK-01A,14.0529118890792,5.61448822425652,-1.93691959581254,1
TCGA-XJ-A9DQ-01A,21.1004019009736,5.07171532346499,-8.66377743019795,1
TCGA-XJ-A9DX-01A,19.4070431170831,1.3886034060363,-11.0023138699664,1
TCGA-XK-AAIR-01A,13.3528957260967,7.47331204711262,-1.25028466420693,1
TCGA-XK-AAJ3-01A,26.8377223960832,7.63303854848628,-24.0261165630143,1
TCGA-XK-AAJA-01A,19.1033669101449,-1.64654949985785,-7.51005281142727,1
TCGA-XK-AAJP-01A,22.8586406003982,3.26769907415368,-17.7063313398305,1
TCGA-XK-AAJR-01A,18.7365099950025,1.67669097934263,-14.740067499376,1
TCGA-XK-AAJT-01A,11.5210014937979,7.88549542787667,-4.23921296527878,1
TCGA-XK-AAJU-01A,14.6019854356977,6.62889683219712,-1.84822781784955,1
TCGA-XK-AAK1-01A,30.4567959097564,1.21503845621461,-13.5691818943877,1
TCGA-Y6-A9XI-01A,20.17943628662,0.813779987063404,-15.9872259772343,1
TCGA-YL-A8HK-01A,2.89757910397563,-3.02062722973292,-15.2953699228741,1
TCGA-YL-A8HL-01A,15.9828236189405,0.586623373364283,-17.8335475359055,1
TCGA-YL-A8HO-01A,20.721168661792,-2.11980298441553,-12.2183160498435,1
TCGA-YL-A8SA-01A,18.2609642949144,-0.929083524862313,-16.8998018295007,1
TCGA-YL-A8SB-01A,11.6387193041595,11.0881711018382,-5.86683159304207,1
TCGA-YL-A8SC-01A,6.052894536583,3.41472688096949,-14.5742471214678,1
TCGA-YL-A8SH-01B,27.9198315884177,10.3971310710267,-20.004698954938,1
TCGA-YL-A8SK-01B,-2.61462845053695,5.42111512570728,-7.19666884652237,1
TCGA-YL-A8SR-01B,24.1221337682979,3.27134503346795,-15.2669944032256,1
TCGA-YL-A9WL-01A,36.2795036901067,10.2970585320625,-21.0973362128799,1
TCGA-YL-A9WX-01A,19.4423271278898,8.72424769225672,-13.3641407063011,1
TCGA-YL-A9WY-01A,8.98875842382597,1.12001744454848,-13.4639902443921,1
TCGA-ZG-A8QX-01A,22.0746488153623,1.13875220896255,-17.3382026957576,1
TCGA-ZG-A8QY-01A,15.6736842974274,4.15989685109169,-8.99020669623016,1
TCGA-ZG-A9KY-01A,38.6666017747611,11.7133748781181,-18.3762219777296,1
TCGA-ZG-A9L1-01A,35.0551002212406,6.84011862330223,-18.2274194060505,1
TCGA-ZG-A9L2-01A,15.2376655960891,8.68936313823305,-14.4020756933892,1
TCGA-ZG-A9L5-01A,17.2957452824126,6.50372368937544,-21.2988442453151,1
TCGA-ZG-A9L6-01A,17.4565772865217,5.70951269203242,-5.94400800758324,1
TCGA-ZG-A9L9-01A,15.3044429913487,10.0433524589366,-5.56362065728364,1
TCGA-ZG-A9LM-01A,13.3057104865229,8.93609224796893,-1.36162806525576,1
TCGA-ZG-A9LU-01A,17.1966753520133,4.79895009554695,-2.16380483836512,1
TCGA-ZG-A9LY-01A,6.81908538894174,3.57094959752796,-12.0857851433554,1
TCGA-ZG-A9M4-01A,15.4799236710526,7.78694549036979,-13.9118236199742,1
TCGA-ZG-A9MC-01A,-0.810569588654008,6.77689630630414,-9.03252460082114,1
TCGA-ZG-A9N3-01A,5.67625838540622,0.932985710020352,-10.7720166313095,1
TCGA-ZG-A9ND-01A,19.9910937335224,-0.0651516425650916,-19.4200944877003,1
TCGA-ZG-A9NI-01A,22.8335229890002,-2.31793187705019,-11.286901032011,1
TCGA-2A-A8VT-01A,-6.23656740468027,-13.130389389996,33.4136286066001,2
TCGA-2A-A8W1-01A,-20.4537311414716,-0.788598161815329,18.6489717665963,2
TCGA-2A-A8W3-01A,-32.2531338748332,-16.0072742604865,23.6073888418635,2
TCGA-2A-AAYF-01A,-0.496762940105567,-12.3590572664759,16.4244902233713,2
TCGA-2A-AAYO-01A,-0.806185567214175,-10.9307132737466,14.0476414910121,2
TCGA-CH-5738-01A,-26.7095383661892,-5.35223707434518,16.4687824032843,2
TCGA-CH-5739-01A,-29.3610713892159,-7.6008519625804,12.4764194317514,2
TCGA-CH-5740-01A,-28.1737021487438,-2.08838726627659,17.1169794488137,2
TCGA-CH-5743-01A,-35.6978978965121,-15.9164023298343,20.1603348240445,2
TCGA-CH-5745-01A,-34.8481093735083,-15.0984636015745,18.3338850999135,2
TCGA-CH-5746-01A,-31.2138442399719,-8.48849735836146,17.6343795218893,2
TCGA-CH-5748-01A,-23.4135013788318,-8.18638013772927,18.5369240882308,2
TCGA-CH-5750-01A,-27.5683011505063,-4.03323376119853,12.4503511071045,2
TCGA-CH-5751-01A,-27.3135365299823,-7.70451632738193,14.3853005824807,2
TCGA-CH-5752-01A,-26.0083380282306,-6.51760278613837,18.058758528986,2
TCGA-CH-5754-01A,-34.5453629265823,-9.2692882791516,18.8646535910832,2
TCGA-CH-5761-01A,-22.6814799904862,-0.32823240890112,25.1327539525505,2
TCGA-CH-5762-01A,-30.9038247180988,-8.28967541835347,14.2829974060723,2
TCGA-CH-5763-01A,-31.6960885481131,-14.6504287191078,16.621504755083,2
TCGA-CH-5764-01A,-27.2799635501177,-5.06066471673487,14.7665947635426,2
TCGA-CH-5765-01A,-28.4606255375316,-8.95863112521515,17.5096508457347,2
TCGA-CH-5767-01A,-27.4556320504202,6.65656722711372,20.9735538666212,2
TCGA-CH-5768-01A,-25.6223710088089,-3.6260272368677,18.1462450586604,2
TCGA-CH-5772-01A,-34.03861774274,-12.7942365422992,18.5227879668426,2
TCGA-CH-5788-01A,-25.1414673678192,-6.56193477842909,22.1727407029845,2
TCGA-CH-5789-01A,-31.7029774290709,-14.3263683457499,15.4348463208538,2
TCGA-CH-5790-01A,-31.4386661231023,-6.13821879597048,18.2203784284519,2
TCGA-CH-5792-01A,-2.78131928824999,-13.7074338820333,35.2110638916399,2
TCGA-EJ-5494-01A,-27.9120893682125,-2.10047876817348,13.3276652393704,2
TCGA-EJ-5498-01A,-29.0313665078293,-10.6358174805551,16.0638103426407,2
TCGA-EJ-5499-01A,-29.3521649694795,-4.34443663022821,20.8883011471072,2
TCGA-EJ-5504-01A,-26.561426674367,-12.3631910231914,16.2410974903434,2
TCGA-EJ-5508-01A,-32.1662663214782,-8.92577401957192,17.3029136947395,2
TCGA-EJ-5511-01A,-31.0232814832198,-3.40771988593139,12.8525458357533,2
TCGA-EJ-5517-01A,-31.5763013901544,-17.2805387618719,18.3035165327626,2
TCGA-EJ-5518-01A,-24.5241170958248,-3.73977670668325,21.2849089074015,2
TCGA-EJ-5525-01A,-27.4519897882358,-4.90133230721338,15.5652342650861,2
TCGA-EJ-5527-01A,-29.5265692778903,-11.4631816723126,14.776731143058,2
TCGA-EJ-5530-01A,-29.3348404416405,0.0550142458260094,18.8194819715924,2
TCGA-EJ-5532-01A,-28.378063362976,2.61941399917208,17.8020445455032,2
TCGA-EJ-7123-01A,-28.6988185795903,5.61927263912285,19.6266296446559,2
TCGA-EJ-7125-01A,-26.8740349267044,-0.605229229997796,23.673219406924,2
TCGA-EJ-7314-01A,-26.0781004267085,-0.0169093864124644,24.5447215174869,2
TCGA-EJ-7321-01A,-23.7192224204754,-3.59446908817034,20.3864637275451,2
TCGA-EJ-7327-01A,-28.9879244304721,-6.37263426386609,15.9941853133982,2
TCGA-EJ-7328-01A,-24.9687540032952,-18.8581942864458,25.5154031663972,2
TCGA-EJ-7330-01A,-22.6244638477134,-3.03745465137515,19.9412719599855,2
TCGA-EJ-7781-01A,-30.0758565200007,-5.40963365436962,16.7715830201325,2
TCGA-EJ-7783-01A,-31.5929284252719,-7.27539884647048,18.0296765722819,2
TCGA-EJ-7784-01A,-27.3371205244784,-6.23970653647167,20.0771317211964,2
TCGA-EJ-7786-01A,-25.298207169947,-13.7113538329652,24.8329818719828,2
TCGA-EJ-7789-01A,-32.0442878453956,-8.04123519937779,16.3427073290051,2
TCGA-EJ-7794-01A,-25.6055319214553,-8.06692762060897,13.3823985433956,2
TCGA-EJ-7797-01A,-31.3283164328081,-7.61966952359012,18.5127556940147,2
TCGA-EJ-8469-01A,-24.1452941984958,-5.45989672428316,19.8886965550173,2
TCGA-EJ-8470-01A,-36.4449242992416,-13.6289666148236,21.3306637416483,2
TCGA-EJ-8474-01A,-28.9406728851157,-17.8755454178543,23.6336930223284,2
TCGA-EJ-A46D-01A,-30.3714247939633,-17.228677437715,19.8132360458734,2
TCGA-EJ-A46E-01A,-31.5889758094285,-17.649120825172,14.9231521266638,2
TCGA-EJ-A46H-01A,-29.8301672229755,-7.31442412480597,18.0841605848209,2
TCGA-EJ-A65D-01A,-30.0546901397562,2.25798997581426,23.7150942280527,2
TCGA-EJ-A65F-01A,-26.5527137366363,-4.51091799396978,15.8729778623776,2
TCGA-EJ-A7NH-01A,-22.5430358940295,-10.6037761828137,18.7636438000228,2
TCGA-EJ-A8FS-01A,-23.5831867408906,-14.6247845087845,23.1145810011687,2
TCGA-FC-A4JI-01A,-34.1249990468336,-13.4316439897251,19.4114031636721,2
TCGA-G9-6348-01A,-30.7962538586155,-17.2150432294759,18.748287601179,2
TCGA-G9-6356-01A,-34.8698808269597,-14.3053685633648,19.0987486758086,2
TCGA-G9-6361-01A,-26.8797418001668,-5.82012412039746,21.1924704831719,2
TCGA-G9-6365-01A,-30.7343106863593,-16.2470351321053,18.3772679398811,2
TCGA-G9-6366-01A,-23.9538835751875,-12.1258638447626,29.5098868854093,2
TCGA-G9-6371-01A,-24.9560141746299,-13.1052823823457,23.764763393165,2
TCGA-G9-6377-01A,-30.7190934056016,-16.3438676473158,13.9728781703193,2
TCGA-G9-6384-01A,-32.3780699857894,-9.38433670957582,16.2100352503504,2
TCGA-G9-6499-01A,-24.119919801466,-10.5889041332331,18.3142384413374,2
TCGA-G9-7510-01A,-28.4677403495242,-16.5749190772866,20.3715490980853,2
TCGA-G9-A9S0-01A,-35.086207596667,-13.8107071734912,16.8627460673445,2
TCGA-H9-7775-01A,-23.8593616736871,0.575502115312934,25.3398458949532,2
TCGA-H9-A6BY-01A,-27.6518057263822,6.36430996719919,21.4957498967712,2
TCGA-HC-7077-01A,-29.5912168695442,-0.162954276397201,19.2385269319596,2
TCGA-HC-7209-01A,-6.18799148237927,-13.9324843050295,31.1757376379854,2
TCGA-HC-7212-01A,-31.9761275550433,-3.19769104154628,18.6435146791044,2
TCGA-HC-7230-01A,-30.377821233681,2.40725239957198,23.42420109286,2
TCGA-HC-7233-01A,-28.6235588078586,-14.4241256001331,19.2219808349315,2
TCGA-HC-7736-01A,-22.2154466348632,0.791570540003442,22.0275890983204,2
TCGA-HC-7737-01A,-33.9769906614077,-14.524355379413,15.3665317517423,2
TCGA-HC-7738-01A,-21.9643618700325,-15.4577305028144,25.6040155028022,2
TCGA-HC-7744-01A,-23.5884219775624,2.49554833977901,25.077195693521,2
TCGA-HC-7745-01A,-32.0957218828074,-14.1425162861571,17.5377011135956,2
TCGA-HC-7747-01A,-23.3161878589599,-7.33923368038721,18.1126146336783,2
TCGA-HC-7748-01A,-3.1838200263037,-12.5401596234338,33.4108461370528,2
TCGA-HC-7818-01A,-30.5194725947569,-18.2086422414549,19.142291873602,2
TCGA-HC-7820-01A,-0.557476776775503,-9.21165486859131,17.5839560512315,2
TCGA-HC-8213-01A,-26.8861430328055,-12.2152067628726,20.0842308159229,2
TCGA-HC-8216-01A,-29.3848801330623,-17.3269144989233,23.3380851362015,2
TCGA-HC-8257-01A,-28.1692485980445,-1.1363441580106,18.9285962968174,2
TCGA-HC-8258-01A,-23.1005256097988,0.515399635021662,19.0383513788452,2
TCGA-HC-8259-01A,-20.3452976956071,-1.79819779692218,19.2385812054818,2
TCGA-HC-8261-01A,-23.5130549881741,-12.4537469591919,27.5230309583886,2
TCGA-HC-8262-01A,-30.8718609669225,-6.63553005201378,22.0666110266637,2
TCGA-HC-A4ZV-01A,-27.2439496226513,-6.29761092138623,22.6903407411781,2
TCGA-HC-A631-01A,-26.0362724043577,-17.9400405689363,25.1652810989037,2
TCGA-HC-A76W-01A,-24.7766360804177,-11.2295390672194,16.3439605073017,2
TCGA-HC-A76X-01A,-27.9626864693224,3.70181696539152,24.2928827425362,2
TCGA-HC-A8D0-01A,-26.3379517966269,-6.61428687764446,15.1042238870037,2
TCGA-HC-A8D1-01A,-24.8191675812564,-7.63403852596222,19.8246914601636,2
TCGA-HI-7168-01A,-25.3858392853284,-19.1633109252896,23.4028002486,2
TCGA-HI-7170-01A,-33.5570688743157,-15.5288300295848,19.1796840411163,2
TCGA-HI-7171-01A,-29.5637002886874,0.215571241711091,17.8041813653829,2
TCGA-J4-8200-01A,-31.6922490998001,-11.3377869982386,17.196295348013,2
TCGA-J4-A67K-01A,-28.1725976856978,-0.410745095481924,18.5018104560344,2
TCGA-J4-A67T-01A,-32.7637853094407,-11.6112305803585,15.5755678920424,2
TCGA-J4-A6G3-01A,-30.3145622110303,-11.6126042393979,16.4461921629199,2
TCGA-J4-A6M7-01A,-30.2272993542165,1.91062657362062,17.9605842070893,2
TCGA-J4-A83I-01A,-30.7768812961624,-5.03419220541134,21.0460341469869,2
TCGA-J4-A83K-01A,-27.7648583519066,-1.71415908398303,16.4687208931121,2
TCGA-J4-A83L-01A,-22.9319736543546,-8.38695661178995,20.1570723656166,2
TCGA-J4-A83M-01A,-29.3461044638227,0.699786144830158,17.9313744979915,2
TCGA-J4-A83N-01A,-24.8676235991877,-1.88012411000329,19.9919819577894,2
TCGA-J4-AATV-01A,-27.3154982918889,-9.57780821819376,12.8416599430837,2
TCGA-J9-A52C-01A,-29.9592161323464,-15.9338695710032,18.9401453133037,2
TCGA-J9-A52D-01A,-24.8857968030302,-14.780325297448,22.3442812348873,2
TCGA-J9-A8CK-01A,-27.2995867388759,-1.88916714266285,13.2911456164198,2
TCGA-J9-A8CL-01A,0.38860328713655,-6.16506892084419,13.667402321949,2
TCGA-J9-A8CM-01A,-23.6874670558134,-1.80907171852667,16.0377605714681,2
TCGA-J9-A8CN-01A,-21.8930861363712,-7.07043798200645,19.6344013978033,2
TCGA-J9-A8CP-01A,-22.1377190410985,-11.3902608547735,17.3575681314592,2
TCGA-KC-A4BL-01A,-32.5251701298208,-13.8594612113232,16.5725293714996,2
TCGA-KC-A4BN-01A,-28.8230640824069,-11.8208836911996,14.8771719868997,2
TCGA-KC-A4BR-01A,-23.9199787021463,-4.98172718461198,13.5677081941806,2
TCGA-KC-A7F3-01A,-23.2330510788649,-11.7951721219108,19.6289969517807,2
TCGA-KC-A7F6-01A,-24.9552720415449,1.78348860716431,13.4822533336795,2
TCGA-KC-A7FD-01A,-35.2957926789351,-11.8727306433262,21.8860723911127,2
TCGA-KK-A59Z-01A,-31.1069247831294,-13.0624160341803,12.7670299499076,2
TCGA-KK-A5A1-01A,-29.2057811111889,-14.101099926798,24.302979248653,2
TCGA-KK-A6DY-01A,-25.624493359393,-5.88767510896913,20.2014423298835,2
TCGA-KK-A6E2-01A,-26.0737193393779,0.787956949107871,19.5471279888592,2
TCGA-KK-A6E4-01A,-29.5390651774309,5.2362443783381,18.6911790531879,2
TCGA-KK-A6E5-01A,-29.6866613362186,8.14965587552263,19.3250880854545,2
TCGA-KK-A7AP-01A,-24.5436015702231,-1.21235765495771,13.8618242607459,2
TCGA-KK-A7AV-01A,-0.78174701922524,-10.4115300917723,16.8266599987094,2
TCGA-KK-A7AY-01A,-21.7720614237657,-4.30470630068013,19.5340587023859,2
TCGA-KK-A7AZ-01A,-22.8298681435021,-3.52405420539308,16.8147234164139,2
TCGA-KK-A7B4-01A,-25.253394763532,2.35968365169549,24.3191270937771,2
TCGA-KK-A8I4-01A,-28.0822437447212,5.29972334252871,25.0214742992831,2
TCGA-KK-A8I6-01A,-28.917751256216,3.06250059270138,23.9861982156953,2
TCGA-KK-A8I8-01A,-23.6792420417353,-5.81965025156936,21.1114036136564,2
TCGA-KK-A8I9-01A,-22.1921849707163,-1.90650508923958,21.0496345057253,2
TCGA-KK-A8IB-01A,-26.7091729366846,-11.9989782285065,19.5542085068336,2
TCGA-KK-A8IF-01A,-28.4998313291463,-15.7712474413232,23.7701367767698,2
TCGA-KK-A8IG-01A,-21.201344770523,-3.71211250276003,22.4131213035201,2
TCGA-KK-A8IH-01A,-25.0463569090798,2.18807207651463,25.2041888814902,2
TCGA-KK-A8IL-01A,-33.2705818080928,-15.0749934199203,14.3302771840012,2
TCGA-M7-A71Z-01A,-22.8735757699481,0.260814109620776,22.0568924947344,2
TCGA-M7-A722-01A,-28.1099014911601,-16.6411960584338,25.7719974936801,2
TCGA-M7-A724-01A,-28.9854247015428,0.654437412839731,19.0026666225579,2
TCGA-SU-A7E7-01A,-28.2674453054726,-3.15481608585334,20.9197819362241,2
TCGA-V1-A8MF-01A,-22.285192790607,-5.76567337547783,21.9602231432734,2
TCGA-V1-A8MG-01A,-25.0118456514828,-17.1937504517776,20.8867905705948,2
TCGA-V1-A8ML-01A,0.0793012949814372,-10.1969718880096,16.3918252702377,2
TCGA-V1-A8X3-01A,-28.0755294436291,5.73852150116119,20.8602047363285,2
TCGA-V1-A9O7-01A,-27.0618611158506,-3.77782556908765,15.8493572553553,2
TCGA-V1-A9OA-01A,-32.8182399235104,-15.0917406125072,15.6152701723898,2
TCGA-V1-A9OQ-01A,2.9297234754037,-9.27097301846604,14.8131978470979,2
TCGA-V1-A9Z7-01A,-23.3330951747764,-5.48578432962322,21.4566670784184,2
TCGA-V1-A9ZI-01A,-21.7929214659675,-9.7346082657911,17.0363661138647,2
TCGA-V1-A9ZR-01A,-22.8028526081454,-6.23509130305758,21.3585934639995,2
TCGA-VN-A88K-01A,-24.4896520617453,-1.92581931402782,22.9083588774038,2
TCGA-VN-A88P-01A,-35.5425349668369,-13.1854910017419,17.0250737413921,2
TCGA-VP-A875-01A,-29.0025448208635,-0.212834147862748,20.2669663889772,2
TCGA-VP-A876-01A,-28.7925133439769,0.315772172680758,18.6396358275009,2
TCGA-VP-A878-01A,-28.3966748454952,6.85114620639364,21.4593210854267,2
TCGA-VP-A87D-01A,-30.5936875944813,-3.60259854250187,16.3924585673833,2
TCGA-VP-A87E-01A,-22.7996943239301,-3.1732115416369,14.0743730357273,2
TCGA-VP-A87H-01A,-25.6320256392806,-2.07340382085589,15.791081077322,2
TCGA-XA-A8JR-01A,-0.243573758628483,-7.73872156348092,14.4696065928733,2
TCGA-XJ-A83H-01A,-26.585065802528,1.13055345073989,20.9020276460959,2
TCGA-XK-AAIV-01A,-33.238334462665,-16.0918549565501,21.8628888478339,2
TCGA-XK-AAIW-01A,-28.9325316150401,3.24114415394712,17.4913287482202,2
TCGA-XQ-A8TA-01A,-26.8527184798111,-2.69105029021902,13.8241387794439,2
TCGA-XQ-A8TB-01A,-23.1136690718762,-4.78506412885527,21.0272743777918,2
TCGA-Y6-A8TL-01A,-26.6339968877806,-15.5962360076836,23.7244668005684,2
TCGA-YJ-A8SW-01A,-31.2425652314322,-16.3005299485436,22.7733631811077,2
TCGA-YL-A8HJ-01A,-2.47478486475464,-13.1672172849459,34.91113354639,2
TCGA-YL-A8HM-01A,-24.3805268649662,-2.29747238905888,22.767910608768,2
TCGA-YL-A8S8-01A,-27.8006669813491,-6.66441517235203,12.5657281065437,2
TCGA-YL-A8S9-01A,-26.1507374909112,-7.62012409589939,18.70591168423,2
TCGA-YL-A8SI-01A,-23.2585901658635,-9.80643647907122,15.3506628859096,2
TCGA-YL-A8SJ-01B,-25.706626770098,3.58625254505147,15.0190254201445,2
TCGA-YL-A8SL-01B,-24.9206188211321,0.514920021940931,23.1729097926491,2
TCGA-YL-A8SO-01B,-27.2803320128792,-10.6103389246882,18.4453781054782,2
TCGA-YL-A8SP-01B,-27.2758113477681,-3.66425817412077,18.3918082964205,2
TCGA-YL-A8SQ-01B,-29.9465751262488,6.24521475623637,20.1511149738856,2
TCGA-YL-A9WH-01A,-33.4251346501088,-10.9049615893866,16.6841107949806,2
TCGA-YL-A9WI-01A,-26.3492820243576,-5.99446882340417,20.5013992938509,2
TCGA-YL-A9WJ-01A,-23.6621770310682,-1.27770847201462,22.6658871574276,2
TCGA-YL-A9WK-01A,-25.723191665508,-16.392952183569,26.2565707189331,2
TCGA-ZG-A8QW-01A,-31.2141836633025,1.80721747899718,18.6247225562937,2
TCGA-ZG-A8QZ-01A,-34.9281868455239,-12.3122444419639,17.9599457965715,2
TCGA-ZG-A9L0-01A,-34.8377033776394,-13.7650216301724,20.3635636453894,2
TCGA-ZG-A9L4-01A,-23.9366378153804,-3.08931993860233,21.8284837148204,2
TCGA-ZG-A9LB-01A,-23.070133165911,-6.47872003634118,19.8052299581863,2
TCGA-ZG-A9LN-01A,0.302416811926991,-9.59153742941194,14.3606316286069,2
TCGA-ZG-A9LS-01A,-34.4955018970871,-16.6263278758432,17.4009207927652,2
TCGA-ZG-A9LZ-01A,-30.0344769987539,-10.7634571216155,17.5580135326275,2
