Sample,X,Y,Z,Cluster
TCGA-3C-AAAU-01A,7.0953065255077,-10.7316968258172,-15.967781337508,1
TCGA-3C-AALI-01A,7.89411591882052,-5.54648581989417,-10.3137370850872,1
TCGA-3C-AALJ-01A,3.92292501287257,-3.87233064326652,-20.8824578531168,1
TCGA-3C-AALK-01A,19.1214611796804,-24.1971198801175,-24.6017492952127,1
TCGA-5T-A9QA-01A,15.6969216782603,-16.0241132061197,-21.3295508357119,1
TCGA-A1-A0SG-01A,5.56327970710278,18.1696653900646,-10.9982247909409,1
TCGA-A1-A0SK-01A,8.29135865245714,-15.2445321174541,-25.8525150915115,1
TCGA-A1-A0SM-01A,4.34592930251018,-21.6850939488516,-8.49463794934096,1
TCGA-A1-A0SN-01A,5.5094165830433,4.58846634656866,-6.54991942197852,1
TCGA-A2-A04N-01A,5.32461866574829,13.1314704310462,-12.322672902749,1
TCGA-A2-A04R-01A,-0.460177386464319,-7.13067412816951,-13.3441381044516,1
TCGA-A2-A04V-01A,6.3239940836184,-5.53179445995854,-22.5163668684258,1
TCGA-A2-A04W-01A,16.8135609209389,-25.7639443071602,-24.8906333147296,1
TCGA-A2-A04X-01A,19.0707591188607,-9.01049558357668,-7.97471733540883,1
TCGA-A2-A0CK-01A,20.5649691097432,-12.6621699595498,-22.491148593882,1
TCGA-A2-A0CO-01A,15.4076235221479,-16.528757317129,-20.4231178410463,1
TCGA-A2-A0CQ-01A,10.4799178966719,-14.1532716265265,-21.2971987578494,1
TCGA-A2-A0CU-01A,3.94579836509653,0.685000299315763,-10.7629199020381,1
TCGA-A2-A0D1-01A,19.0009080651042,-18.2988399855558,-30.9577215735139,1
TCGA-A2-A0D4-01A,5.40927611522365,-1.55816173930713,-14.783057782996,1
TCGA-A2-A0ER-01A,15.2651404686779,5.53212090466781,-16.2269644882069,1
TCGA-A2-A0ET-01A,0.153832222023209,0.558971917994149,-6.28306624889647,1
TCGA-A2-A0EU-01A,7.81732162239161,11.2877901912084,-11.0787410426927,1
TCGA-A2-A0EV-01A,-0.822939511846206,-0.116516602431307,-9.15801588219163,1
TCGA-A2-A0SU-01A,7.28131678525565,-3.84140667545701,-10.4295555121536,1
TCGA-A2-A0SW-01A,24.4203382668947,-8.4415872707648,-6.94255494124315,1
TCGA-A2-A0T1-01A,-0.1829107031883,-11.0181576109394,-4.12703111765991,1
TCGA-A2-A0T4-01A,1.93640463702549,11.6326264008544,-10.5839946791231,1
TCGA-A2-A0YC-01A,7.85299743492562,-2.16135509882211,-7.56230566473733,1
TCGA-A2-A0YH-01A,9.12104929094048,20.049268725947,-14.6526716951522,1
TCGA-A2-A1FV-01A,15.7080964341928,-8.82765197474435,-21.3397700783336,1
TCGA-A2-A1FX-01A,0.643577555486182,-5.47178208932703,-15.6380165521769,1
TCGA-A2-A1G4-01A,8.54445440271038,7.86281180063468,-17.7380557185553,1
TCGA-A2-A3XT-01A,14.5483213410289,-16.9391349470057,-25.3991083697953,1
TCGA-A2-A3XV-01A,10.625582167653,-17.9013815693428,-6.69787079394097,1
TCGA-A2-A3XW-01A,11.4934317279877,-19.8597046868427,-16.2354339483411,1
TCGA-A2-A4S0-01A,4.70916436943342,-14.5691503829821,-22.4817523693048,1
TCGA-A2-A4S2-01A,9.21294440808248,-28.8998229029431,-11.8323145164423,1
TCGA-A2-A4S3-01A,2.96533112289909,-19.2436521307951,-14.0997810193263,1
TCGA-A7-A0CD-01A,8.65171499972348,-6.8476822878709,-13.4774797303076,1
TCGA-A7-A0D9-01A,7.1309278590795,-7.25865031176136,-21.8112430842557,1
TCGA-A7-A13F-01A,12.1745376227554,17.786602365632,-12.8115219621397,1
TCGA-A7-A2KD-01A,-0.801265449261283,-2.60191286359595,-19.9521272782076,1
TCGA-A7-A3IZ-01A,8.79039986450587,-10.0844297898419,-21.4215126139154,1
TCGA-A7-A3J0-01A,10.1871144314119,-16.633044289351,-6.77890375071415,1
TCGA-A7-A3J1-01A,8.40535397587635,-6.11769714245384,-23.1196185363931,1
TCGA-A7-A3RF-01A,11.4768391015565,-12.6093204475132,-23.0938338534879,1
TCGA-A7-A4SB-01A,15.6778320620472,-22.498396511708,-23.9489480524907,1
TCGA-A7-A56D-01A,4.84465976589614,-19.252574190335,-8.79014425371181,1
TCGA-A8-A06N-01A,1.07136168480606,-6.50719732905716,-18.1457948695845,1
TCGA-A8-A06O-01A,0.608596128343599,-13.9471272556128,-20.4515377749508,1
TCGA-A8-A06U-01A,-1.43288962299975,-17.3944229104353,-7.46065730903547,1
TCGA-A8-A06X-01A,5.14733092066334,8.18670472636439,-6.17057418311948,1
TCGA-A8-A06Y-01A,12.1342559194963,11.128596048551,-14.3390996798816,1
TCGA-A8-A06Z-01A,-3.96641821527537,-8.89104248051892,-10.001347328741,1
TCGA-A8-A076-01A,9.63915935036748,12.3778022578439,-5.78230445656511,1
TCGA-A8-A079-01A,0.368348706633881,-10.0356026500664,-11.5509075928093,1
TCGA-A8-A07L-01A,1.62221743918014,-1.48668185375919,-16.3512135251279,1
TCGA-A8-A07P-01A,6.74827465678528,4.4238585506345,-8.04318155254265,1
TCGA-A8-A07W-01A,-3.27635578527928,-7.58037325219105,-9.38416167928763,1
TCGA-A8-A082-01A,10.4581647885286,-4.48043204985255,-22.8834966852485,1
TCGA-A8-A083-01A,19.5065467957995,15.6394788524091,-18.5532032246411,1
TCGA-A8-A084-01A,14.2123382059799,11.5122337399109,-13.5266423421379,1
TCGA-A8-A085-01A,-1.72830672576276,-0.0077901294245307,-11.3957972529494,1
TCGA-A8-A08A-01A,12.0521300345201,-21.7209519167231,-12.1622289210945,1
TCGA-A8-A08C-01A,18.1248547928225,7.69691339834385,-20.5464586306721,1
TCGA-A8-A08F-01A,-0.790659715735307,-1.29052089189914,-10.4378020656505,1
TCGA-A8-A08G-01A,9.34128014086483,-2.53741141300496,-27.920316949678,1
TCGA-A8-A08J-01A,2.90064678713893,-1.41298747960731,-8.89738049324908,1
TCGA-A8-A08L-01A,3.77395219381182,-7.55456739058702,-21.0064855010258,1
TCGA-A8-A08S-01A,-0.905633788854416,-0.101945657495617,-13.2186277780174,1
TCGA-A8-A090-01A,0.133170598568219,6.88621064881427,-6.96751602963475,1
TCGA-A8-A091-01A,13.0153347342118,-13.4336967802683,-20.1634942278827,1
TCGA-A8-A09I-01A,10.4080999230061,-4.219093363948,-26.7662254689616,1
TCGA-A8-A09K-01A,2.35250527063018,-3.82621464111932,-16.4093553678054,1
TCGA-A8-A09M-01A,2.54514581447984,0.317554048026081,-8.60494580329988,1
TCGA-A8-A09R-01A,4.71034881767632,-1.24466675133286,-16.4052513151612,1
TCGA-A8-A09T-01A,11.8621862637013,16.415511968335,-10.7852308718293,1
TCGA-A8-A09Z-01A,12.8808344665924,10.0043097614844,-13.3117511822716,1
TCGA-A8-A0A2-01A,11.1136177474501,2.79538813832125,-13.7905827362878,1
TCGA-AC-A23H-01A,12.3313101011404,7.53150556409806,-22.9343982348059,1
TCGA-AC-A2BM-01A,10.1341776972573,-7.03997902225631,-21.4438552540808,1
TCGA-AC-A2FM-01A,3.40799869068758,-16.9378695463877,-10.8145084568055,1
TCGA-AC-A2FO-01A,14.5141500738815,11.3555450616296,-14.5169783311519,1
TCGA-AC-A3TN-01A,12.5164086578881,-10.0208769891622,-21.5235568615251,1
TCGA-AC-A3W5-01A,21.8652843669038,-17.7973389000933,-23.410004565316,1
TCGA-AC-A3YJ-01A,4.79205304550702,-22.6129627450276,-11.8551904123429,1
TCGA-AC-A4ZE-01A,18.6038163865474,-18.1965023146368,-18.0182147205587,1
TCGA-AC-A5EH-01A,10.9546274848098,3.12843088398764,-16.9664199646294,1
TCGA-AC-A5XU-01A,16.5474608269856,-8.60494963967556,-22.7566783557321,1
TCGA-AC-A62V-01A,10.9907563475418,-17.4585206114531,-9.1456445537656,1
TCGA-AC-A7VB-01A,5.18603368126965,-6.02549560593833,-11.691774109057,1
TCGA-AC-A8OP-01A,2.41932110317426,-18.5145179019435,-11.6783480106422,1
TCGA-AN-A03X-01A,2.90573154072188,6.28564078738194,-7.06004911676804,1
TCGA-AN-A03Y-01A,15.5479760054379,-22.1617765664309,-17.5676109869483,1
TCGA-AN-A046-01A,14.6153008974381,-10.3452367452523,-19.9555057493348,1
TCGA-AN-A049-01A,3.46252154506845,0.243228196560966,-5.55539634161081,1
TCGA-AN-A04A-01A,13.9437149572317,-16.5000112074631,-30.4179295133539,1
TCGA-AN-A0AM-01A,0.971812651125123,-6.33271534754404,-12.3113805787471,1
TCGA-AN-A0FD-01A,10.7827289563121,8.971885166368,-25.451280767089,1
TCGA-AN-A0FT-01A,8.09515697802701,-10.7997055281851,-22.8403803397952,1
TCGA-AN-A0FV-01A,1.82879683115816,-9.68187635759391,-19.6200050530754,1
TCGA-AN-A0FW-01A,4.31573352131891,-3.48151366692547,-23.4418570698774,1
TCGA-AN-A0XP-01A,21.0009078072425,9.73494433193886,-13.3023162646681,1
TCGA-AO-A03L-01A,-0.255977326714591,-0.74435248195369,-11.4789786477324,1
TCGA-AO-A03M-01B,0.171120753827074,-1.59618757212401,-19.425274574328,1
TCGA-AO-A03R-01A,18.6861630788898,-13.0699739654971,-1.80535004310771,1
TCGA-AO-A03T-01A,12.0246397993393,-11.8226837757099,-24.2716990305787,1
TCGA-AO-A0J3-01A,4.49412438666497,-10.6649930673397,-20.8007543387193,1
TCGA-AO-A0J7-01A,5.48528635289401,-0.0388666738911883,-16.3076630599036,1
TCGA-AO-A0JG-01A,1.35402069712374,-1.19469785652598,-6.31248404291778,1
TCGA-AO-A0JI-01A,3.73643854124448,5.8742171678806,-8.61794799006267,1
TCGA-AO-A0JM-01A,10.7093603590435,1.21009427228611,-19.9485577229979,1
TCGA-AO-A126-01A,12.7744948637622,-18.3055018417647,-21.2034783065694,1
TCGA-AO-A12B-01A,6.36338376974567,-7.75967058086882,-18.3163721720922,1
TCGA-AO-A12E-01A,5.38377843017088,13.1840279898447,-6.56862970777235,1
TCGA-AO-A12H-01A,8.45026206250889,2.78742718621248,-19.6475776002781,1
TCGA-AO-A1KQ-01A,5.8863941184189,-20.9766377002753,-4.38180130765572,1
TCGA-AO-A1KT-01A,4.37145825483227,-9.02873905340909,-24.5868979261735,1
TCGA-AQ-A04H-01B,3.1606189918253,-4.32070142852853,-22.2524374464434,1
TCGA-AQ-A04L-01B,16.6305448345643,-8.80971954540956,-20.9155344530275,1
TCGA-AQ-A54O-01A,7.77242049861872,-24.0842417852191,-7.43235755976728,1
TCGA-AR-A0TV-01A,2.29667133066561,-12.4563388367513,-23.3253966162964,1
TCGA-AR-A0TZ-01A,12.8689005013739,-24.3443070598863,-20.0438960331584,1
TCGA-AR-A1AK-01A,3.6940180782221,1.76582179445399,-14.703485114355,1
TCGA-AR-A1AM-01A,2.12017948780948,-22.7408333287935,-15.157680767059,1
TCGA-AR-A1AU-01A,18.4555379385867,-19.9653577803566,-26.1576623141025,1
TCGA-AR-A2LK-01A,3.58927575775673,4.68462050139116,-11.3191291301604,1
TCGA-AR-A2LL-01A,-3.08549324595219,-1.71097053413481,-12.4741975540514,1
TCGA-AR-A5QN-01A,3.39219698170691,-17.0811022480919,-8.19731351059179,1
TCGA-B6-A0I1-01A,16.1216395965146,-13.5368454546268,-24.693034215002,1
TCGA-B6-A0I8-01A,-6.65583178503206,-10.0655082155261,-4.26144847733519,1
TCGA-B6-A0I9-01A,-1.45725963728572,-4.10178954466784,-4.4645246164734,1
TCGA-B6-A0IC-01A,17.2547080862674,15.7924677490256,-18.3085239374893,1
TCGA-B6-A0IG-01A,14.3892638016551,-31.3887098240239,-11.9990972736028,1
TCGA-B6-A0IK-01A,9.87564356380517,1.58694233591892,-20.6703864342072,1
TCGA-B6-A0IM-01A,13.0450913940891,-27.9268107074625,-15.4420708697337,1
TCGA-B6-A0IO-01A,-0.838497329285656,-9.90730633577726,-3.69660423413299,1
TCGA-B6-A0IP-01A,27.2782569186512,-13.4938377345424,-10.3183500915561,1
TCGA-B6-A0RL-01A,7.21108072006465,-20.8306700567186,-3.67788794940758,1
TCGA-B6-A0RM-01A,18.5220681011899,0.896459975947041,-18.0631894480472,1
TCGA-B6-A0RP-01A,15.4868609216348,12.5934251679343,-13.3620249444137,1
TCGA-B6-A0WV-01A,10.2443386380931,7.93984191686387,-6.35131997157417,1
TCGA-B6-A0WZ-01A,10.5000198595605,-7.53176804164108,-21.8437796706966,1
TCGA-B6-A0X4-01A,7.65310635159528,-5.75569519973807,-20.7459661531325,1
TCGA-B6-A0X5-01A,11.4365198652945,7.99578890632792,-14.625966056043,1
TCGA-B6-A0X7-01A,10.5800978292081,-0.899009934177688,-11.4719115060125,1
TCGA-B6-A1KC-01B,3.67715362501623,-10.1887122939007,-19.8447992550351,1
TCGA-B6-A2IU-01A,21.3012292778669,-12.4426242304129,-5.54964350392237,1
TCGA-B6-A401-01A,15.2255867325871,-18.6923697139772,-10.7391915147111,1
TCGA-B6-A408-01A,9.87185904677079,-15.9357805918504,-13.6511158612306,1
TCGA-BH-A0B4-01A,7.24427433843675,-1.35071642788686,-10.0846217320314,1
TCGA-BH-A0B8-01A,7.25353147615459,-4.4256480376035,-19.6798596545504,1
TCGA-BH-A0BP-01A,6.61376632676822,-4.17625038868931,-17.0439185303624,1
TCGA-BH-A0BV-01A,3.88126700982497,5.65727963897388,-10.4534100020586,1
TCGA-BH-A0C0-01A,1.58106373844632,4.34514717908712,-10.5543821751991,1
TCGA-BH-A0C7-01B,7.84104448378841,6.69518611881438,-12.1613075756675,1
TCGA-BH-A0DE-01A,1.71667320218849,5.03290583577663,-9.47826857774397,1
TCGA-BH-A0DH-01A,13.8398293943481,10.3333232456706,-6.48449613080478,1
TCGA-BH-A0E2-01A,13.1395160497945,7.87491066312502,-24.4891271880775,1
TCGA-BH-A0E7-01A,21.3126681418659,10.3876539935148,-12.0753025971044,1
TCGA-BH-A0H6-01A,7.30836260160674,16.3225307586857,-13.679992787901,1
TCGA-BH-A0HI-01A,19.2971754864567,16.3041934652738,-12.219897721099,1
TCGA-BH-A0HK-01A,18.268535754754,11.6738207135486,-15.5509523936553,1
TCGA-BH-A0HL-01A,9.2778634375144,-8.19878068051956,-17.9334125653936,1
TCGA-BH-A0HN-01A,9.07496529644665,-25.3189720849604,-9.06192186021507,1
TCGA-BH-A0HO-01A,11.8295080990799,11.6856660626089,-17.6435959212043,1
TCGA-BH-A0HW-01A,0.754851011349581,-6.19241138367213,-15.8408964816705,1
TCGA-BH-A0HX-01A,5.62067049249435,3.1278202084719,-12.3987276454685,1
TCGA-BH-A0W3-01A,1.22857301757394,-4.8309734533526,-13.7631166633419,1
TCGA-BH-A0W7-01A,5.82132696502799,15.7403449442128,-4.05710541120652,1
TCGA-BH-A18H-01A,-7.92522073891211,-5.36349932769115,-7.0894640476735,1
TCGA-BH-A18L-01A,3.1764303903451,-0.735772382728665,-10.0496401089478,1
TCGA-BH-A18N-01A,14.4378903968133,16.775568082987,-8.02963935540777,1
TCGA-BH-A18R-01A,16.8602796743917,7.66787785923537,-16.8194850529068,1
TCGA-BH-A18S-01A,23.0661190674796,7.82998078725613,-20.5696124928814,1
TCGA-BH-A1EN-01A,13.2348154817521,-18.1478801072998,-23.5262980124153,1
TCGA-BH-A1EY-01A,14.7967192459537,12.7209142391204,-10.7543149786347,1
TCGA-BH-A1FD-01A,11.9192810529332,9.96460453528156,-7.59906831607847,1
TCGA-BH-A1FG-01A,2.11605301736557,3.1374508027092,-8.31165100785356,1
TCGA-BH-A1FJ-01A,18.0738607673395,12.6130373672724,-15.9592346943634,1
TCGA-BH-A1FR-01A,4.05210050022525,-6.82339396093413,-18.1695626549279,1
TCGA-BH-A42T-01A,8.19115552306003,-23.3512004353517,-10.4727408853368,1
TCGA-BH-A42V-01A,20.8030350879089,-20.3411663443336,-25.8212701043407,1
TCGA-BH-A8FY-01A,11.6215443311195,-11.3569512335287,-16.510725574722,1
TCGA-BH-A8FZ-01A,14.2341133852942,1.06300029445138,-8.55890545593849,1
TCGA-BH-AB28-01A,18.4224222875483,-15.9372903108248,-23.7450237779457,1
TCGA-C8-A12M-01A,-0.697041851360518,-7.35292367718526,-12.242726771568,1
TCGA-C8-A12U-01A,3.49684740672793,-4.43516915398132,-19.9682846754922,1
TCGA-C8-A12X-01A,12.1784843976673,-6.45127032104037,-16.4153106800215,1
TCGA-C8-A133-01A,5.02266769914853,-10.71879843668,-22.587804004711,1
TCGA-C8-A1HG-01A,2.92164099674831,-1.99964124821568,-26.2918675133874,1
TCGA-C8-A1HO-01A,11.6728499171421,-6.38866226279585,-24.7655773127024,1
TCGA-C8-A273-01A,10.1585384783576,-14.5653901582967,-16.55706678636,1
TCGA-C8-A278-01A,-8.66676042046186,-0.568216628698129,-11.0767877960281,1
TCGA-C8-A3M8-01A,8.28696967185863,-21.2796813168572,-18.8531252404574,1
TCGA-C8-A8HQ-01A,13.277769641076,-14.069637329936,-20.0286356018939,1
TCGA-D8-A140-01A,13.9105427955932,-6.09474382717939,-23.9299624702727,1
TCGA-D8-A1JI-01A,5.15767846801272,-8.578950669297,-21.711910950099,1
TCGA-D8-A1JN-01A,17.48880226215,14.8161148855981,-7.02602128331072,1
TCGA-D8-A1JP-01A,6.62166681830633,-12.0779852436445,-19.5749394858337,1
TCGA-D8-A1JS-01A,11.1849616299828,-4.45504484226541,-19.4905759543284,1
TCGA-D8-A1X6-01A,7.16396156675692,-10.2475514663512,-10.0915120525835,1
TCGA-D8-A1XA-01A,13.7426370202602,12.0991581402828,-7.23068618154635,1
TCGA-D8-A1XC-01A,4.8201897367544,0.199483877470426,-18.8877883718622,1
TCGA-D8-A1XF-01A,7.94667254812242,-2.94151815007439,-19.8565341989237,1
TCGA-D8-A1XK-01A,-5.17437629988382,1.97173760445261,-11.7926393959416,1
TCGA-D8-A1XR-01A,16.7748004992302,13.1871825223009,-17.1321902229539,1
TCGA-D8-A1XU-01A,10.3950407021371,14.6656979722575,-8.6038846918176,1
TCGA-D8-A1XV-01A,12.8044793390129,2.41024795582522,-18.3194046994084,1
TCGA-D8-A1XY-01A,23.5395374362174,16.3126591825472,-11.2341129948341,1
TCGA-D8-A1Y1-01A,10.1686443667091,18.3660134478823,-11.1463099378421,1
TCGA-D8-A27E-01A,14.5225416047577,11.0589936127408,-11.3937074901913,1
TCGA-D8-A27G-01A,2.10813683963129,14.0736120281062,-9.75840101549186,1
TCGA-D8-A27W-01A,-0.962319446391556,-2.29723173302274,-27.3997500546433,1
TCGA-D8-A73U-01A,22.7890211821585,-14.5501830573657,-21.5500326963387,1
TCGA-E2-A105-01A,-4.19595660131497,1.35313677663688,-6.30883399722595,1
TCGA-E2-A106-01A,4.47966292203329,-5.31920361940918,-8.92913503234443,1
TCGA-E2-A109-01A,2.38984683918977,-6.21827287153253,-16.369262778921,1
TCGA-E2-A14O-01A,3.64475983521087,-24.5136309978375,-10.7664565423548,1
TCGA-E2-A14R-01A,21.9324450553136,-9.50484293066742,-24.4677601732661,1
TCGA-E2-A14T-01A,4.50594254579816,-0.193079071076887,-27.0049979041643,1
TCGA-E2-A14U-01A,19.7559177614765,-18.2382242296651,-24.225338602949,1
TCGA-E2-A14W-01A,5.04555789239537,-7.21915641430556,-10.1414604684322,1
TCGA-E2-A152-01A,15.29402168912,-15.3810515508521,-22.4485616361704,1
TCGA-E2-A154-01A,24.4258558707153,-6.64714093135078,-8.26427957680616,1
TCGA-E2-A155-01A,13.3577677012355,-0.61135624276529,-15.9143035700828,1
TCGA-E2-A156-01A,21.0602467586588,-6.41721594741943,-12.1503174117284,1
TCGA-E2-A15G-01A,24.7144660426849,-11.781385186979,-8.68836181451231,1
TCGA-E2-A15H-01A,19.6423906722549,-13.477865892461,-4.3632707889109,1
TCGA-E2-A15R-01A,4.87144222542229,-8.8639023984439,-16.2814984446608,1
TCGA-E2-A15S-01A,2.34418634724378,-2.25332509960961,-17.1808549950822,1
TCGA-E2-A15T-01A,2.94269967060297,6.12409309836152,-13.5257785290035,1
TCGA-E2-A1B4-01A,13.9452955099864,-7.39311228421734,-17.5278816315078,1
TCGA-E2-A1IE-01A,4.10350586427134,-14.4461618899556,-27.2876936611049,1
TCGA-E2-A1IG-01A,11.0488882491925,-13.9823205886081,-24.1054992170671,1
TCGA-E2-A1IK-01A,6.12074244188711,0.525538957328888,-16.5636745526325,1
TCGA-E2-A1IU-01A,16.9906425589977,-5.0623862052479,-18.6594010696766,1
TCGA-E2-A1L7-01A,7.89763623987802,-1.73481938873959,-20.389167028976,1
TCGA-E2-A1LA-01A,4.41506022404748,3.23622607140246,-16.5132621201046,1
TCGA-E2-A1LE-01A,13.7624356716055,-16.8095490507004,-9.87097454309693,1
TCGA-E2-A1LH-01A,18.1558381474939,-13.4772783011643,-20.9882554344466,1
TCGA-E2-A2P6-01A,15.5296849763655,-17.3699176852287,-19.6958187784913,1
TCGA-E2-A56Z-01A,8.37135237851708,-12.514870197415,-10.4072470749569,1
TCGA-E2-A570-01A,20.7257702830315,-12.0504839170736,-18.7588048140219,1
TCGA-E2-A572-01A,11.5656197750812,-18.277477825282,-6.7751820236686,1
TCGA-E2-A574-01A,12.0573213338897,-20.1140336647851,-8.67234160911626,1
TCGA-E2-A576-01A,7.52947170980149,-27.0245558630758,-16.292693447465,1
TCGA-E2-A9RU-01A,7.22715526223398,-20.7902327779319,-8.15407469573477,1
TCGA-E9-A1N3-01A,9.11764823708433,-3.0302593430088,-16.9636532714027,1
TCGA-E9-A1N5-01A,11.4877778643108,18.6118040975024,-7.38387708196359,1
TCGA-E9-A1NA-01A,6.45325384857272,-17.7802771615196,-8.36955452374484,1
TCGA-E9-A1R0-01A,16.4120763938096,10.671092971979,-18.8841453873772,1
TCGA-E9-A1R2-01A,-6.63304671802625,-5.4996081630586,-3.35648521693487,1
TCGA-E9-A1R4-01A,5.65702434357616,21.0252619771273,-13.9729762658186,1
TCGA-E9-A1R5-01A,2.67226178030374,-2.7895043211787,-12.4941024081636,1
TCGA-E9-A1R6-01A,2.18276030543454,-8.87347194366134,-6.50137706587551,1
TCGA-E9-A1RD-01A,15.8323491683454,18.207438091991,-10.6486238466085,1
TCGA-E9-A227-01A,16.088843155449,8.5130555160835,-13.6671475517126,1
TCGA-E9-A228-01A,9.38777049519322,-9.57785474579476,-23.189113514287,1
TCGA-E9-A22B-01A,0.176866505737139,-5.14182881932515,-19.9892071435723,1
TCGA-E9-A22D-01A,10.1126238168616,1.96514453997707,-21.4600809265897,1
TCGA-E9-A245-01A,12.4016153447609,-10.9170615823005,-25.7272278391941,1
TCGA-E9-A2JS-01A,2.64949804547147,-1.79060740262811,-9.13158562723464,1
TCGA-E9-A3HO-01A,17.4240229206796,-17.692510301446,-22.110708556569,1
TCGA-E9-A3Q9-01A,14.6113592378562,0.0405597480672412,-16.0597057948033,1
TCGA-E9-A3QA-01A,-3.88238732648346,-1.52197031827179,-21.383943369062,1
TCGA-E9-A54X-01A,5.67246531922969,-0.338371503420055,-4.76697753619873,1
TCGA-E9-A54Y-01A,8.84325038875339,-22.0345217561501,-8.60915417215032,1
TCGA-E9-A5FK-01A,5.0266867969318,-20.659787530822,-14.9291285909921,1
TCGA-E9-A5UO-01A,1.79577551217423,-9.66567714286747,-14.9270199545419,1
TCGA-E9-A5UP-01A,4.16653843893056,-19.4605109658132,-16.0212095044717,1
TCGA-EW-A1IZ-01A,22.3187927908074,-13.7355533415062,-17.2245746504858,1
TCGA-EW-A1J1-01A,2.59632111843212,21.028674827932,-12.8061996472609,1
TCGA-EW-A1OX-01A,1.7083141623199,-0.446919110502078,-7.1900872437814,1
TCGA-EW-A1OY-01A,-1.10272579346347,-4.55142679887828,-6.3870273210327,1
TCGA-EW-A1OZ-01A,12.9099791007797,-24.1709908582784,-20.445790575468,1
TCGA-EW-A1P0-01A,5.62628353782693,-1.12060326158478,-7.72700633366379,1
TCGA-EW-A1P3-01A,5.06762362834404,-5.88898346441324,-4.89421402313666,1
TCGA-EW-A1P5-01A,10.6476890822834,9.45176865985105,-8.24831510534612,1
TCGA-EW-A1P6-01A,12.4495130697235,18.8500711120506,-6.23916641536278,1
TCGA-EW-A1PA-01A,9.95257925612199,2.6471733154046,-18.1479525190123,1
TCGA-EW-A1PC-01B,7.98430624035125,-22.8496998457312,-7.67744381606772,1
TCGA-EW-A1PD-01A,7.92129476066111,-17.4645178176369,-14.1645386052816,1
TCGA-EW-A1PE-01A,22.3542444051622,14.2753866940465,-13.5514431445486,1
TCGA-EW-A2FW-01A,6.33043308570336,-10.8809777228774,-17.7448307804876,1
TCGA-EW-A3E8-01B,10.6122407108833,-12.5493527777484,-16.4104043527887,1
TCGA-GM-A2DC-01A,-0.215092928124854,0.643581105791261,-12.4005370815285,1
TCGA-GM-A2DF-01A,13.0651566762616,-11.9996019528693,-20.2342448758326,1
TCGA-GM-A2DK-01A,12.2128088096448,-24.7870032084707,-4.18612586725725,1
TCGA-GM-A2DM-01A,19.429470008848,15.2181709911527,-10.9116450503265,1
TCGA-GM-A2DO-01A,-8.87484008494046,-7.29774500072536,-9.93599653380496,1
TCGA-GM-A3NW-01A,13.88620806293,1.81620970921302,-12.4392497262873,1
TCGA-GM-A3XL-01A,17.0347351540864,-10.6120351148797,-21.9854010812584,1
TCGA-GM-A5PV-01A,18.7995529152529,-8.19496009325375,-10.0595371708096,1
TCGA-JL-A3YW-01A,17.1983854868373,-22.9267393373756,-21.9987045527398,1
TCGA-JL-A3YX-01A,6.01473757472213,-28.1677768400797,-14.2658168658577,1
TCGA-LD-A7W6-01A,4.24534349694933,-3.58905134323046,-9.51223540413935,1
TCGA-LL-A442-01A,8.70287152615429,-4.70870884567509,-13.2707837121544,1
TCGA-LL-A50Y-01A,14.0687840816157,-15.2887237815622,-19.4842395731989,1
TCGA-LL-A5YM-01A,5.43369871227941,-15.1242698556225,-5.16386823578793,1
TCGA-LL-A5YN-01A,10.3089044216154,-24.7462944917595,-7.61975888431275,1
TCGA-LL-A6FP-01A,13.1579739938547,-19.6865479404206,-7.91614070762402,1
TCGA-LL-A6FQ-01A,11.2658885894612,-24.2314799985928,-8.51122998049841,1
TCGA-LL-A7SZ-01A,11.5014205839041,-27.1552827180594,-11.7490403670671,1
TCGA-LL-A9Q3-01A,5.50108369543648,-20.5646829062209,-11.5497817398542,1
TCGA-LQ-A4E4-01A,10.8410224431722,-26.762051607405,-10.0699306946979,1
TCGA-OL-A5RU-01A,24.5746267519321,-9.6475369620863,-9.1929100354597,1
TCGA-OL-A5RZ-01A,9.4475564585515,-19.9548970295485,-17.164767066549,1
TCGA-OL-A66H-01A,7.34872965025857,-10.6230315500386,-19.228841954912,1
TCGA-OL-A66L-01A,11.3255469390059,-24.6552367824576,-6.84872525605845,1
TCGA-OL-A66O-01A,13.4583204303499,-19.3057758300497,-11.1215893575209,1
TCGA-OL-A66P-01A,7.55944276064585,-13.2788858216324,-9.87529474960022,1
TCGA-OL-A6VR-01A,12.4026498058899,-2.37024096730048,-10.9375134869022,1
TCGA-PE-A5DE-01A,25.7642362817305,-9.99411328963465,-16.5085097335229,1
TCGA-PL-A8LX-01A,3.75774290255577,-8.1662661034219,-16.291162450503,1
TCGA-S3-A6ZG-01A,10.793491343268,-0.934094189454873,-14.8263918237026,1
TCGA-S3-AA12-01A,10.2072759280355,-17.2126518232312,-23.1623075867429,1
TCGA-S3-AA17-01A,7.82381486948684,-24.893187326257,-13.0390544672158,1
TCGA-V7-A7HQ-01A,8.27152796006936,-23.149466727763,-13.6090843061179,1
TCGA-WT-AB41-01A,20.2207742647536,-18.3114401947246,-18.5614555422148,1
TCGA-WT-AB44-01A,18.7142691799139,-2.15642045689675,-11.8379547118475,1
TCGA-A1-A0SB-01A,-10.5008705587535,59.2708821956357,-19.4687089841248,2
TCGA-A1-A0SD-01A,-5.48679453620876,33.1973182374426,-13.167991382388,2
TCGA-A1-A0SH-01A,-9.95903310079254,54.5526062173514,-6.43368760810631,2
TCGA-A1-A0SI-01A,-7.20379066428754,44.6776618128181,-15.0350256052577,2
TCGA-A1-A0SJ-01A,-11.2513884574732,35.9864480182045,-6.22419152500534,2
TCGA-A1-A0SO-01A,-1.72657797283027,60.2209419876172,-21.4452124716654,2
TCGA-A1-A0SP-01A,-10.0830462347409,65.3655351789931,-16.7730474145567,2
TCGA-A1-A0SQ-01A,-19.9893046438451,59.192161855828,-5.28314570719225,2
TCGA-A2-A04Q-01A,-10.7985201002521,56.6574343563906,-30.4115818070033,2
TCGA-A2-A04T-01A,-14.9012962958859,61.2414906404104,-10.7256280313686,2
TCGA-A2-A04Y-01A,-31.8538648236292,27.0300875460157,-10.4427329250493,2
TCGA-A2-A0CL-01A,-31.1529433741917,32.3892169688748,-11.1525138619688,2
TCGA-A2-A0CM-01A,-11.1517187393303,56.9811372220985,-17.1492794612628,2
TCGA-A2-A0CP-01A,-5.53200433899884,39.9111705131058,-15.5649834674531,2
TCGA-A2-A0CT-01A,-21.3120835961388,59.7447388829773,-6.87154477878703,2
TCGA-A2-A0CV-01A,8.68874843312288,40.404612791415,-17.8028631708577,2
TCGA-A2-A0CZ-01A,-11.284979533158,52.6251282279116,-12.5920453247612,2
TCGA-A2-A0D0-01A,-15.9889190615482,45.7737700334456,-24.6198870549644,2
TCGA-A2-A0EM-01A,-12.2535053423591,34.2700865189708,-3.28235804340346,2
TCGA-A2-A0EN-01A,-1.17019761696799,22.4715544981074,-5.08941663560187,2
TCGA-A2-A0EO-01A,-13.5973953435847,56.4572485491332,-4.93415959393045,2
TCGA-A2-A0ES-01A,-4.46104683526892,50.9343540184809,-5.84371661249674,2
TCGA-A2-A0EW-01A,-9.78660521234942,48.1768272897067,-4.95239969649142,2
TCGA-A2-A0EX-01A,3.67929282474365,28.359055864093,-12.148331838725,2
TCGA-A2-A0ST-01A,-14.0890587666289,56.6539909458269,-23.3340649047765,2
TCGA-A2-A0SX-01A,-14.0284782204255,56.9070566036381,-20.2933366491521,2
TCGA-A2-A0T3-01A,-11.7188046806513,63.4385528362453,-15.5259501278756,2
TCGA-A2-A0T5-01A,-9.16614562856969,65.958301984082,-13.6942764341916,2
TCGA-A2-A0T6-01A,-11.6599448911082,53.9030817513577,-4.58550451710704,2
TCGA-A2-A0T7-01A,1.18910552190886,53.126057176741,-0.590404993275367,2
TCGA-A2-A0YD-01A,-14.7437681884408,38.1657852137688,-6.58414035318238,2
TCGA-A2-A0YE-01A,-14.8582640296312,46.9438063292739,-19.6270710228971,2
TCGA-A2-A0YF-01A,-21.271549574788,20.9993416081875,-11.3235559614254,2
TCGA-A2-A0YI-01A,-20.9789943030153,20.9350893232519,-16.9019011443125,2
TCGA-A2-A0YJ-01A,-11.314117646984,43.3562280810503,-12.576753944837,2
TCGA-A2-A0YK-01A,-14.9759023546553,38.1190577724853,-7.88907567746106,2
TCGA-A2-A0YL-01A,-5.91953249891843,54.9171448554535,-15.8239299666055,2
TCGA-A2-A0YM-01A,-14.8131186497632,53.4564931127843,-13.7181638055851,2
TCGA-A2-A0YT-01A,-20.3079483859932,22.0433774134653,-14.7773537645057,2
TCGA-A2-A1FW-01A,-23.6753244004207,23.8289763069187,1.67633808239753,2
TCGA-A2-A1FZ-01A,-14.1567066562276,40.5534825047166,-11.0523537528892,2
TCGA-A2-A1G0-01A,-6.42577438314779,21.9523659839508,-7.51257283095358,2
TCGA-A2-A1G1-01A,-15.7924909918045,42.3495043224054,-3.9288902596469,2
TCGA-A2-A1G6-01A,-3.65319946587221,47.8944761942807,-2.08762987520767,2
TCGA-A2-A259-01A,-11.1313105672979,30.6289739207605,-5.80851164353822,2
TCGA-A2-A25A-01A,0.755586484877363,48.5126903821022,-14.2463822075988,2
TCGA-A2-A25B-01A,-24.7911954257888,28.9164269074444,-0.454641700674338,2
TCGA-A2-A25C-01A,-17.3646295423463,30.5684518668349,-7.32220745932289,2
TCGA-A2-A25E-01A,-28.7110066791915,29.6244257712277,-8.96592926313645,2
TCGA-A2-A25F-01A,-22.5968725905548,35.3179995821356,-6.30399160743824,2
TCGA-A2-A3KC-01A,11.336983440519,41.5428981797469,-18.0021541674876,2
TCGA-A2-A3KD-01A,-17.2740197837371,66.7089775171914,-18.4745606874962,2
TCGA-A2-A3XU-01A,-8.12850514497332,43.6037306424277,-21.8702702611834,2
TCGA-A2-A4RX-01A,-8.72848239197821,49.2629487390397,-15.2002486063924,2
TCGA-A2-A4RY-01A,4.36050086896884,43.3309012829927,-19.6056243906276,2
TCGA-A2-A4S1-01A,-10.1716042858138,71.1847430134211,-13.3697532458934,2
TCGA-A7-A0CE-01A,-10.921863566162,51.246282322547,-19.2027522790935,2
TCGA-A7-A0CG-01A,-5.65962373535924,34.248106163449,-8.84980142458469,2
TCGA-A7-A0CH-01A,11.6904205651791,57.3994456733963,-2.80295930391445,2
TCGA-A7-A0DA-01A,0.445407894930171,46.0871184940303,-15.3542115986791,2
TCGA-A7-A0DB-01A,-11.8857338845437,28.7335809146256,-11.5677193262517,2
TCGA-A7-A0DB-01C,-12.5750137870702,31.0481162994379,-4.81456011468191,2
TCGA-A7-A0DC-01A,-20.9715461526969,30.8984423187955,-10.2328950617218,2
TCGA-A7-A0DC-01B,-26.920323927555,25.6629953517103,6.07945284316433,2
TCGA-A7-A13D-01B,-8.04150523463105,60.4816706044596,-20.1606382310433,2
TCGA-A7-A13E-01A,-19.5485593083055,63.1584327647128,-17.1225317975536,2
TCGA-A7-A13E-01B,-21.2758357518684,31.0027731424873,-11.9208310944388,2
TCGA-A7-A13G-01B,-22.6220288744756,29.5031274383086,3.42269598474552,2
TCGA-A7-A26E-01A,-24.0095898352491,29.9313182562429,-9.86868581990266,2
TCGA-A7-A26E-01B,-26.4483453017751,27.9303154031656,-13.2942368148405,2
TCGA-A7-A26F-01B,-9.49672301856264,65.3539720344178,-14.1996736774351,2
TCGA-A7-A26G-01A,-7.3422906686702,53.3412208651072,-16.3978904876009,2
TCGA-A7-A26H-01A,-13.0405305783194,58.8329872386326,-4.80439578244992,2
TCGA-A7-A26I-01B,-6.72230910164281,58.0109459653553,-10.4673712440727,2
TCGA-A7-A26J-01A,-23.6907584564955,28.9690309332206,-4.47571127685572,2
TCGA-A7-A26J-01B,-23.608164966408,29.1113381077065,-11.3315702983103,2
TCGA-A7-A3IY-01A,-15.686821094841,62.9648787180129,-14.9989642320328,2
TCGA-A7-A4SC-01A,5.77268098779617,38.4040177405308,-11.6627120046028,2
TCGA-A7-A4SE-01A,3.83528568530781,44.2175438606751,-22.2690081192507,2
TCGA-A7-A5ZV-01A,-32.9029830332218,31.613990240327,-12.9727113818349,2
TCGA-A7-A5ZW-01A,-0.150131489705976,47.3165302686198,-9.63262600051166,2
TCGA-A7-A5ZX-01A,7.72817644970471,45.8543746037022,-12.9793412801341,2
TCGA-A7-A6VX-01A,1.52625726576735,39.7243337627904,-14.8770057545449,2
TCGA-A8-A06P-01A,-9.90448165546951,38.12062811673,-14.5950954320223,2
TCGA-A8-A07C-01A,-5.39388885688013,57.8133855144021,-21.8976703861646,2
TCGA-A8-A07F-01A,-6.22444590146063,59.7804864265647,-10.6721013040138,2
TCGA-A8-A07G-01A,-7.52444559269512,57.1741621287997,-2.18212211723622,2
TCGA-A8-A07I-01A,-11.6177800364514,60.0423346683196,-3.26083829908815,2
TCGA-A8-A07J-01A,-12.4596774943408,31.334144402172,-12.2706916142966,2
TCGA-A8-A07O-01A,-17.6531012513626,51.0746675699802,-14.6740800391884,2
TCGA-A8-A07R-01A,-4.90110206584125,48.1753024714711,-15.5568191838121,2
TCGA-A8-A07U-01A,-27.6455438236764,32.9151968143425,-10.7394785724663,2
TCGA-A8-A081-01A,-27.5936951206129,28.6247747977523,-11.8316352670025,2
TCGA-A8-A086-01A,-3.99308961631065,33.7528080352362,-8.37428229352035,2
TCGA-A8-A08H-01A,-20.0453202441777,33.0216844287315,-8.76115941853235,2
TCGA-A8-A08I-01A,-30.974359458252,28.1818097990993,-9.15904917078009,2
TCGA-A8-A08P-01A,-27.1427188920384,28.2262979639738,-14.5341460988629,2
TCGA-A8-A08R-01A,-5.63926150809472,51.5480064202163,-17.705529127948,2
TCGA-A8-A08T-01A,-20.200002931838,53.8375916365155,-4.3290420749065,2
TCGA-A8-A08X-01A,-5.32659322194399,59.0071742449561,-17.4672241098952,2
TCGA-A8-A08Z-01A,-19.7024508503052,64.1485170695111,-14.1334022683009,2
TCGA-A8-A094-01A,-26.1406583385287,33.8048128924453,-20.1918564858105,2
TCGA-A8-A095-01A,7.75863390983607,49.4838628970267,-6.59660414436685,2
TCGA-A8-A096-01A,-11.9468329680405,56.717233220269,-7.9319538780817,2
TCGA-A8-A097-01A,-29.5123133263614,34.3535181215018,-12.4056676558398,2
TCGA-A8-A099-01A,-18.3895629115605,58.8723780286821,-9.99968920744294,2
TCGA-A8-A09A-01A,-13.7316381359016,37.3161030693885,-6.88690304436438,2
TCGA-A8-A09D-01A,-35.7194951102168,26.9101555454951,-15.3744837155299,2
TCGA-A8-A09G-01A,-7.19388952302541,60.7958502817915,-21.3210727857213,2
TCGA-A8-A09N-01A,6.77598702272101,51.0773270996805,-4.04730943857879,2
TCGA-A8-A09Q-01A,-12.2830763315698,32.3891228965857,-6.25681839081612,2
TCGA-A8-A09V-01A,-14.9558527080225,40.6718830597266,-8.55722082235761,2
TCGA-A8-A09W-01A,-35.5824968324523,27.1081047344861,-14.2663585411343,2
TCGA-A8-A09X-01A,-5.33869884347048,23.9629064066112,-14.5823472565449,2
TCGA-A8-A0A1-01A,-30.7711622460659,33.7990861681377,-12.0734696586301,2
TCGA-A8-A0A4-01A,3.77655256443497,41.696798080477,-8.89321939681218,2
TCGA-A8-A0A6-01A,-23.3191051813774,33.6250928738603,-10.9563872228785,2
TCGA-A8-A0A7-01A,-31.6934430856883,34.8358124092879,-11.0509461877207,2
TCGA-A8-A0AB-01A,13.8674906457411,56.7572625758403,-5.50925170739322,2
TCGA-A8-A0AD-01A,5.48941754466082,34.4700407135007,-11.8539636895617,2
TCGA-AC-A23C-01A,-5.99667386736872,35.5556796915472,-7.39961107006024,2
TCGA-AC-A23E-01A,-13.9931508248065,38.9953088075467,-9.3658331299651,2
TCGA-AC-A23G-01A,5.85889434652883,49.6187811946599,-13.1772151987622,2
TCGA-AC-A2BK-01A,0.361817986709764,47.7494815562282,-19.5175200141456,2
TCGA-AC-A2FB-01A,-24.9431163434536,33.6317487035451,-12.1769078746905,2
TCGA-AC-A2FF-01A,-10.5400610264581,51.04911640236,-10.2580287468863,2
TCGA-AC-A2FG-01A,6.71094331259344,37.8281461610943,-17.0500702066695,2
TCGA-AC-A2FK-01A,-5.53508392912919,48.0280051348329,-8.93500817338572,2
TCGA-AC-A2QH-01B,-16.1866632133443,57.7207729892311,-17.5264224928105,2
TCGA-AC-A3HN-01A,-8.50674336003395,28.1699092824963,-9.03560945126973,2
TCGA-AC-A3OD-01B,-23.7015303846858,27.6670581554173,1.84128236773276,2
TCGA-AC-A3QQ-01B,-20.0366221625306,24.2617300421907,-1.36689753130003,2
TCGA-AC-A3YI-01A,6.32143501130154,36.9223613023097,-20.0537832364766,2
TCGA-AC-A6IV-01A,2.01611062741111,31.3111032606567,-16.5052131571879,2
TCGA-AC-A6IW-01A,-14.7369460580828,61.2545568709696,-18.1296329534557,2
TCGA-AC-A8OQ-01A,2.66739137233465,40.0015714359111,-16.947289893697,2
TCGA-AC-A8OR-01A,-21.6377566166951,60.4222905553568,3.36126457158031,2
TCGA-AN-A041-01A,-32.7753045089586,26.75636148127,-18.3770745747293,2
TCGA-AN-A0AJ-01A,-24.949062471206,25.851813726368,-15.674451968123,2
TCGA-AN-A0AL-01A,-17.1397772654505,42.4435236281389,-30.1693636033864,2
TCGA-AN-A0AS-01A,-3.13303455710958,42.9924969058446,-16.640813299549,2
TCGA-AN-A0FN-01A,-18.1077855354775,36.6671260123727,-10.2913069114612,2
TCGA-AN-A0FS-01A,1.59674986258326,39.4965258539251,-12.3335560800471,2
TCGA-AN-A0FX-01A,-9.1903894657189,53.1622049153709,-16.4556914386288,2
TCGA-AN-A0FY-01A,3.60749183612953,34.221255568826,-18.8262224505428,2
TCGA-AN-A0G0-01A,-6.37286579434311,67.5391967500405,-12.9323428584958,2
TCGA-AN-A0XL-01A,7.75414539297002,38.1419548028223,-14.6643641985385,2
TCGA-AN-A0XN-01A,-10.2525731164851,41.5459294924124,-3.74277989450611,2
TCGA-AN-A0XO-01A,-0.754017176162026,56.997578634839,-5.35426671032204,2
TCGA-AN-A0XS-01A,-26.1798473658507,16.3584908570655,-19.6375508693821,2
TCGA-AN-A0XT-01A,-12.0083768496561,53.4790394570231,-16.6884228619165,2
TCGA-AN-A0XU-01A,-19.1432954238611,51.6703747011237,-19.7818626670641,2
TCGA-AN-A0XV-01A,-10.5050888437277,34.6768258814278,-2.64300273231263,2
TCGA-AN-A0XW-01A,-19.9031708940252,57.0699470501008,-12.0842620636587,2
TCGA-AO-A03V-01A,-20.4776320311631,22.492916628116,-18.3185527247249,2
TCGA-AO-A0J4-01A,-9.76179349667327,53.9191030337479,-14.2298339632772,2
TCGA-AO-A0J5-01A,-16.5029672297863,48.5059145799308,-5.515052735298,2
TCGA-AO-A0J6-01A,-12.5476045199559,48.1249222376064,-27.2643000739115,2
TCGA-AO-A0JA-01A,-13.8225700139478,34.7881179449972,-10.3995276200907,2
TCGA-AO-A0JC-01A,-29.700596371484,26.3403023481496,-5.03160137416375,2
TCGA-AO-A0JD-01A,-24.2140768417789,29.514113495914,-12.7014760165688,2
TCGA-AO-A0JE-01A,-3.61036593589326,61.2148746567789,-14.6945841925405,2
TCGA-AO-A0JF-01A,-8.70296465641007,35.145742544625,-9.49838889485984,2
TCGA-AO-A0JJ-01A,-8.69523254597562,36.7127027574049,-9.24151617354769,2
TCGA-AO-A124-01A,-10.3244675999494,61.2714908856339,-17.6768040483663,2
TCGA-AO-A128-01A,-12.9673009886885,57.8466418609983,-27.6810141969704,2
TCGA-AO-A129-01A,-2.19998731190952,44.1894969445072,-23.2259771315006,2
TCGA-AO-A12A-01A,6.16099313457152,56.1212576664108,-1.6650615831316,2
TCGA-AO-A12C-01A,-12.4251296542881,51.501983882591,-1.58569071944185,2
TCGA-AO-A12F-01A,-1.61750288929565,42.5153193736767,-23.5503251245781,2
TCGA-AO-A1KO-01A,-4.80094802445374,51.2957086628497,-9.31924841513681,2
TCGA-AO-A1KP-01A,-20.1733130028957,31.2026282751607,-15.1045015913628,2
TCGA-AQ-A04J-01A,-12.1418838729068,56.3545954329092,-18.6741173124042,2
TCGA-AQ-A0Y5-01A,-21.7444328512755,24.5674439473513,-3.6482148370496,2
TCGA-AQ-A1H3-01A,-19.9388719918177,56.964836790959,-7.26193403669428,2
TCGA-AQ-A7U7-01A,6.24725359735501,35.4500243500408,-14.4789967621322,2
TCGA-AR-A0TP-01A,-8.8825338927414,57.9482910217045,-20.571357760051,2
TCGA-AR-A0TQ-01A,-34.2014332217001,22.4864003916031,-14.2553656850293,2
TCGA-AR-A0TS-01A,-13.264804843257,62.5272400258428,-17.5690245905274,2
TCGA-AR-A0TT-01A,-25.3093595043407,27.1603884301472,-13.1066365318168,2
TCGA-AR-A0TU-01A,-10.371361970965,65.1591944350807,-15.6283361843197,2
TCGA-AR-A0TW-01A,-34.3260302250297,24.0126119318665,-11.7487498183871,2
TCGA-AR-A0TX-01A,-22.8271652067325,56.0857691924636,-14.6351175838421,2
TCGA-AR-A0U0-01A,-4.38369318249399,26.0930818900116,-8.65084605456519,2
TCGA-AR-A0U2-01A,-28.4654487722961,20.5803648351545,-14.6773333932398,2
TCGA-AR-A0U4-01A,-12.8222214681242,60.2259147203527,-11.5329987933404,2
TCGA-AR-A1AI-01A,-15.374284560492,55.7132158699042,-13.7405184293902,2
TCGA-AR-A1AJ-01A,-10.7918259707987,63.1077125251886,-24.543595286466,2
TCGA-AR-A1AL-01A,-0.574684828320757,45.6880085501257,-17.9057210537475,2
TCGA-AR-A1AO-01A,-7.1936068693685,55.0637737714352,-18.1837649534765,2
TCGA-AR-A1AP-01A,-14.7252388992982,71.7322762219625,-18.4569031685406,2
TCGA-AR-A1AR-01A,-14.510110265432,36.1520421845024,-11.7176936600527,2
TCGA-AR-A1AT-01A,-17.8001688889667,69.3478522906914,-22.4350990358159,2
TCGA-AR-A1AV-01A,-8.73578872657089,70.7736592992937,-19.7894088490165,2
TCGA-AR-A1AW-01A,-35.0887688641601,29.5817402600404,-7.54493077996939,2
TCGA-AR-A1AX-01A,-16.9586939421051,56.2087647576547,-30.2385642982052,2
TCGA-AR-A1AY-01A,-5.95618648336615,57.3766840640791,-15.2866540725972,2
TCGA-AR-A24H-01A,-25.341672276849,22.3471035339531,-15.3316106388998,2
TCGA-AR-A24K-01A,-4.74192416779239,39.3194437593295,-4.09545434978141,2
TCGA-AR-A24L-01A,-35.0602946107912,32.8951967509998,-18.2144246932263,2
TCGA-AR-A24M-01A,-11.5916351581427,30.8062304011266,-10.0790152275917,2
TCGA-AR-A24N-01A,-10.6308967585761,42.1890175485043,-5.66706116628949,2
TCGA-AR-A24O-01A,-16.4690373180877,33.8472546971442,-11.6806955821234,2
TCGA-AR-A24P-01A,-12.2351677033959,33.9398192066745,-6.43765590002858,2
TCGA-AR-A24Q-01A,-12.7257830566347,53.9786582254088,-14.0948161622463,2
TCGA-AR-A24R-01A,-24.6736485651071,32.2440949298767,-14.2181873953042,2
TCGA-AR-A24S-01A,-19.1654946087039,29.8602979541052,-14.0422003762878,2
TCGA-AR-A24T-01A,-6.65701160929909,53.5086120367782,-15.329959638938,2
TCGA-AR-A24U-01A,-11.8229719021822,55.4998104230221,-8.04105243567789,2
TCGA-AR-A24V-01A,-7.25839048523275,31.6867054964847,-16.4665002857188,2
TCGA-AR-A24W-01A,-6.07305845379329,47.137921960549,-3.37026095420407,2
TCGA-AR-A24X-01A,-1.68427984587784,58.669302517197,-20.3549872734451,2
TCGA-AR-A24Z-01A,-27.5980381384478,29.2122084944273,-18.8379879107249,2
TCGA-AR-A250-01A,-22.218924752237,24.2117541446161,-7.59797148603687,2
TCGA-AR-A251-01A,-19.7632047866655,53.3578002769648,-13.6705129808765,2
TCGA-AR-A252-01A,-29.4522440605633,26.7968971638764,-10.1413647245455,2
TCGA-AR-A254-01A,-13.6202342775428,56.1949612752698,-7.54519033392162,2
TCGA-AR-A255-01A,-16.8692383479697,30.831542536329,-9.44652214633867,2
TCGA-AR-A256-01A,-14.1660625570035,52.069794377283,-19.1622064068963,2
TCGA-AR-A2LE-01A,-18.0442235843069,59.7120856244191,-2.66640791662221,2
TCGA-AR-A2LM-01A,-9.42073814691154,59.1364889625079,-15.5337851058868,2
TCGA-AR-A2LN-01A,-6.43758206459786,47.8808956136434,-8.49899179421808,2
TCGA-AR-A2LO-01A,3.60652170350524,36.7467373237632,-19.2666452587988,2
TCGA-AR-A2LQ-01A,-6.60811689347247,49.8074215787948,-12.0052821831429,2
TCGA-AR-A2LR-01A,4.91035691303111,50.3580531561015,-21.2965313148891,2
TCGA-AR-A5QP-01A,9.958249320235,48.4245320735243,-9.05904672671578,2
TCGA-AR-A5QQ-01A,11.5777205366962,42.9305802900495,-27.1886854701047,2
TCGA-B6-A0I6-01A,-9.26792602160251,60.9011015479351,-18.7139427617849,2
TCGA-B6-A0IH-01A,-8.34893478753341,49.1207690167931,-5.32790891060856,2
TCGA-B6-A0RE-01A,-11.5480461797103,50.155459683151,-22.820258076837,2
TCGA-B6-A0RN-01A,4.65019862890667,54.7079467355532,-7.30811837660639,2
TCGA-B6-A0RO-01A,-18.5604285813236,28.7758368186009,-13.529696958699,2
TCGA-B6-A0RQ-01A,5.26742469229425,48.7915509259942,-9.75174697823743,2
TCGA-B6-A0RT-01A,-31.1375894098618,34.8552395425998,-13.6765520300949,2
TCGA-B6-A0RU-01A,-12.6192008258043,63.9948570673105,-19.7270890332178,2
TCGA-B6-A0WT-01A,-11.3177158622924,71.8735320528959,-18.6154180748675,2
TCGA-B6-A0WW-01A,-29.0340558740024,30.2070067522821,-24.5677447388871,2
TCGA-B6-A0WX-01A,-8.39998554624792,50.430160847607,-19.225662822374,2
TCGA-B6-A0WY-01A,-2.90021246665126,57.2747679779878,-3.62143202784451,2
TCGA-B6-A0X1-01A,-24.7134210490498,23.6498154407148,-13.3823883749068,2
TCGA-B6-A1KF-01A,-1.56983164836939,44.0870979333495,-18.1360804084901,2
TCGA-B6-A1KI-01A,-3.88866451233688,46.0870636111878,-10.4402115316164,2
TCGA-B6-A1KN-01A,-29.4171808710759,30.0364003617198,-16.3881867345774,2
TCGA-B6-A3ZX-01A,1.7107188815786,29.0887267648958,-14.9651198087816,2
TCGA-B6-A400-01A,-16.062363812544,47.278256721009,-14.4664150694818,2
TCGA-BH-A0AU-01A,-1.53663679179967,29.2366206325063,-8.35486573071601,2
TCGA-BH-A0AV-01A,-12.5884542690388,55.1177225458103,-18.7081787831758,2
TCGA-BH-A0AZ-01A,-13.0330610178807,51.9975659346798,-10.9869422238301,2
TCGA-BH-A0B0-01A,-1.70372695540534,24.7225887814613,-9.60079564377139,2
TCGA-BH-A0B1-01A,-33.9274843691156,26.6231678488338,-22.7135288375155,2
TCGA-BH-A0B3-01A,-13.3984732802925,55.6188629174711,-20.8159016634344,2
TCGA-BH-A0B7-01A,-12.9618238077209,67.4124104454142,-16.9190027313553,2
TCGA-BH-A0B9-01A,-17.1021091924918,53.5505573083641,-25.4677510722794,2
TCGA-BH-A0BD-01A,0.500726659230914,51.0398611612311,-5.14518249648879,2
TCGA-BH-A0BF-01A,-21.5304386902188,56.8215254322313,-11.2593024625175,2
TCGA-BH-A0BG-01A,-15.5873483400786,60.5269835026746,-25.3200330963016,2
TCGA-BH-A0BJ-01A,5.2177240172891,50.5843311833835,0.184647934881345,2
TCGA-BH-A0BL-01A,-16.5535981260086,56.7189835559943,-20.9133786913191,2
TCGA-BH-A0BM-01A,-9.10022576487714,44.3927824854688,-8.49930031174376,2
TCGA-BH-A0BO-01A,-6.63345348367308,50.0257643468212,-13.0820274113426,2
TCGA-BH-A0BQ-01A,-9.19905842955675,58.6230857215815,-8.69896270995075,2
TCGA-BH-A0BW-01A,-16.5753856683578,59.6204913657152,-7.8802262766812,2
TCGA-BH-A0BZ-01A,-28.9291932151592,28.4566291915269,-18.4174070601825,2
TCGA-BH-A0C3-01A,-11.449698118231,33.7066809992508,-12.4232750405858,2
TCGA-BH-A0DD-01A,-17.553306671995,20.9252791630253,-4.56519044704837,2
TCGA-BH-A0DG-01A,-13.0139117406657,60.9615758319639,-19.5288423416821,2
TCGA-BH-A0DI-01A,-4.65890540962718,57.756129971929,-13.1399015197367,2
TCGA-BH-A0DL-01A,7.35224386232579,48.1129435727467,-23.2899680528413,2
TCGA-BH-A0DO-01B,4.35906102948416,56.306149598449,-1.044239387413,2
TCGA-BH-A0DP-01A,9.15250368285115,54.0617386009355,1.53042888203066,2
TCGA-BH-A0DT-01A,-5.04023633354598,61.6674885601207,-10.0571174587083,2
TCGA-BH-A0DV-01A,-3.27813109035677,48.2640669977551,-16.5242209235266,2
TCGA-BH-A0E0-01A,-14.8500599825399,46.4032408026844,-25.2537194261533,2
TCGA-BH-A0E9-01B,12.1754835508057,55.0920233905787,0.351118808824241,2
TCGA-BH-A0EA-01A,-16.611076590339,63.9673726488909,-12.1030815967248,2
TCGA-BH-A0EB-01A,-13.0060775604781,37.5189256964215,-1.59397725650936,2
TCGA-BH-A0EI-01A,-11.2765375053631,54.810463002365,-7.88954918864717,2
TCGA-BH-A0H3-01A,-8.68227843448978,55.9822002403565,-11.5395200553059,2
TCGA-BH-A0H5-01A,-28.5913880339612,33.5192199418942,-7.40369359382257,2
TCGA-BH-A0H7-01A,-32.8938005634164,31.4129878296193,-21.4895380688996,2
TCGA-BH-A0HF-01A,-18.0942810076169,28.4852082870315,-11.1960793051838,2
TCGA-BH-A0HP-01A,-4.47050287708087,44.0461927163548,-10.0686402868047,2
TCGA-BH-A0HQ-01A,1.25056156900953,48.184013451491,-4.39564444491982,2
TCGA-BH-A0RX-01A,-10.9802773678696,42.8798844081048,-25.8580226623379,2
TCGA-BH-A0W4-01A,-4.19830641650084,59.8544106991993,-16.8550527283411,2
TCGA-BH-A0W5-01A,-33.0249700324179,28.8558018068588,-13.6480462355725,2
TCGA-BH-A0WA-01A,-10.2093836670402,51.6234609665802,-18.4074604480023,2
TCGA-BH-A18F-01A,-2.90578442026722,56.1787241505881,-19.3558193930536,2
TCGA-BH-A18I-01A,-11.5509422156652,28.8294665638196,-12.5819126937845,2
TCGA-BH-A18M-01A,7.40652662179383,52.5243194588366,-0.372805646311332,2
TCGA-BH-A18Q-01A,-12.2171851203861,56.7607189967801,-20.743211460565,2
TCGA-BH-A18T-01A,-2.28834952897387,63.1858477894708,-25.6732499702441,2
TCGA-BH-A18U-01A,-11.1049330939455,28.4988373258921,-5.01533978875594,2
TCGA-BH-A18V-01A,-8.60594924564452,52.7415131997947,-17.5838502193918,2
TCGA-BH-A1EO-01A,-14.1463357515258,34.7968892903953,-11.2596361080718,2
TCGA-BH-A1ES-01A,-23.7149761438306,55.2860619773338,-4.19603024185118,2
TCGA-BH-A1ET-01A,-7.37342242742978,33.1051103325347,-10.3618620871059,2
TCGA-BH-A1EU-01A,-5.84886509149075,30.1646016616615,-11.2123890409675,2
TCGA-BH-A1EV-01A,-17.0463378291272,24.2034321835416,-8.11168190583708,2
TCGA-BH-A1EX-01A,-15.9111411437903,39.2042841930169,-4.15954406067823,2
TCGA-BH-A1F0-01A,-17.3386547286708,33.0742547551335,-8.8550399225411,2
TCGA-BH-A1F2-01A,-20.225575273078,30.8399603469864,-2.02950557128938,2
TCGA-BH-A1F5-01A,-24.9690454763761,33.8699039441001,-8.95626140717285,2
TCGA-BH-A1F6-01A,-14.4372384728523,40.9190169131803,-8.530965466291,2
TCGA-BH-A1F8-01A,-21.7019342121522,21.1842415594868,-19.8139199068025,2
TCGA-BH-A1FB-01A,-11.5882327175864,41.9027921249672,-12.7457685561268,2
TCGA-BH-A1FC-01A,-15.4557576347019,48.5711459953526,-25.6779974042664,2
TCGA-BH-A1FE-01A,-5.73258683437739,56.97101046243,-17.2260890560988,2
TCGA-BH-A1FH-01A,-9.33387804102497,54.3350952119588,-13.5538454518281,2
TCGA-BH-A1FL-01A,9.91952175284173,50.8827602469567,-6.13184171517196,2
TCGA-BH-A1FM-01A,-20.4145333211186,31.0473073944544,-10.9002193052545,2
TCGA-BH-A1FN-01A,-4.27184814959731,48.5597644286193,-15.975619962333,2
TCGA-BH-A1FU-01A,-14.776945624761,60.6364861340645,-14.8626393982238,2
TCGA-BH-A201-01A,-2.8480659719255,56.1223096776428,-17.8365306433911,2
TCGA-BH-A202-01A,-8.0426686678152,39.2202647886152,-9.41302819661165,2
TCGA-BH-A204-01A,-29.7448194063379,26.4979084637601,-11.1983385065011,2
TCGA-BH-A208-01A,-11.3772868241139,48.1179650158028,-9.85992526331609,2
TCGA-BH-A209-01A,-27.40977193145,34.9305970126912,-13.0182331908376,2
TCGA-BH-A28O-01A,6.14990794535877,45.9539537626671,-14.4593261182457,2
TCGA-BH-A28Q-01A,-15.7548420041803,65.6975702521816,-14.3679221988208,2
TCGA-BH-A6R9-01A,-9.33801477639427,66.6968534375626,-10.9787320720938,2
TCGA-BH-A8G0-01A,9.39366106589975,43.8218102911915,-18.3577273441041,2
TCGA-C8-A12K-01A,-12.3004845435749,60.5024834172005,-27.1549517049832,2
TCGA-C8-A12L-01A,-2.52739921376702,57.018457800822,-13.4021489410136,2
TCGA-C8-A12O-01A,-15.6155538312049,59.5143518861933,-9.91510459474116,2
TCGA-C8-A12P-01A,-17.5290897556241,57.9610916322793,-0.425984123614944,2
TCGA-C8-A12V-01A,-11.7609764266954,58.3051842736678,-22.1092095484986,2
TCGA-C8-A12W-01A,-14.2505429281899,68.4115230763398,-18.1546301502585,2
TCGA-C8-A12Z-01A,-2.48023871677645,51.3833947278698,-0.25262388155724,2
TCGA-C8-A132-01A,-19.612486162195,29.4922490001645,-2.14979247946473,2
TCGA-C8-A134-01A,-9.29287584450394,55.1179134198408,-28.3932352884919,2
TCGA-C8-A135-01A,-9.73984626276635,71.2555745051171,-20.7264979191167,2
TCGA-C8-A138-01A,-28.7144596618248,36.1567183981097,-4.19341061152671,2
TCGA-C8-A1HE-01A,-20.1657071303225,33.3852263372234,-15.0142924940615,2
TCGA-C8-A1HI-01A,8.71145457093104,54.4277997712081,-5.13238207409163,2
TCGA-C8-A1HJ-01A,-15.8323617881506,48.2065559868115,-29.1588704086808,2
TCGA-C8-A1HL-01A,-23.4979706719643,31.1732732290363,-20.1742269974461,2
TCGA-C8-A1HN-01A,-26.6535614614545,26.6255972261305,-8.88823835390837,2
TCGA-C8-A26V-01A,-5.73049202478438,64.7324327654901,-25.4047672210591,2
TCGA-C8-A26W-01A,-30.7853982321704,25.5554072748502,-15.3372992898819,2
TCGA-C8-A26Y-01A,-25.6754933095778,23.5175879681266,-16.8282215483363,2
TCGA-C8-A275-01A,-19.2076548567166,26.5514180183098,-4.14108914293031,2
TCGA-C8-A27A-01A,-25.0679065935363,20.3006977973935,-8.84903021004158,2
TCGA-C8-A27B-01A,-11.5986958277515,49.1897891382349,-23.7582847057268,2
TCGA-C8-A3M7-01A,0.991427360555713,56.1173915206127,-9.93341483339645,2
TCGA-C8-A8HR-01A,11.7502298374241,37.4165449283687,-15.1503154087558,2
TCGA-D8-A13Y-01A,-27.6762376181654,29.6060117642091,-13.5260746241989,2
TCGA-D8-A13Z-01A,-19.0053438671248,47.2136415973499,-20.4694148916561,2
TCGA-D8-A141-01A,-7.90674846082091,61.495441153948,-16.8317779103943,2
TCGA-D8-A142-01A,-7.27084901429918,67.4818114290094,-22.4222437766693,2
TCGA-D8-A143-01A,-11.3725942175044,63.3203012338518,-22.8107024059087,2
TCGA-D8-A145-01A,-5.88994039972892,52.2186394112902,-14.2958174715556,2
TCGA-D8-A146-01A,7.71358234216622,51.583408868325,-9.94505934320101,2
TCGA-D8-A147-01A,-9.46626757934967,53.7082963256407,-10.5803142255972,2
TCGA-D8-A1J8-01A,-17.4346610565481,36.2144519124288,-16.1516829235999,2
TCGA-D8-A1J9-01A,6.22395829426937,49.9691944953812,-3.75871075018813,2
TCGA-D8-A1JA-01A,-6.1176131167553,56.607184975987,-25.8792423292002,2
TCGA-D8-A1JB-01A,-26.1156222197376,37.2347127524391,-10.6741962884318,2
TCGA-D8-A1JC-01A,-22.8939615876138,20.8054333197707,-15.6754449739537,2
TCGA-D8-A1JD-01A,-3.33973274832025,40.4802523609815,-3.95353209700781,2
TCGA-D8-A1JE-01A,-19.3367772412813,27.077363647016,-14.501455932697,2
TCGA-D8-A1JF-01A,-6.64620805803756,39.4953976342114,-9.11769654656001,2
TCGA-D8-A1JG-01B,-16.0728697861248,56.6242961672166,-12.2432822687316,2
TCGA-D8-A1JH-01A,-7.87972180911401,43.139991924462,-5.46426361167661,2
TCGA-D8-A1JK-01A,-16.2855739595465,61.4482980555614,-14.4124897190345,2
TCGA-D8-A1JL-01A,-5.91659003836048,45.7348355848131,-6.88305838670257,2
TCGA-D8-A1JM-01A,-28.0815004799619,34.7339936258694,-12.4710690874196,2
TCGA-D8-A1JT-01A,-25.7034290093652,31.1631460170582,-11.1148858644065,2
TCGA-D8-A1JU-01A,-3.36542030491908,49.7192969601676,-8.20343952996022,2
TCGA-D8-A1X5-01A,13.5496617472919,49.9247857848703,-8.12590662310386,2
TCGA-D8-A1X7-01A,-20.5906331928808,52.7912539873354,-6.88751351318902,2
TCGA-D8-A1X8-01A,-24.7118020731082,31.3969780176173,-13.7931269070833,2
TCGA-D8-A1X9-01A,-33.5578043136647,28.179830681532,-12.8387617497034,2
TCGA-D8-A1XB-01A,-7.90001332281001,51.4478901147099,-5.40390523127795,2
TCGA-D8-A1XD-01A,-15.6320366119654,59.317866962067,-7.35999842049312,2
TCGA-D8-A1XG-01A,-16.9556788324066,56.4523105077033,-1.81411869492494,2
TCGA-D8-A1XJ-01A,4.36811047076346,54.1943986161362,-1.70587955939257,2
TCGA-D8-A1XM-01A,-18.2252326378619,57.0179580527942,-13.2251652724844,2
TCGA-D8-A1XO-01A,-11.7986256064639,33.8082870109503,-5.64774625503477,2
TCGA-D8-A1XQ-01A,-5.38924197359025,49.0914949861909,-14.2900777225421,2
TCGA-D8-A1XS-01A,-23.5033129911129,29.4848494581509,-13.6000787087817,2
TCGA-D8-A1XT-01A,-10.5967537704307,61.9843720029383,-12.9380006418017,2
TCGA-D8-A1XW-01A,-2.61934511789037,58.6482909032136,-10.954055098995,2
TCGA-D8-A1XZ-01A,-16.9387169005613,33.6139054805812,-6.36694560613915,2
TCGA-D8-A1Y0-01A,-7.23336192887703,29.676639583855,-13.2408634940968,2
TCGA-D8-A1Y2-01A,-36.2698889777053,30.1307325663353,-11.7487151498958,2
TCGA-D8-A27F-01A,-9.86713242501228,53.6413698618951,-15.7217408912084,2
TCGA-D8-A27H-01A,-5.95599759436748,51.7591516059313,-11.7706765729994,2
TCGA-D8-A27I-01A,-5.5565042279741,48.3310725927258,-7.64411063704768,2
TCGA-D8-A27K-01A,-8.50005500517657,64.4908440367638,-14.2400180059454,2
TCGA-D8-A27L-01A,6.01635336356352,49.8233715152061,-3.81409917573324,2
TCGA-D8-A27M-01A,-11.1148516814009,61.0491290489306,-14.8120671389171,2
TCGA-D8-A27P-01A,-5.37272227232349,54.0353337706794,-1.73151112151865,2
TCGA-D8-A27V-01A,-5.03685569912815,49.3166006646063,-14.944394153796,2
TCGA-D8-A4Z1-01A,7.30609264914259,36.2733795721839,-11.7208898009669,2
TCGA-D8-A73W-01A,-18.2131428055049,55.0480393625652,2.31474371967454,2
TCGA-D8-A73X-01A,5.04667945808035,42.8221379174204,-1.66591819207893,2
TCGA-E2-A108-01A,-20.6374097574067,31.003391486139,-9.51939360408644,2
TCGA-E2-A10F-01A,-3.40013445277533,31.1368710264399,-8.8401327779124,2
TCGA-E2-A14N-01A,-9.78797992192824,51.1205947142083,-15.7641741266552,2
TCGA-E2-A14P-01A,-17.7613164823394,20.2747626489777,-3.2274749442778,2
TCGA-E2-A14V-01A,-26.0210021862717,28.0620172854174,-0.0054858699550922,2
TCGA-E2-A14X-01A,-1.79503835123214,53.0394225776289,-7.57478356384085,2
TCGA-E2-A14Y-01A,-11.7053833577844,69.0066838763189,-15.9205356469391,2
TCGA-E2-A150-01A,-14.2136053135497,60.0254203403911,-20.7625341554917,2
TCGA-E2-A153-01A,-19.9877192512928,52.0967124001918,-5.14105113895317,2
TCGA-E2-A158-01A,-5.16577611022892,42.1707538288826,-20.440006089335,2
TCGA-E2-A159-01A,-21.8015059388521,44.0464786887121,-20.9462585348909,2
TCGA-E2-A15C-01A,-14.0922415664971,28.0314877277525,-11.2617507714149,2
TCGA-E2-A15D-01A,-15.2628206504178,64.8156138990167,-18.0112276505786,2
TCGA-E2-A15E-01A,0.447432064931041,54.5199392979431,-7.15145045243011,2
TCGA-E2-A15F-01A,-33.3541831715953,28.5062171379001,-13.2220294297662,2
TCGA-E2-A15I-01A,14.4412891104323,52.9268143725733,-3.69197589534288,2
TCGA-E2-A15L-01A,4.18087495221516,54.8464188401986,-4.2137465621231,2
TCGA-E2-A15P-01A,-21.7260044318986,22.9235454052523,-8.92701187867324,2
TCGA-E2-A1AZ-01A,-3.06294351884071,60.8059920191496,-18.736250231334,2
TCGA-E2-A1B0-01A,-19.0488214249104,61.5151958365131,-19.5020592512117,2
TCGA-E2-A1B1-01A,-12.0312832692328,34.8836717290705,-12.8911719934508,2
TCGA-E2-A1B5-01A,-26.9319569888823,28.110957449489,-6.64675900307649,2
TCGA-E2-A1B6-01A,-34.4523263543434,27.1880378676209,-5.46798387947597,2
TCGA-E2-A1BC-01A,10.102032003551,52.9875110815365,2.38108287512436,2
TCGA-E2-A1IH-01A,-22.6871277289294,29.3993122594114,-13.3843052394317,2
TCGA-E2-A1IJ-01A,-3.81164369667894,39.9267972119679,-8.18814373805278,2
TCGA-E2-A1IL-01A,5.17016371925538,53.6910537696051,-6.6993392568617,2
TCGA-E2-A1IO-01A,4.20439670176772,41.0400967760399,-10.2084650345421,2
TCGA-E2-A1L6-01A,1.48831927323852,53.0122740196745,1.71387509778705,2
TCGA-E2-A1L8-01A,-26.2688388720332,28.3058517150632,-13.1320405424719,2
TCGA-E2-A1L9-01A,-9.56257981561792,60.8280650074729,-27.2037267721561,2
TCGA-E2-A1LB-01A,1.39899159273218,23.8627827475091,-6.65423391319983,2
TCGA-E2-A1LI-01A,-2.57205760728775,54.544822772078,-8.47054615428308,2
TCGA-E2-A1LK-01A,-8.62761080981867,59.1760890780679,-17.9749428699115,2
TCGA-E2-A1LL-01A,-10.8338960333342,59.0058278106555,-17.3651983325689,2
TCGA-E2-A1LS-01A,-5.63716328460897,43.7987716258491,-19.9945098693313,2
TCGA-E2-A3DX-01A,-6.52545941967433,49.5631035738757,-4.24467441773163,2
TCGA-E2-A573-01A,-16.4066935943328,45.4931240836854,-28.6096152892941,2
TCGA-E9-A1N4-01A,-6.84709376687645,48.6299198271225,-8.80114630380641,2
TCGA-E9-A1N8-01A,-9.10514257269284,68.8670662497086,-21.3349014596347,2
TCGA-E9-A1ND-01A,-7.98112866077863,51.8643869635807,-28.911735505182,2
TCGA-E9-A1NE-01A,-28.5646977514008,37.6835476070992,-12.5250695562935,2
TCGA-E9-A1NF-01A,-10.3252316168287,25.4097993142414,-8.63297670132819,2
TCGA-E9-A1NG-01A,-17.2832767923574,46.8470982801665,-6.08781968133377,2
TCGA-E9-A1QZ-01A,-30.527266059541,29.000681403929,-8.35317701974208,2
TCGA-E9-A1R3-01A,2.22384951335488,56.6154262275506,-3.3295034883322,2
TCGA-E9-A1R7-01A,-24.2304922329294,24.2219847139068,-11.5108351892058,2
TCGA-E9-A1RC-01A,-11.6827078177378,60.346822512829,-5.57501225062278,2
TCGA-E9-A1RE-01A,-21.1970412202096,58.6910025581077,-1.32100355979917,2
TCGA-E9-A1RH-01A,-16.9378685339605,55.9118379167979,-12.0536442726114,2
TCGA-E9-A1RI-01A,-15.9581670373268,37.0470693986713,-11.2220932188841,2
TCGA-E9-A226-01A,-5.55290860370835,56.105612355306,-20.2852980662323,2
TCGA-E9-A22A-01A,-9.02086479777828,28.5026574603283,-10.4232053047491,2
TCGA-E9-A22E-01A,-14.9868475356014,32.777124034227,-10.5567696359908,2
TCGA-E9-A243-01A,-25.7091083298085,36.176131079687,-9.82440515298331,2
TCGA-E9-A244-01A,-8.35295878378428,43.8152994930843,-5.53951130938492,2
TCGA-E9-A248-01A,-22.169871553432,34.3454681684747,-8.54085419892315,2
TCGA-E9-A24A-01A,-15.3293606611424,34.8392467403491,-7.63063108570439,2
TCGA-E9-A2JT-01A,-33.6522211236049,29.0536366605504,-4.776760598703,2
TCGA-EW-A1IW-01A,-17.1745347397751,24.6070329241741,-3.98625441678789,2
TCGA-EW-A1IX-01A,6.87820122516063,53.7879931619724,0.818974615153481,2
TCGA-EW-A1IY-01A,-17.753391330887,34.2305154205852,-14.5731462074133,2
TCGA-EW-A1J2-01A,-10.5922517337809,37.9342219656972,-4.38123448695654,2
TCGA-EW-A1J3-01A,-27.3684422978422,22.6142905263684,-16.2889164698178,2
TCGA-EW-A1J5-01A,-27.5582718298087,21.6408337195677,-11.5912123742004,2
TCGA-EW-A1OW-01A,-3.32381333905185,58.0893976105275,-10.277197422685,2
TCGA-EW-A1P1-01A,-6.29461924279009,44.9274743956112,-15.0371701200663,2
TCGA-EW-A1P4-01A,5.20502042974251,44.5375532716603,-20.025179890861,2
TCGA-EW-A1P7-01A,-18.4103543663863,63.6545895722559,-14.066323616401,2
TCGA-EW-A1PF-01A,-9.98273376072988,30.4847349206976,-9.39944887471109,2
TCGA-EW-A1PG-01A,-1.35115402078658,48.4171222545483,-4.31423239953663,2
TCGA-EW-A1PH-01A,-14.2106986113053,40.5153075051717,-26.5862987724585,2
TCGA-EW-A2FR-01A,-5.35817242163772,46.527454109157,-12.6255653810601,2
TCGA-EW-A3U0-01A,16.484783690382,44.6089449814969,-22.4083655941747,2
TCGA-EW-A6SD-01A,-13.4611401736298,70.9273436873092,-18.8701278524782,2
TCGA-GI-A2C8-01A,-0.00184752208312468,25.3069337723372,-6.21873091907737,2
TCGA-GI-A2C9-01A,-18.3247687382371,55.6683806248251,-13.4830371636125,2
TCGA-GM-A2DD-01A,-13.3840003056481,43.9614569203122,-23.9246172015662,2
TCGA-GM-A2DH-01A,-25.1802304635422,22.002734532249,-9.31337804779749,2
TCGA-GM-A2DI-01A,-11.9766851170908,36.2992581980599,-3.30177619712843,2
TCGA-GM-A2DN-01A,-14.6734094492088,68.1308192225986,-9.51239968468779,2
TCGA-GM-A4E0-01A,7.21028538121829,42.5928056159467,-15.2984103957271,2
TCGA-HN-A2NL-01A,-10.5743272625788,52.9970109523382,-16.5602326939225,2
TCGA-HN-A2OB-01A,8.09912846573066,47.2215892799136,-14.2893196743636,2
TCGA-LD-A9QF-01A,-22.726130066317,28.2828525854855,-0.22375922560599,2
TCGA-LL-A440-01A,9.60260502803892,35.9704874360785,-20.1991013508644,2
TCGA-LL-A441-01A,12.072024718016,39.3987871351621,-21.300465877849,2
TCGA-LL-A6FR-01A,-5.83946522076201,47.116892610085,-18.1996485801552,2
TCGA-LL-A73Y-01A,-12.572852549639,49.7731576737804,-16.4048652866686,2
TCGA-LL-A8F5-01A,-7.02102292893235,42.1249758343732,-23.6322078601397,2
TCGA-MS-A51U-01A,6.95874361994517,33.59547584375,-16.2656949571443,2
TCGA-OL-A6VQ-01A,2.15318519528389,48.4061365040693,-6.66228450143885,2
TCGA-OL-A97C-01A,-14.9063011651418,64.0847825257262,-20.7377884311811,2
TCGA-PL-A8LZ-01A,-6.5739200307058,51.6963910451002,-21.7292980830062,2
TCGA-S3-AA10-01A,-16.0690562501332,56.7410953171055,-17.4673588684094,2
TCGA-S3-AA14-01A,-5.61272243399932,26.2785739700721,-8.43199020942817,2
TCGA-S3-AA15-01A,3.98835475511307,40.6356478045024,-14.7532920639643,2
TCGA-XX-A899-01A,9.155815068951,49.094431854367,-10.0897102297399,2
TCGA-4H-AAAK-01A,2.21731236071063,-71.5162373976365,42.8617697514976,3
TCGA-5L-AAT0-01A,9.34267849671244,-76.1443306755661,41.9041080573926,3
TCGA-5L-AAT1-01A,3.91346960754705,-75.3449736692356,30.1839941220811,3
TCGA-A1-A0SE-01A,21.388878768143,-72.0757744256113,41.3705986749393,3
TCGA-A1-A0SF-01A,11.7776611666726,-77.76161322352,42.1619171968734,3
TCGA-A2-A04P-01A,10.999037821428,-78.7492778415951,45.6599655986751,3
TCGA-A2-A04U-01A,4.47327007335472,-84.3496530876188,34.9937992824666,3
TCGA-A2-A0CR-01A,0.578307492554494,-76.9349706986832,46.8618201690812,3
TCGA-A2-A0CS-01A,4.37391851181433,-61.1444654759227,24.4189256566132,3
TCGA-A2-A0CW-01A,14.8206520419337,-74.3826765993806,34.4834776847507,3
TCGA-A2-A0CX-01A,-1.25722152197679,-87.1429965884694,35.6822059804634,3
TCGA-A2-A0CY-01A,1.90978662931256,-84.0977490104263,40.2104273607776,3
TCGA-A2-A0D2-01A,21.0061798407777,-72.9210141288866,50.7056991291482,3
TCGA-A2-A0D3-01A,12.4292321874703,-66.8458657660895,34.3549669839629,3
TCGA-A2-A0EP-01A,20.6125839962068,-77.366086934018,39.6199136096267,3
TCGA-A2-A0EQ-01A,7.20040142657763,-79.2608713607024,42.2717626807547,3
TCGA-A2-A0EY-01A,5.75804298473003,-51.926706409598,14.0483897324894,3
TCGA-A2-A0SV-01A,6.15730107210846,-60.7389412372699,26.7183854724569,3
TCGA-A2-A0SY-01A,4.63734223708283,-88.6771435105664,112.73130754745,3
TCGA-A2-A0T0-01A,11.8559063937823,-79.4510825771521,45.2264143046885,3
TCGA-A2-A0T2-01A,9.73948971227625,-71.8959069548551,32.460829053939,3
TCGA-A2-A0YG-01A,25.2952055845641,-74.5941066730049,38.021835136025,3
TCGA-A2-A25D-01A,9.80341074745105,-75.2655845908116,42.3047730980488,3
TCGA-A2-A3XS-01A,17.8346690796941,-77.9013626171427,45.8518519467053,3
TCGA-A2-A3XX-01A,12.4387496004325,-73.9753250053588,40.8915519765587,3
TCGA-A2-A3XY-01A,22.3646581100335,-78.8533916334787,46.3653974435761,3
TCGA-A2-A3XZ-01A,18.6298893080152,-70.0224188055345,47.5330241988212,3
TCGA-A2-A3Y0-01A,14.3317975990507,-71.781882645176,39.0420956788487,3
TCGA-A2-A4RW-01A,-1.01018813991562,-77.8657582246803,46.7401192093082,3
TCGA-A7-A0CJ-01A,8.5867210439495,-70.5072176245588,35.4960457692904,3
TCGA-A7-A13D-01A,14.9307502019681,-65.9476068364146,44.3902429983389,3
TCGA-A7-A13H-01A,4.702131191969,-64.954824512358,43.3603967594275,3
TCGA-A7-A425-01A,0.184939166165695,-67.8976668196911,45.9523434975827,3
TCGA-A7-A426-01A,4.03597340145702,-62.7081223734698,53.3692367912645,3
TCGA-A7-A4SA-01A,2.56072979967671,-80.8166795529853,44.9167615336843,3
TCGA-A7-A4SD-01A,18.3882164907446,-73.4643965679864,43.3578284400945,3
TCGA-A7-A4SF-01A,0.872542471944725,-72.500864364265,39.59123203504,3
TCGA-A7-A6VV-01A,16.855898339736,-78.5100563909908,50.1453076702448,3
TCGA-A7-A6VW-01A,14.3035623340441,-70.0517764849946,44.6917422072079,3
TCGA-A7-A6VY-01A,11.968968583604,-70.3416844833463,41.4431518157422,3
TCGA-A8-A06Q-01A,-0.563744061754642,-77.1835341569134,30.3954706902301,3
TCGA-A8-A06R-01A,9.94613744920552,-66.8495857429282,32.0365725287434,3
TCGA-A8-A06T-01A,7.11157418217285,-66.3845227408917,22.4461043746742,3
TCGA-A8-A075-01A,6.07348893002007,-64.5617576895083,24.7666767050728,3
TCGA-A8-A07B-01A,22.5506617123338,-66.5903258584293,42.7159358168034,3
TCGA-A8-A07E-01A,18.295275383564,-66.7995003547009,36.3971013046111,3
TCGA-A8-A07S-01A,12.4656475027332,-78.2289098581248,46.2021826831863,3
TCGA-A8-A07Z-01A,4.14501390963408,-75.413493193002,36.5111891820384,3
TCGA-A8-A08B-01A,21.8631204694287,-71.2564689062287,51.6691568230008,3
TCGA-A8-A08O-01A,19.6347271394891,-73.8076692712736,43.964811400304,3
TCGA-A8-A092-01A,17.2255726449794,-75.3670179311521,28.6476748203129,3
TCGA-A8-A093-01A,3.08083289956109,-72.3730695323739,44.0199611868642,3
TCGA-A8-A09B-01A,7.77729187069291,-69.3905248201018,48.1435432264055,3
TCGA-A8-A09E-01A,4.38325400124706,-69.9305264689448,34.4432010211868,3
TCGA-A8-A0A9-01A,3.06357521386068,-71.2959086838105,42.4743387955915,3
TCGA-AC-A2B8-01A,19.3530789808447,-68.2217054352828,40.1028858900521,3
TCGA-AC-A2FE-01A,2.01102726221473,-81.4993776136495,46.2162838880013,3
TCGA-AC-A2QI-01A,7.54075469399018,-74.3491209124652,44.4768525851357,3
TCGA-AC-A2QJ-01A,2.5057789470227,-77.142105237844,51.9061090132308,3
TCGA-AC-A3BB-01A,6.43234988269693,-69.4774219574167,45.6924246127762,3
TCGA-AC-A3EH-01A,4.10613657922429,-79.0821051077908,46.2262314640683,3
TCGA-AC-A3QP-01A,3.89119805872805,-68.7492090730801,44.443690365368,3
TCGA-AC-A3TM-01A,-0.864907533593877,-77.9501238804742,39.2889042251543,3
TCGA-AC-A3W6-01A,8.04541760140881,-74.8477959388401,42.9502764374202,3
TCGA-AC-A3W7-01A,4.73248342408244,-78.0080517380644,38.8835513740642,3
TCGA-AC-A5XS-01A,5.03441121049284,-66.056094812176,29.4559408916188,3
TCGA-AC-A62X-01A,9.88986325417984,-69.5113881793598,54.3204685752075,3
TCGA-AC-A62Y-01A,-0.103076368374655,-59.6744512326938,28.767430718078,3
TCGA-AC-A6IX-01A,0.0291327065914306,-77.1848685194961,49.7523472124499,3
TCGA-AC-A6NO-01A,1.52816732661036,-62.4431821914058,49.81757343149,3
TCGA-AC-A7VC-01A,15.3719471132488,-79.1545475133785,45.09513371319,3
TCGA-AC-A8OS-01A,25.1830939819131,-78.5155419834183,36.4627233171931,3
TCGA-AN-A04C-01A,2.63806489024536,-86.4447160546822,35.856722854011,3
TCGA-AN-A04D-01A,19.4305502058196,-71.1350632686806,47.2656969642935,3
TCGA-AN-A0AK-01A,12.3205880800266,-76.0706478852242,34.044078120849,3
TCGA-AN-A0AR-01A,19.1908755756147,-71.0351435333068,41.8433727114948,3
TCGA-AN-A0AT-01A,12.9472734645434,-64.9314688813042,26.4670036574028,3
TCGA-AN-A0FF-01A,6.1892635571552,-60.1488222446236,29.1381432635758,3
TCGA-AN-A0FJ-01A,15.9045182695599,-75.2838662603875,41.7460313696446,3
TCGA-AN-A0FK-01A,4.83661520115909,-71.2187918940144,52.0149188379754,3
TCGA-AN-A0FL-01A,16.3775734783489,-73.3620693983124,43.9135118173508,3
TCGA-AN-A0FZ-01A,4.04950627666525,-60.0617640436578,30.9771903239702,3
TCGA-AN-A0XR-01A,1.86796700741141,-65.0950422570079,29.0087396668117,3
TCGA-AO-A03N-01B,6.29534709886552,-50.930274914884,18.2249267247789,3
TCGA-AO-A03O-01A,14.1018859294956,-71.8429347393839,40.5369252821006,3
TCGA-AO-A03P-01A,11.5726494093039,-73.4509406339411,40.1093716380956,3
TCGA-AO-A03U-01B,14.4870776311984,-70.6576722413401,43.7012085081189,3
TCGA-AO-A0J2-01A,7.12953630342362,-83.2825812673774,44.6644348969357,3
TCGA-AO-A0J8-01A,3.84362083696041,-61.7211711425847,28.7394374720626,3
TCGA-AO-A0J9-01A,15.8386602251973,-77.7255059343632,33.728634186716,3
TCGA-AO-A0JB-01A,1.61093078232829,-78.7809619386373,48.2184703885536,3
TCGA-AO-A0JL-01A,-1.53083035078933,-81.5720810922306,48.0541611087596,3
TCGA-AO-A125-01A,-0.649406530178777,-77.0124728977108,45.2226162008659,3
TCGA-AO-A12D-01A,26.6840027848177,-81.4175436212006,34.3561387957663,3
TCGA-AO-A12G-01A,11.7110597958186,-72.911311423123,47.4386022816572,3
TCGA-AO-A1KR-01A,12.1204361291894,-77.7723370774415,45.5472906397837,3
TCGA-AO-A1KS-01A,19.0859677917155,-78.5816500850958,37.4005415239289,3
TCGA-AQ-A1H2-01A,6.27977459233002,-47.6761367807831,17.2107772165043,3
TCGA-AQ-A54N-01A,16.5068957937514,-77.334802431036,47.973436578943,3
TCGA-AR-A0TR-01A,2.05362050117042,-61.614890031422,23.8875987778109,3
TCGA-AR-A0TY-01A,10.1556363296719,-68.3587379952512,24.8608473517283,3
TCGA-AR-A0U3-01A,16.2592369496352,-59.8211185943914,29.9882360480859,3
TCGA-AR-A1AH-01A,15.9334027813365,-67.175477715552,35.5759454835899,3
TCGA-AR-A1AN-01A,7.60662478327975,-47.7493565551192,18.6577781725592,3
TCGA-AR-A1AQ-01A,12.87620107796,-74.0113502390495,41.3492902132733,3
TCGA-AR-A1AS-01A,4.87755150167943,-74.1342210153922,49.0296692625817,3
TCGA-AR-A2LH-01A,21.9158092297222,-65.85507537018,48.611598551785,3
TCGA-AR-A2LJ-01A,4.78213902676592,-78.7303039940457,46.3135781151297,3
TCGA-AR-A5QM-01A,4.2194948992634,-66.1908435577652,43.1074178826794,3
TCGA-B6-A0I2-01A,3.68053929875765,-82.6722371390023,28.8023426425633,3
TCGA-B6-A0I5-01A,9.36350204434396,-81.4489647282338,47.7833359472889,3
TCGA-B6-A0IA-01A,5.63060645853951,-47.2516919639372,19.4802025131832,3
TCGA-B6-A0IB-01A,3.61754911642456,-82.2674631740988,46.371408432456,3
TCGA-B6-A0IE-01A,1.80834964928646,-74.7442368614533,40.2863663017582,3
TCGA-B6-A0IJ-01A,0.523959829394449,-87.3947949041826,36.9707810555914,3
TCGA-B6-A0IN-01A,4.94449619063334,-71.2088304914432,40.7363210892216,3
TCGA-B6-A0IQ-01A,20.9429765905276,-75.5074293418116,48.5948612355684,3
TCGA-B6-A0RG-01A,8.1980591372787,-77.4364562464119,39.2155646109992,3
TCGA-B6-A0RH-01A,11.5140927229204,-80.3283249746068,43.6195334411405,3
TCGA-B6-A0RI-01A,19.7568892156208,-77.2051638691039,37.9683779534193,3
TCGA-B6-A0RS-01A,14.1082157170443,-72.7193183228393,40.849060072313,3
TCGA-B6-A0RV-01A,20.4693302354141,-73.0546809375915,31.1768322794502,3
TCGA-B6-A0WS-01A,5.3858441476247,-68.831183534028,28.717069284967,3
TCGA-B6-A0X0-01A,10.3091713884032,-81.8751969919094,46.0199988373763,3
TCGA-B6-A402-01A,6.43178048793253,-59.1488807217722,51.0047988406922,3
TCGA-B6-A409-01A,21.8306020421037,-68.2706841069758,44.8262655434401,3
TCGA-B6-A40B-01A,5.75340117932683,-70.474523100636,41.760531434194,3
TCGA-B6-A40C-01A,-0.206818337462367,-64.9630981145293,39.7109925048944,3
TCGA-BH-A0AW-01A,13.8519874062921,-68.1944935339995,25.3932936557614,3
TCGA-BH-A0AY-01A,14.1471627621425,-77.1945127657045,38.5284247869273,3
TCGA-BH-A0B2-01A,4.02831682502083,-54.3086202767854,18.3524764761417,3
TCGA-BH-A0B5-01A,14.3436915161848,-68.3687292855255,37.8507047512524,3
TCGA-BH-A0B6-01A,-1.78354569523829,-71.8536890132276,34.3834322838978,3
TCGA-BH-A0BA-01A,8.40463597531351,-52.6509848676278,24.8374849616584,3
TCGA-BH-A0BC-01A,3.29731919467768,-83.8316356050949,36.5900440828573,3
TCGA-BH-A0BR-01A,1.75432428994522,-46.5157493136388,20.2423535851133,3
TCGA-BH-A0BT-01A,10.6363290481165,-70.6839331586081,29.402566258182,3
TCGA-BH-A0C1-01B,25.7939929225346,-70.9873523780271,35.5684266641058,3
TCGA-BH-A0DK-01A,3.33446795623167,-80.6407435014603,44.6575965441511,3
TCGA-BH-A0DQ-01A,14.5957681461119,-64.3598155424099,32.2165722259196,3
TCGA-BH-A0DS-01A,25.9413332180017,-66.3539148308035,45.9449662401623,3
TCGA-BH-A0DX-01A,21.5700963249526,-77.4596398375291,40.7536701337245,3
TCGA-BH-A0DZ-01A,25.509485185349,-78.8901124563685,34.1260048110817,3
TCGA-BH-A0E1-01A,6.30869898547903,-44.6599294732304,11.5330873907549,3
TCGA-BH-A0E6-01A,8.68116793764834,-76.0278085588023,34.240211114008,3
TCGA-BH-A0EE-01A,22.8413762990342,-72.6223851937756,54.6799744380456,3
TCGA-BH-A0GY-01A,8.05779200893006,-62.4686748310982,23.6338045644088,3
TCGA-BH-A0GZ-01A,9.91116551411913,-66.7992206452603,32.9886727821297,3
TCGA-BH-A0H0-01A,6.6079013052074,-75.5522288141895,35.2043018487406,3
TCGA-BH-A0H9-01A,11.0276580612269,-70.7723779716828,30.469102441316,3
TCGA-BH-A0HA-01A,4.40463423315887,-56.2626945449201,31.8934369225969,3
TCGA-BH-A0HB-01A,7.49181704632649,-70.2578774829012,40.3029298683956,3
TCGA-BH-A0HU-01A,3.80835710530291,-73.3111073726468,41.4990943572087,3
TCGA-BH-A0HY-01A,26.8084945549978,-77.8100992229646,33.6446255066483,3
TCGA-BH-A18G-01A,12.8246714618993,-71.0070958813227,42.910897642168,3
TCGA-BH-A18J-01A,12.4870874514746,-76.5510059495212,44.4182975113347,3
TCGA-BH-A18K-01A,15.7952243123669,-70.8678063225756,35.4709633741019,3
TCGA-BH-A18P-01A,14.5461292345934,-69.4126055941069,43.5051767562448,3
TCGA-BH-A1EW-01A,22.296732078716,-73.7657765655018,33.323760895872,3
TCGA-BH-A203-01A,11.4100382208319,-72.6229424258226,32.5893292064557,3
TCGA-BH-A2L8-01A,9.722003485116,-73.7090062324475,43.2918168904761,3
TCGA-BH-A42U-01A,9.5638170138808,-62.6373789098874,46.5696391848496,3
TCGA-BH-A5IZ-01A,2.98840199579434,-80.5822565176864,46.2493512632103,3
TCGA-BH-A5J0-01A,7.37319313540941,-72.9603250152333,42.283765764996,3
TCGA-BH-A6R8-01A,6.99015230558464,-71.1539454121851,46.5021826939639,3
TCGA-C8-A12N-01A,22.213851050459,-78.8106390700528,37.4602277393422,3
TCGA-C8-A12Q-01A,19.7378291977162,-73.8679353242011,34.969489000644,3
TCGA-C8-A12T-01A,17.3381606801803,-73.4984850077343,41.1706907359344,3
TCGA-C8-A12Y-01A,11.7173135729786,-77.3968862342423,39.9102164054827,3
TCGA-C8-A130-01A,5.42380995331323,-78.4671816770595,45.481532489263,3
TCGA-C8-A131-01A,20.9087080650048,-74.0337826167576,50.5560716648479,3
TCGA-C8-A137-01A,20.6635063705754,-79.1256112196943,28.2817767666902,3
TCGA-C8-A1HF-01A,7.94331541427986,-89.4636300415187,27.6993804684298,3
TCGA-C8-A1HK-01A,17.4956369657811,-80.0156888819144,27.4643550127425,3
TCGA-C8-A1HM-01A,12.4194095432006,-68.522386278633,23.809855763496,3
TCGA-C8-A26X-01A,0.669538520748489,-89.932627554521,33.3429476261075,3
TCGA-C8-A26Z-01A,15.0174734919279,-71.2669022844018,37.1577171822446,3
TCGA-C8-A274-01A,9.23674674381516,-75.2953173638771,39.6902690246476,3
TCGA-C8-A8HP-01A,4.11138588847207,-67.9850253004133,28.3574644622617,3
TCGA-D8-A1JJ-01A,11.6283162438802,-64.6904647731945,22.876651382457,3
TCGA-D8-A1XL-01A,9.2640928665733,-82.4645555875586,44.9059280715964,3
TCGA-D8-A1Y3-01A,0.11359970467501,-75.4806443381184,45.1331169905853,3
TCGA-D8-A27N-01A,12.4096924927297,-85.1724318998638,38.8134300092046,3
TCGA-D8-A27R-01A,12.582364748308,-75.5798099618777,31.1608237356491,3
TCGA-D8-A27T-01A,24.5620981562866,-74.0674717622871,40.3341878232918,3
TCGA-D8-A3Z5-01A,2.31290631388145,-64.6427136863755,46.6064920699773,3
TCGA-D8-A3Z6-01A,4.20628656602462,-68.2816575687121,50.4820034717032,3
TCGA-E2-A107-01A,2.40656827200336,-64.8326647432609,42.0744306475852,3
TCGA-E2-A10A-01A,14.0809417011046,-66.5219383880754,22.6265218115066,3
TCGA-E2-A10B-01A,18.2035493048744,-70.3795125242864,33.8334233381912,3
TCGA-E2-A10C-01A,5.28156954767982,-72.2840466096176,39.3544047698649,3
TCGA-E2-A10E-01A,16.7847466367573,-82.758739268789,42.64591933463,3
TCGA-E2-A14Q-01A,8.82681844477668,-62.1090442444939,24.9987160764715,3
TCGA-E2-A14Z-01A,9.29115992624675,-79.0318617126969,31.6087119724247,3
TCGA-E2-A15A-01A,13.4688857703608,-63.9248285610854,27.6745381523211,3
TCGA-E2-A15J-01A,10.3101558809413,-77.6875640633254,45.7923751421202,3
TCGA-E2-A15K-01A,6.25892900670476,-70.9692039197316,34.3982280607089,3
TCGA-E2-A15M-01A,22.5684998790243,-66.2915140636049,28.5894753383042,3
TCGA-E2-A15O-01A,-1.83740930132327,-68.0523201919383,25.9739988599112,3
TCGA-E2-A1BD-01A,2.70305051968132,-63.3916708429683,29.0892185567421,3
TCGA-E2-A1IF-01A,1.81601372091518,-73.9053172468442,38.9257015557148,3
TCGA-E2-A1II-01A,18.231123019542,-64.6422345159033,29.8104051863594,3
TCGA-E2-A1IN-01A,22.5108736398144,-67.5378318662238,36.5871833738054,3
TCGA-E2-A1LG-01A,5.92586665393297,-63.176274931793,19.6643324080788,3
TCGA-E2-A2P5-01A,13.0694196991323,-79.3662783691417,42.9989218084303,3
TCGA-E9-A1N6-01A,21.3847081475693,-71.2972296520099,41.5456908361366,3
TCGA-E9-A1N9-01A,19.9190667215766,-70.8646109480056,31.3951850306291,3
TCGA-E9-A1NC-01A,20.3669574038036,-69.6761617635934,60.2190061599191,3
TCGA-E9-A1NH-01A,20.8476830029017,-72.2390469245705,40.1722681271663,3
TCGA-E9-A1NI-01A,5.58104557409967,-62.178338854548,26.858800912223,3
TCGA-E9-A1RA-01A,11.6778039610755,-68.4350587787117,49.5542900081181,3
TCGA-E9-A1RB-01A,5.27713309502988,-65.2342510407622,21.6245768104355,3
TCGA-E9-A1RF-01A,13.6101235806944,-84.4428555955574,38.4253585195095,3
TCGA-E9-A1RG-01A,13.2001606818783,-72.160562761071,40.4187365944555,3
TCGA-E9-A229-01A,14.2757254800121,-69.5107637665,34.3639454821327,3
TCGA-E9-A22G-01A,3.72767405999537,-89.3546119002896,31.6435244172853,3
TCGA-E9-A22H-01A,12.3277873198215,-61.0606885184238,29.9059485148606,3
TCGA-E9-A247-01A,7.1922260862411,-75.5635004076597,41.0192860327808,3
TCGA-E9-A249-01A,13.8237560480088,-75.260965936528,33.0249421708379,3
TCGA-E9-A295-01A,1.04556558881191,-73.0309745472189,43.3871304423366,3
TCGA-E9-A3X8-01A,-1.46103264963764,-75.0806707640561,44.4455830302886,3
TCGA-E9-A5FL-01A,13.9884068650452,-69.8032668926105,38.5957042042289,3
TCGA-E9-A6HE-01A,2.18872995795824,-73.5175801269632,37.0799049612014,3
TCGA-EW-A1J6-01A,7.78237068544251,-78.5491856127079,37.977977467999,3
TCGA-EW-A1OV-01A,11.2078812161216,-84.473328074003,41.6001780872138,3
TCGA-EW-A1P8-01A,13.2864420548338,-70.1966913397018,39.2681645814188,3
TCGA-EW-A1PB-01A,-2.43171897128068,-74.2631423428738,34.677127576396,3
TCGA-EW-A2FS-01A,4.21891138306176,-83.4770911887434,46.9563420158266,3
TCGA-EW-A2FV-01A,8.8146793098799,-61.8590270789467,19.9195831049922,3
TCGA-EW-A423-01A,5.37143294210821,-74.1200400925748,44.1426162786316,3
TCGA-EW-A424-01A,2.22321250286943,-74.698699400204,44.8006149965716,3
TCGA-EW-A6S9-01A,14.4168747654443,-71.8440245977734,38.8071004360063,3
TCGA-EW-A6SA-01A,7.34307508789446,-70.5051126924112,43.2139574816046,3
TCGA-EW-A6SB-01A,20.546140054268,-75.0844871654517,38.1746099201719,3
TCGA-EW-A6SC-01A,21.556362815247,-64.5348978549087,29.0971285200011,3
TCGA-GM-A2D9-01A,2.97090735368999,-84.025494614643,45.8843141838408,3
TCGA-GM-A2DA-01A,16.8714955843544,-71.2192848422962,42.9454871397133,3
TCGA-GM-A2DB-01A,3.02544672693245,-51.5358337631626,15.2412910113147,3
TCGA-GM-A2DL-01A,8.77640739217087,-49.039422710237,17.6785634885466,3
TCGA-GM-A3NY-01A,2.76434171668999,-76.4280210100733,37.1095265009896,3
TCGA-GM-A3XG-01A,9.30998163320653,-62.5064734018857,48.7022134923221,3
TCGA-GM-A3XN-01A,19.4806862537224,-79.3745199826325,38.7972071346331,3
TCGA-GM-A5PX-01A,10.2165253886119,-65.4670846859202,51.1029382624628,3
TCGA-LD-A66U-01A,4.0513506624974,-70.5346562274928,44.6572286507949,3
TCGA-LD-A74U-01A,11.9845280421626,-71.6606708925868,51.7644500791909,3
TCGA-LL-A5YL-01A,-0.353427359458845,-83.341396147707,45.2000892647491,3
TCGA-LL-A5YO-01A,-0.332684836734506,-70.9281368318988,35.8026010190841,3
TCGA-LL-A5YP-01A,14.7749446241919,-83.3489300806372,40.8079535692622,3
TCGA-LL-A73Z-01A,16.8220600515627,-70.7398521966577,44.2392930838908,3
TCGA-LL-A740-01A,-0.495147799192458,-72.3497171279556,43.3493744227491,3
TCGA-LL-A7T0-01A,3.91268710719047,-72.7854359240804,45.7773884607782,3
TCGA-OK-A5Q2-01A,13.8702705907227,-81.2724030005558,47.7817646999228,3
TCGA-OL-A5D6-01A,-1.63449073094067,-74.5838946567871,38.8265884064688,3
TCGA-OL-A5D7-01A,9.12352455962422,-81.3659156262514,43.1138564045774,3
TCGA-OL-A5D8-01A,0.430577892006306,-85.3931284928751,43.3664739780051,3
TCGA-OL-A5DA-01A,3.66860923331911,-78.7189566983028,43.2531248791773,3
TCGA-OL-A5RV-01A,7.43129142863571,-60.7081209872746,45.9827088158316,3
TCGA-OL-A5RW-01A,1.52447600132083,-74.5912616729631,45.7364923982668,3
TCGA-OL-A5RX-01A,10.4297247598874,-62.1667221358847,46.4299959695268,3
TCGA-OL-A5RY-01A,16.5894413466444,-83.2658735582205,42.5232490544964,3
TCGA-OL-A5S0-01A,18.8305753284176,-77.1071100962564,47.4597089437027,3
TCGA-OL-A66I-01A,21.4248567464686,-72.2428495669306,49.0792999241182,3
TCGA-OL-A66J-01A,3.01416336487625,-81.7671203553916,42.9968145886818,3
TCGA-OL-A66K-01A,-1.10989675151212,-64.0681544315851,44.6991205573045,3
TCGA-OL-A66N-01A,4.3790908127766,-66.2557806615843,42.7818204010634,3
TCGA-OL-A6VO-01A,2.56949880431058,-87.277362224774,28.7107662297299,3
TCGA-PE-A5DC-01A,10.6677546521547,-78.2710309234769,45.0437777547624,3
TCGA-PE-A5DD-01A,3.41773217224213,-72.0857016190033,38.5153564039588,3
TCGA-PL-A8LV-01A,0.673655793052903,-86.0545755781132,34.4899322451279,3
TCGA-PL-A8LY-01A,9.68232805899851,-61.7431942787251,45.2312317586602,3
TCGA-S3-A6ZF-01A,1.94195990459621,-76.7743771856497,39.1832675037957,3
TCGA-S3-A6ZH-01A,5.55671118192263,-72.3559152451645,41.2935819542922,3
TCGA-S3-AA0Z-01A,16.9846626238579,-78.7116655614369,49.3898957533678,3
TCGA-S3-AA11-01A,6.68356890976469,-77.9457325328458,45.8918399145754,3
TCGA-UL-AAZ6-01A,10.1376661235005,-72.198255914916,39.2096046458777,3
TCGA-UU-A93S-01A,20.019031635396,-73.5348905454351,39.5823477984554,3
TCGA-W8-A86G-01A,10.7114409032159,-67.7731918291163,51.9274270496791,3
TCGA-XX-A89A-01A,15.0550673683462,-80.8807598104105,44.504742453252,3
TCGA-Z7-A8R5-01A,11.9979219866234,-75.8374467116282,41.2598534313212,3
TCGA-Z7-A8R6-01A,6.3733287980611,-75.7072782339792,43.1879299342785,3
