Sample,X,Y,Z,Cluster
TCGA-3C-AAAU-01A,93.1122353596716,171.952161549183,-36.2996488839094,1
TCGA-3C-AALI-01A,93.5750385855983,182.301156312865,-66.4810161752075,1
TCGA-3C-AALJ-01A,93.3532960156904,144.21379529162,-45.4361868688281,1
TCGA-5L-AAT1-01A,54.111701707505,164.33133432443,-46.3865203321503,1
TCGA-5T-A9QA-01A,116.493535362033,141.348051690693,-56.9158294614083,1
TCGA-A1-A0SF-01A,114.503671482132,160.793503791724,-31.6691511234408,1
TCGA-A1-A0SG-01A,94.3645500701149,180.657929172969,-33.1683693225478,1
TCGA-A1-A0SJ-01A,85.1936490311007,154.636579404229,-67.807827324235,1
TCGA-A1-A0SK-01A,89.866405665295,156.366584757851,-60.7766567159749,1
TCGA-A1-A0SO-01A,119.767293589334,158.005516001614,-59.9372836278255,1
TCGA-A1-A0SP-01A,81.6527163102253,137.554476454066,-36.7234840883753,1
TCGA-A1-A0SQ-01A,74.6543735248853,156.820536868425,-58.7196480457855,1
TCGA-A2-A04P-01A,87.9339976379021,113.293813132876,-84.7306862609477,1
TCGA-A2-A04T-01A,117.799999823328,143.600140752863,-48.9549296051671,1
TCGA-A2-A04U-01A,118.411299136258,155.81357625814,-34.0055491319235,1
TCGA-A2-A04X-01A,85.1585238713457,155.773497198539,-79.1388724796341,1
TCGA-A2-A04Y-01A,128.583638341301,119.848049761153,-93.7822043256373,1
TCGA-A2-A0CK-01A,115.486429077065,167.820713656348,-42.4502399215248,1
TCGA-A2-A0CM-01A,118.70030785034,159.091561013672,-38.8287365819475,1
TCGA-A2-A0CO-01A,98.6416498233384,146.743434762861,-81.080670581791,1
TCGA-A2-A0CQ-01A,81.4603088603138,123.152442116354,-39.7992517984604,1
TCGA-A2-A0CR-01A,91.5236908192069,170.48536192055,-81.6937418168533,1
TCGA-A2-A0CT-01A,114.805087298108,132.130257592464,-55.133064073611,1
TCGA-A2-A0CU-01A,106.87517649218,153.486551602988,-24.4095327685929,1
TCGA-A2-A0CV-01A,92.9418846084043,129.68557259965,-21.3045766148819,1
TCGA-A2-A0CW-01A,105.563206942413,135.210232246689,-75.2016870112881,1
TCGA-A2-A0CY-01A,98.8924682625293,150.536940413107,-36.0571834049532,1
TCGA-A2-A0D0-01A,79.19932401642,120.968391472465,-59.3505127540377,1
TCGA-A2-A0D1-01A,109.649777325003,179.59222806475,-41.3049420617965,1
TCGA-A2-A0D2-01A,74.6503310601312,132.923080090245,-41.6635412053502,1
TCGA-A2-A0D3-01A,112.387344789056,171.665848991139,-49.9554036557112,1
TCGA-A2-A0D4-01A,87.5558632433464,153.614320469141,-35.7542314903901,1
TCGA-A2-A0EQ-01A,88.3929841719576,158.07742561721,-83.5598841601908,1
TCGA-A2-A0ER-01A,105.403773703757,137.049289868966,-27.3475471305595,1
TCGA-A2-A0ES-01A,121.499420210658,163.983952330935,-31.7475604415529,1
TCGA-A2-A0ET-01A,96.1612115158232,147.439938604317,-30.4824084367668,1
TCGA-A2-A0EU-01A,100.381187231985,151.332034964859,-65.9515287060411,1
TCGA-A2-A0EY-01A,88.8047364789339,181.983686938773,-36.2914536007297,1
TCGA-A2-A0ST-01A,117.647550329601,153.318065787235,-47.7207246491257,1
TCGA-A2-A0SU-01A,94.6562935745657,139.376301568081,-43.7415751352496,1
TCGA-A2-A0SX-01A,104.693035271814,177.12614468067,-47.7113083519461,1
TCGA-A2-A0T1-01A,117.795946838057,165.888388373903,-36.5975890621455,1
TCGA-A2-A0T2-01A,104.989047205459,148.371430585605,-61.3345173217923,1
TCGA-A2-A0T3-01A,89.2498679740636,174.66929330372,-68.0557481846243,1
TCGA-A2-A0T5-01A,120.29279861194,143.075013443127,-78.6529613642543,1
TCGA-A2-A0YC-01A,100.95384930059,163.473501748173,-51.8466696204561,1
TCGA-A2-A0YE-01A,120.930965275209,179.60057809882,-37.6743371655025,1
TCGA-A2-A0YF-01A,87.3785772064234,166.420069925276,-75.5971509422383,1
TCGA-A2-A0YG-01A,117.471935800299,177.612379316195,-63.9824072311238,1
TCGA-A2-A0YI-01A,112.109955591537,132.145892919867,-2.67083437861771,1
TCGA-A2-A0YK-01A,126.581639124272,135.78647866758,-69.8972868913231,1
TCGA-A2-A0YM-01A,120.016690925554,145.509317592438,-47.9263760355294,1
TCGA-A2-A0YT-01A,81.4718851792884,162.176754510122,-28.2917444856131,1
TCGA-A2-A1FV-01A,133.920764664375,142.116399642002,-57.4694359790065,1
TCGA-A2-A1FW-01A,115.456482987766,147.937367169882,-56.59978527156,1
TCGA-A2-A1FX-01A,128.725878135299,152.509767805424,-35.8907071559753,1
TCGA-A2-A1G0-01A,123.300204635496,172.405105618252,-36.946972908009,1
TCGA-A2-A1G1-01A,117.035301712861,161.330986398338,-54.3580833352882,1
TCGA-A2-A1G4-01A,130.461007222876,156.278546451983,-63.9387665635162,1
TCGA-A2-A1G6-01A,105.119142843895,158.395168271462,-38.3583324078029,1
TCGA-A2-A259-01A,122.088139778804,131.242127818542,-54.1402971333919,1
TCGA-A2-A25D-01A,99.6810630675117,132.114629947396,-77.0054398790786,1
TCGA-A2-A25E-01A,68.5090962458644,164.377319413158,-22.0585903289906,1
TCGA-A2-A25F-01A,101.309936045065,120.703152205942,-40.2055498661252,1
TCGA-A2-A3KC-01A,121.869289958649,165.152796391955,-1.54369170842766,1
TCGA-A2-A3KD-01A,124.570540424692,134.641633062942,-41.8286368557357,1
TCGA-A2-A3XS-01A,87.8779186056406,172.603766860014,-61.0793283258759,1
TCGA-A2-A3XT-01A,71.5641634881729,110.674048697998,-39.1737414514684,1
TCGA-A2-A3XU-01A,89.8673660577695,178.773403257306,-50.2408050275298,1
TCGA-A2-A3XV-01A,114.792717396632,160.420552362837,-52.9846856385121,1
TCGA-A2-A3XW-01A,70.2390265655925,161.841393562946,-76.5605405854393,1
TCGA-A2-A3XX-01A,86.5235420453838,162.360249612041,-44.5508513941374,1
TCGA-A2-A3XZ-01A,81.2023021896249,156.643767435191,-38.2096041807001,1
TCGA-A2-A3Y0-01A,109.035183215646,108.760565641741,-65.7350173130173,1
TCGA-A2-A4RW-01A,118.956454797068,165.364888874144,-70.6926199006712,1
TCGA-A2-A4RY-01A,119.51979072187,136.461918316195,-49.5732236168439,1
TCGA-A2-A4S0-01A,66.9072330365731,118.386833640553,-48.8895853654078,1
TCGA-A2-A4S1-01A,93.6937055357507,181.129166742687,-33.6634898044469,1
TCGA-A2-A4S2-01A,112.565625768025,165.090820780359,-46.4522064935025,1
TCGA-A2-A4S3-01A,87.0993293560658,153.907736341433,-30.8652321033904,1
TCGA-A7-A0CD-01A,123.703086157188,149.024389739153,-37.5429601870476,1
TCGA-A7-A0CE-01A,120.848244812234,129.761142904631,-38.3120414186543,1
TCGA-A7-A0CG-01A,92.6806774798886,126.849607795539,-50.627565967229,1
TCGA-A7-A0CH-01A,104.280420234768,125.906686563449,1.12454825148662,1
TCGA-A7-A0CJ-01A,105.845405159342,141.007333336548,-36.7160642116193,1
TCGA-A7-A0D9-01A,126.110720239048,116.599481030223,-67.6846144985897,1
TCGA-A7-A0DA-01A,113.244028368851,142.947508623319,-33.8118056646153,1
TCGA-A7-A0DC-01A,81.6056626417032,146.098268862338,-27.2033391376135,1
TCGA-A7-A0DC-01B,112.658259970667,134.932816347722,-51.5610656484571,1
TCGA-A7-A13E-01A,102.489087561214,185.075679095953,-38.1642675665026,1
TCGA-A7-A13E-01B,91.3133525422163,136.080705363844,-20.9784405687418,1
TCGA-A7-A13F-01A,108.983084110323,173.2899647097,-22.0382717580495,1
TCGA-A7-A13G-01B,119.901013948806,158.154351770757,-60.8048846168475,1
TCGA-A7-A13H-01A,130.379541848496,144.556369222605,-40.8688502050684,1
TCGA-A7-A3IY-01A,108.98431462898,114.588493753012,-21.0076969917973,1
TCGA-A7-A3IZ-01A,126.943589720306,141.079867005552,-31.4093860099948,1
TCGA-A7-A3J0-01A,81.516256591875,137.813843088222,-32.2476704317804,1
TCGA-A7-A3J1-01A,86.2648209555213,156.466257547449,-63.4923877287686,1
TCGA-A7-A3RF-01A,75.4169237588805,155.261437228708,-50.8174253304251,1
TCGA-A7-A425-01A,69.0130484010754,152.659454152592,-43.4069608822508,1
TCGA-A7-A426-01A,84.5514076710274,167.034426650134,-65.909191840053,1
TCGA-A7-A4SA-01A,82.2286087546694,144.457835001543,-70.3929582902523,1
TCGA-A7-A4SB-01A,86.5803039947733,158.320151258258,-24.154793298637,1
TCGA-A7-A4SC-01A,95.6002377858567,180.664883967733,-26.4888938378832,1
TCGA-A7-A4SE-01A,93.9426528105756,145.496417420408,-61.7873492116519,1
TCGA-A7-A4SF-01A,79.2737434980299,162.109699177028,-40.6229368070303,1
TCGA-A7-A56D-01A,47.2649755377414,166.263683417775,-35.4851950976407,1
TCGA-A7-A5ZX-01A,118.150021804635,128.264159000818,-76.140334896695,1
TCGA-A7-A6VW-01A,102.488798968461,166.168088110875,-61.7898327127925,1
TCGA-A7-A6VY-01A,116.830302222111,163.226861778938,-42.7453302291053,1
TCGA-A8-A06N-01A,77.0023452666354,138.826713839032,-56.3842912610112,1
TCGA-A8-A06O-01A,106.144136788935,172.086631779169,-44.3383884355919,1
TCGA-A8-A06Q-01A,126.33556924565,162.868947108449,-56.0511380455215,1
TCGA-A8-A06T-01A,116.349908252468,139.817250820017,-64.6101982719117,1
TCGA-A8-A06U-01A,106.025217645725,153.252757368503,-52.2659883003607,1
TCGA-A8-A06X-01A,76.4734944770214,129.5335648242,-81.7828760136294,1
TCGA-A8-A06Y-01A,120.341338319189,132.499612152488,-46.6950524342427,1
TCGA-A8-A06Z-01A,80.7462210531637,143.985611370473,-38.5435271674856,1
TCGA-A8-A079-01A,119.638314495521,156.648692297226,-57.0489733800281,1
TCGA-A8-A07F-01A,70.7884202861453,169.716083209422,-17.5506531224289,1
TCGA-A8-A07L-01A,63.2844264302531,169.632739249119,-32.213673018074,1
TCGA-A8-A07O-01A,101.018094551787,154.957172051601,-41.3466548382525,1
TCGA-A8-A07P-01A,89.899270186235,173.826382014852,-47.8880794130459,1
TCGA-A8-A07R-01A,122.24206389219,121.079143364368,-23.0749812709578,1
TCGA-A8-A07S-01A,97.279568375349,142.473454917429,-55.3581109739263,1
TCGA-A8-A07U-01A,123.908191912285,118.530805698856,-25.9486652012789,1
TCGA-A8-A07Z-01A,108.072894671237,141.371009468204,-75.8381711570976,1
TCGA-A8-A081-01A,82.9832252435631,138.905165627763,-32.8742189539189,1
TCGA-A8-A082-01A,67.5195677897886,166.784187982863,-62.7848626639066,1
TCGA-A8-A083-01A,100.964982804924,130.965464813201,-68.0646343676866,1
TCGA-A8-A08A-01A,101.051329967399,141.106961544312,-31.1698892250687,1
TCGA-A8-A08B-01A,117.954061978374,131.945448226477,-45.6957558968108,1
TCGA-A8-A08C-01A,104.103444677971,142.111817041484,-39.303581106854,1
TCGA-A8-A08F-01A,78.6754780829127,158.046133889712,-12.1430349323975,1
TCGA-A8-A08G-01A,87.5974712942581,160.374052933915,-66.2649576980231,1
TCGA-A8-A08I-01A,101.800558313614,145.873399596907,-48.0924846368535,1
TCGA-A8-A08L-01A,104.672336069662,140.557357395064,-68.5537897733794,1
TCGA-A8-A08R-01A,120.8986142901,139.126992896266,-30.4152268684213,1
TCGA-A8-A091-01A,111.995263180728,164.294071226192,-59.7717880274967,1
TCGA-A8-A092-01A,75.5933319613468,153.161042153064,-59.8625706208792,1
TCGA-A8-A094-01A,64.2245834288685,171.072947769905,-25.0781055412411,1
TCGA-A8-A095-01A,125.429113434875,132.300318894331,-63.5245092623609,1
TCGA-A8-A099-01A,93.0199667209715,139.033215637427,-45.0576030042205,1
TCGA-A8-A09B-01A,79.6814436947234,124.68403512186,-11.1190044294123,1
TCGA-A8-A09E-01A,117.519212490811,138.633274657938,-30.1378215120211,1
TCGA-A8-A09G-01A,93.6098784490734,163.966673365634,-42.0749012801564,1
TCGA-A8-A09K-01A,89.5895618746329,162.091768257747,-27.0400199925247,1
TCGA-A8-A09M-01A,109.321225472858,136.370153460334,-52.2293477326664,1
TCGA-A8-A09N-01A,85.8279848688952,155.127907008166,-32.0266426868534,1
TCGA-A8-A09W-01A,99.6479130815344,165.302108108923,-78.5688006972982,1
TCGA-A8-A09X-01A,53.9278627893227,148.344556406232,-39.9184987682601,1
TCGA-A8-A09Z-01A,91.7808787348266,168.99152534885,-40.2586484752706,1
TCGA-A8-A0A4-01A,113.203562140536,136.259901774193,-60.6081335486406,1
TCGA-A8-A0A6-01A,92.5099912088545,131.095849946313,-55.1189690172422,1
TCGA-A8-A0AB-01A,114.885824440835,147.593982320898,-65.4853222229724,1
TCGA-AC-A23H-01A,38.9901304653713,157.504812342229,-32.623027121061,1
TCGA-AC-A2BK-01A,107.804513439155,138.981585550482,-22.0929590603992,1
TCGA-AC-A2BM-01A,78.4980027151816,147.433465926481,-29.4506687694269,1
TCGA-AC-A2FB-01A,122.853444019157,177.913773723421,-72.99573857221,1
TCGA-AC-A2FE-01A,72.8776919499152,167.473248637534,-44.8926534212904,1
TCGA-AC-A2FG-01A,79.1635106569808,162.620194211557,-66.0717468728413,1
TCGA-AC-A2FK-01A,113.661655161449,129.36563525767,-33.7064462459773,1
TCGA-AC-A2FM-01A,81.7922580167883,140.046757090973,-43.8279390645113,1
TCGA-AC-A2FO-01A,97.7104689095166,136.370297961988,-51.0276186961318,1
TCGA-AC-A2QH-01B,89.0198095135861,157.04118347206,-61.5886337312773,1
TCGA-AC-A2QJ-01A,81.4766286507845,187.684101823017,-62.7796793527326,1
TCGA-AC-A3OD-01B,103.168677938852,160.054539931042,-43.4773034241249,1
TCGA-AC-A3QP-01A,67.7683649894945,177.504690556359,-26.4371149284525,1
TCGA-AC-A3QQ-01B,121.251036575671,128.923213891275,-25.974642606266,1
TCGA-AC-A3TM-01A,105.967558291467,163.993436510424,-51.7933491568123,1
TCGA-AC-A3TN-01A,86.6705558279442,128.429396702315,-90.3782071804215,1
TCGA-AC-A3W7-01A,53.9568486568391,176.936876872564,-67.0407417982544,1
TCGA-AC-A3YJ-01A,80.0488952971731,161.826112071166,-78.0751688811147,1
TCGA-AC-A4ZE-01A,119.720109086234,168.803551900677,-79.611019211805,1
TCGA-AC-A5XS-01A,102.823023665031,136.018876198254,-72.4535237501351,1
TCGA-AC-A5XU-01A,85.4188687584292,147.191550349206,-9.65900108521044,1
TCGA-AC-A62V-01A,113.422565195812,136.237794710777,-69.166525416424,1
TCGA-AC-A62X-01A,118.085854875838,128.241240146746,-69.9496542228432,1
TCGA-AC-A62Y-01A,115.488771253055,147.705998816685,-71.1727721759787,1
TCGA-AC-A6IW-01A,74.6147409220501,163.493514020476,-53.4272786619486,1
TCGA-AC-A6NO-01A,113.690901373452,171.101996867026,-41.312608519143,1
TCGA-AC-A7VB-01A,73.5392148955524,136.517934075281,-47.3476150402835,1
TCGA-AC-A7VC-01A,99.4691352486234,194.404955706582,-41.2260175077003,1
TCGA-AC-A8OP-01A,81.8552454293874,154.754256317812,-48.2290665870697,1
TCGA-AC-A8OQ-01A,119.200090080373,162.583661610797,-23.471857714341,1
TCGA-AC-A8OR-01A,124.140054608197,139.438842080399,-61.2345275268836,1
TCGA-AC-A8OS-01A,97.521401378719,128.302936443893,-44.4443219768593,1
TCGA-AN-A03Y-01A,115.726076586682,160.554275359712,-30.2383711517751,1
TCGA-AN-A046-01A,119.763316325504,176.776419916158,-19.0911557237931,1
TCGA-AN-A04C-01A,83.4594438634505,160.350918023299,-63.5632103697327,1
TCGA-AN-A04D-01A,104.031918464427,157.389726007406,-57.4957926808159,1
TCGA-AN-A0AJ-01A,101.737506863878,176.412632391277,-26.8421410342353,1
TCGA-AN-A0AK-01A,82.2191844912393,179.409000117643,-34.0721649979919,1
TCGA-AN-A0AR-01A,90.4040620526901,133.496995850747,-47.6987511049718,1
TCGA-AN-A0AT-01A,113.585348660897,152.3917547383,-64.1733509174965,1
TCGA-AN-A0FF-01A,73.838700416907,156.817845617102,-62.6398936237864,1
TCGA-AN-A0FJ-01A,67.7515582797468,138.295346541219,-16.8054783148623,1
TCGA-AN-A0FK-01A,95.9241553493617,155.662922283102,-44.06966098877,1
TCGA-AN-A0FL-01A,81.1325485254447,165.700554775776,-75.208325153478,1
TCGA-AN-A0FS-01A,121.11671567213,105.162838063908,-39.6428522267052,1
TCGA-AN-A0FT-01A,99.5376123952721,152.899191672513,-49.7295691285968,1
TCGA-AN-A0FW-01A,125.090324383477,129.835869830819,-37.2270618641986,1
TCGA-AN-A0FZ-01A,60.451843126599,122.500607101673,-25.4290158630607,1
TCGA-AN-A0XL-01A,78.5678930779586,165.559248924356,-73.820358649717,1
TCGA-AN-A0XO-01A,95.3277237528969,171.10479290792,-58.5983671964028,1
TCGA-AN-A0XP-01A,108.196236636221,153.778744634035,-67.3792644367145,1
TCGA-AN-A0XR-01A,98.0908924580492,153.452368385128,-77.9664573782647,1
TCGA-AN-A0XT-01A,108.919776222159,153.612272835088,-46.7458564319404,1
TCGA-AN-A0XU-01A,100.559387246562,188.965091829512,-51.7994212671653,1
TCGA-AO-A03M-01B,115.794835227587,110.055451245506,-54.342228093801,1
TCGA-AO-A03O-01A,107.113499313545,129.96758457408,-51.7391614358671,1
TCGA-AO-A03P-01A,81.9532342143136,134.227502302465,-47.358988821457,1
TCGA-AO-A03R-01A,103.642341512794,154.067957149841,-53.3957539422855,1
TCGA-AO-A03T-01A,99.0009328307411,155.528414540294,-50.984497370104,1
TCGA-AO-A03V-01A,100.994809864493,146.8587102013,-76.4307169776347,1
TCGA-AO-A0J2-01A,89.7112895367546,148.744834051919,-57.7210289615321,1
TCGA-AO-A0J3-01A,121.570504519516,132.934711249966,-55.0532910826812,1
TCGA-AO-A0J4-01A,113.990561293656,151.174580881458,-36.5549530897054,1
TCGA-AO-A0J6-01A,108.646002093452,142.372195912875,-31.328199456008,1
TCGA-AO-A0J7-01A,133.176163318402,149.328392327681,-63.141855550698,1
TCGA-AO-A0JB-01A,114.356395808166,127.462918880793,-51.5800554768939,1
TCGA-AO-A0JC-01A,68.4922537422131,142.117282407507,-28.9948442829766,1
TCGA-AO-A0JD-01A,129.303800591312,132.126936316044,-58.0577332209768,1
TCGA-AO-A0JG-01A,127.35669584275,146.724587156311,-69.1364677476649,1
TCGA-AO-A0JI-01A,132.923720507829,133.033218750226,-55.1734756752366,1
TCGA-AO-A0JJ-01A,105.689332922234,154.462152997243,-69.0098364200338,1
TCGA-AO-A0JL-01A,69.922743825171,133.288046142822,-75.2625068978897,1
TCGA-AO-A124-01A,122.331177398847,171.487866737256,-24.9885874780518,1
TCGA-AO-A125-01A,107.170674243885,155.026892988527,-75.5380851939187,1
TCGA-AO-A128-01A,114.937180279348,142.780210468091,-32.9085972803422,1
TCGA-AO-A129-01A,73.0434968491854,160.011674483461,-65.760036454212,1
TCGA-AO-A12A-01A,118.26314102296,123.731551713991,-51.4006323880229,1
TCGA-AO-A12B-01A,123.153545902465,142.342539065331,-81.3842106128878,1
TCGA-AO-A12E-01A,83.6040047153049,165.481647471755,-62.8408889410432,1
TCGA-AO-A12H-01A,128.214296989644,150.850825341848,-56.476627948909,1
TCGA-AO-A1KO-01A,89.0826597752069,151.154053380727,-20.0763004994607,1
TCGA-AO-A1KP-01A,80.6165652774222,145.351305359493,-56.4106059829594,1
TCGA-AO-A1KQ-01A,72.586988536839,149.258013956349,-23.1886348996263,1
TCGA-AO-A1KR-01A,83.5299369277675,140.622823083652,-70.1065668554565,1
TCGA-AO-A1KS-01A,97.4856834607848,155.972011759996,-32.0571657776532,1
TCGA-AQ-A04H-01B,96.7834263949495,121.871140223465,-57.5801121600689,1
TCGA-AQ-A04J-01A,118.121578555719,162.208248130153,-25.010931330937,1
TCGA-AQ-A1H2-01A,125.516350093747,155.712381199889,-47.8431764308696,1
TCGA-AQ-A1H3-01A,84.7050380667971,169.810309726414,1.52450669688192,1
TCGA-AQ-A54N-01A,127.182864040284,179.992561136128,-48.624087840526,1
TCGA-AQ-A54O-01A,91.8574878108595,125.54957579093,-83.6141174094584,1
TCGA-AR-A0TP-01A,68.5454964790867,145.090303755593,-28.3254440149516,1
TCGA-AR-A0TQ-01A,88.6667790573464,119.264381778635,-71.182315546347,1
TCGA-AR-A0TR-01A,90.6386713620275,156.145289818071,-23.1795713500707,1
TCGA-AR-A0TS-01A,81.1949284513676,138.140395967765,-21.3235742499637,1
TCGA-AR-A0TU-01A,104.998321469976,127.865761658341,-21.8886974718055,1
TCGA-AR-A0TV-01A,118.580421559728,123.528167192429,-33.7434424322615,1
TCGA-AR-A0TW-01A,120.19090262077,147.680211885773,-20.3022498001518,1
TCGA-AR-A0TX-01A,125.167619088006,169.719451011182,-77.8725185987985,1
TCGA-AR-A0TY-01A,101.861409227236,163.126494930548,-63.703088641272,1
TCGA-AR-A0TZ-01A,121.071959768375,149.631844882999,-83.0088057253674,1
TCGA-AR-A0U0-01A,105.498008887117,139.483436721604,-76.0899821802658,1
TCGA-AR-A0U2-01A,111.426121098439,129.270996653572,-62.4780793493195,1
TCGA-AR-A0U3-01A,96.232946149876,139.366233783018,-63.3596599499664,1
TCGA-AR-A0U4-01A,73.1100036320424,170.872099611465,-49.9961708168219,1
TCGA-AR-A1AH-01A,99.3569681703481,171.345550225908,-47.4563805099464,1
TCGA-AR-A1AI-01A,111.176413258806,151.887244419983,-40.8361385705164,1
TCGA-AR-A1AJ-01A,79.428853837398,157.397649461569,-72.1015932512479,1
TCGA-AR-A1AK-01A,111.506165859748,178.326305868422,-27.3143964904549,1
TCGA-AR-A1AM-01A,127.497627228355,143.400152184621,-57.6338792929289,1
TCGA-AR-A1AP-01A,81.887348895708,133.901513064632,-48.6932400216711,1
TCGA-AR-A1AQ-01A,65.7744279561265,157.445506079484,-54.4129630186907,1
TCGA-AR-A1AR-01A,100.042117180096,157.937140383885,-63.6439020194972,1
TCGA-AR-A1AT-01A,102.188337496547,127.869400671117,-43.4749759548452,1
TCGA-AR-A1AV-01A,110.126695649688,122.699141415609,-34.0742511598973,1
TCGA-AR-A1AW-01A,117.25975076253,165.485903106556,-54.1624766556782,1
TCGA-AR-A1AX-01A,72.7000205189053,170.489689665146,-39.5039584893932,1
TCGA-AR-A1AY-01A,98.2901716715999,149.845878238132,-10.4677453650099,1
TCGA-AR-A24H-01A,95.6074024979665,148.832214331582,-67.9085448739973,1
TCGA-AR-A24K-01A,93.4526518223218,159.485489728811,-48.0807611921979,1
TCGA-AR-A24R-01A,97.6948002051359,153.015795785868,-43.3195746356377,1
TCGA-AR-A24W-01A,123.999553303858,140.159798138287,-12.625017849899,1
TCGA-AR-A24Z-01A,95.6835899430963,147.968184630055,-50.0140708713264,1
TCGA-AR-A251-01A,73.2068255095476,171.484567279543,-22.5658515577023,1
TCGA-AR-A252-01A,72.7104879816354,141.051933975403,-17.7762888854491,1
TCGA-AR-A256-01A,113.199506550345,147.46086657378,-59.3458654868791,1
TCGA-AR-A2LE-01A,89.4253599914283,151.363463625717,-51.6427415881977,1
TCGA-AR-A2LH-01A,121.538470965344,158.143578377226,-54.8470498614087,1
TCGA-AR-A2LJ-01A,113.717873263432,119.798559797803,-50.4660038190917,1
TCGA-AR-A2LL-01A,95.0935961023331,135.080392105365,-37.3574444304114,1
TCGA-AR-A2LO-01A,135.454805951982,152.482040249415,-30.9365813669995,1
TCGA-AR-A5QM-01A,113.161266718031,166.544883692975,-82.5371229881127,1
TCGA-AR-A5QN-01A,110.356916284664,166.477545984918,-45.156230438483,1
TCGA-AR-A5QQ-01A,105.381404979096,158.945607835189,-65.4937710016966,1
TCGA-B6-A0I1-01A,69.3205074659031,126.139171590994,-21.9040178276174,1
TCGA-B6-A0I2-01A,83.5332152932834,178.931080780466,-36.5680682328274,1
TCGA-B6-A0I5-01A,93.1413968516505,121.371046665997,-44.2889564993565,1
TCGA-B6-A0I8-01A,132.781133361726,170.495026372444,-75.6493247437299,1
TCGA-B6-A0I9-01A,101.398275732411,126.555652532788,-53.8355908935405,1
TCGA-B6-A0IA-01A,78.1623575182381,139.985177150385,-61.1749079914023,1
TCGA-B6-A0IB-01A,105.297524180737,169.130359448035,-75.4613495161099,1
TCGA-B6-A0IC-01A,81.368201589988,132.007974709498,-43.8393088037367,1
TCGA-B6-A0IE-01A,98.918975256278,150.350354504079,-86.7990791704379,1
TCGA-B6-A0IG-01A,118.959683486159,149.240531935457,-49.2399350404293,1
TCGA-B6-A0IJ-01A,107.010029414326,182.316555156993,-45.6730664623173,1
TCGA-B6-A0IK-01A,74.2133690388241,141.782035112605,-78.1899468415917,1
TCGA-B6-A0IM-01A,103.510521187639,132.172209273302,-7.8574252816281,1
TCGA-B6-A0IN-01A,122.917293613463,141.342321171977,-81.5933968790901,1
TCGA-B6-A0IO-01A,129.826973564927,133.77595489369,-65.9600518305413,1
TCGA-B6-A0IP-01A,110.554837824047,133.481057141295,-53.210974347464,1
TCGA-B6-A0IQ-01A,117.234532441587,141.867409219957,-27.2848169440773,1
TCGA-B6-A0RE-01A,111.717880267169,187.320868712849,-61.7976609794159,1
TCGA-B6-A0RG-01A,97.5820794339781,133.549465033954,-64.7654170213253,1
TCGA-B6-A0RH-01A,52.9282227430081,151.674507936417,-65.0489237781342,1
TCGA-B6-A0RL-01A,106.185672939833,153.259153108441,-83.6436211783715,1
TCGA-B6-A0RM-01A,116.963386352455,126.226512447695,-62.1829198925305,1
TCGA-B6-A0RO-01A,91.4420448197719,156.053446267459,-71.9126556752051,1
TCGA-B6-A0RQ-01A,126.852550750396,139.534697704016,-68.2138807337967,1
TCGA-B6-A0RS-01A,101.546688538991,151.329828395535,-68.2024080382564,1
TCGA-B6-A0RT-01A,122.207622011401,144.013900629838,-20.5046461928507,1
TCGA-B6-A0RU-01A,92.5449858423445,175.792707887755,-42.7739717048375,1
TCGA-B6-A0RV-01A,114.408583341643,137.603945989557,-23.1547299640082,1
TCGA-B6-A0WV-01A,77.4495988428717,127.326362613885,-23.2814951695728,1
TCGA-B6-A0WY-01A,82.2838844540307,164.382611695628,-27.9611484911761,1
TCGA-B6-A0WZ-01A,120.869793749541,141.468579108181,-94.7058032952286,1
TCGA-B6-A0X0-01A,92.3104559370421,161.822266258095,-33.1925568386625,1
TCGA-B6-A0X1-01A,106.689027885468,121.927727288051,-16.6660436415197,1
TCGA-B6-A0X4-01A,106.310656296767,127.664100925045,-63.5039560042524,1
TCGA-B6-A0X5-01A,108.124526576594,142.521083516886,-42.0917904788657,1
TCGA-B6-A1KC-01B,82.0052743225865,151.418190620937,-46.3804369008746,1
TCGA-B6-A1KF-01A,95.402781093342,120.649372839791,-38.1026249759437,1
TCGA-B6-A1KI-01A,117.307270594416,161.225465084009,-55.8088208318532,1
TCGA-B6-A1KN-01A,91.5547175151758,133.209317529708,-84.3129746734379,1
TCGA-B6-A2IU-01A,113.467607421707,130.680932263918,-52.7319299561442,1
TCGA-B6-A3ZX-01A,100.950331555919,134.95687430508,-70.8521583451991,1
TCGA-B6-A400-01A,82.2598868855541,160.010317289505,-38.2425822489385,1
TCGA-B6-A401-01A,75.5147630453883,156.024095530161,-28.8242172035041,1
TCGA-B6-A402-01A,83.0135926306916,161.044530937599,-57.7234599335177,1
TCGA-B6-A408-01A,83.180471662703,161.276230331458,-53.2626129124,1
TCGA-B6-A409-01A,104.714343918712,125.20567791878,-76.7261508634947,1
TCGA-BH-A0B4-01A,86.420958474155,158.550571064605,-45.5884834503732,1
TCGA-BH-A0B6-01A,125.156209231105,160.256392350944,-43.1214394716069,1
TCGA-BH-A0B7-01A,92.0488001185406,168.291034020439,-4.74155304426034,1
TCGA-BH-A0B8-01A,134.832757016644,128.051189057759,-44.2012227474093,1
TCGA-BH-A0B9-01A,109.365871035502,155.399136153684,-47.6265527280785,1
TCGA-BH-A0BA-01A,130.086903067947,161.161984805001,-54.4968829509792,1
TCGA-BH-A0BC-01A,81.5472429068101,168.331688831357,-58.3970918820151,1
TCGA-BH-A0BD-01A,119.760027321967,154.226399976612,-10.4908457381142,1
TCGA-BH-A0BG-01A,84.5999804271938,120.66942592509,-51.0591220576168,1
TCGA-BH-A0BJ-01A,107.312594078576,121.803441951385,-5.6852497535163,1
TCGA-BH-A0BM-01A,118.988922953751,136.396445031178,-64.1220926011243,1
TCGA-BH-A0BT-01A,106.516971386242,151.479063416266,-65.6587104859854,1
TCGA-BH-A0BW-01A,79.3605906793201,126.797037944453,-17.7686850282076,1
TCGA-BH-A0C0-01A,102.894222081599,141.605009412767,-66.8967611678654,1
TCGA-BH-A0C7-01B,105.628855640103,131.593020521681,-61.6493220713088,1
TCGA-BH-A0DD-01A,115.509259968153,154.178431885692,-27.1849747463724,1
TCGA-BH-A0DE-01A,110.982894096672,186.480680726804,-52.4300840088,1
TCGA-BH-A0DH-01A,77.3003973439634,166.063329738094,-32.3833869422243,1
TCGA-BH-A0DK-01A,78.5514230201738,141.4610394196,-57.4126389615361,1
TCGA-BH-A0DL-01A,110.50575863745,133.478449968597,-42.673477761184,1
TCGA-BH-A0DO-01B,120.995229930864,137.753957347077,-57.9889302634298,1
TCGA-BH-A0DT-01A,103.828730125891,168.36031505862,-38.436063644877,1
TCGA-BH-A0E0-01A,99.7567792554284,133.255646802328,-19.738962665195,1
TCGA-BH-A0E1-01A,98.2509952276794,143.787866545177,-54.6044141897978,1
TCGA-BH-A0E6-01A,127.500725013932,155.13011881486,-34.2382285732114,1
TCGA-BH-A0E7-01A,117.709633367994,132.363379181613,-17.9903785054238,1
TCGA-BH-A0E9-01B,96.7590936304628,171.442735000098,-39.780343946807,1
TCGA-BH-A0EA-01A,102.488287408086,158.597083261015,-22.0867333306041,1
TCGA-BH-A0EE-01A,80.9398179435926,150.155406661118,-77.5953440437043,1
TCGA-BH-A0H0-01A,96.0560611457856,146.744665323469,-47.2725544989792,1
TCGA-BH-A0H5-01A,71.3554743589284,158.02674450507,-17.0473468197696,1
TCGA-BH-A0H9-01A,138.958652643492,139.455806984171,-81.3185300370893,1
TCGA-BH-A0HB-01A,97.1593967337703,152.214292877835,-78.1835503111136,1
TCGA-BH-A0HI-01A,99.9043824692197,112.1761108119,-53.8949406147622,1
TCGA-BH-A0HK-01A,137.529705876021,159.922203289746,-40.5061793183546,1
TCGA-BH-A0HL-01A,101.834190301428,159.064793280793,-61.9070324708594,1
TCGA-BH-A0HN-01A,86.0867616384497,120.727516685595,-60.8752857032659,1
TCGA-BH-A0HO-01A,111.665152429918,138.159875416558,-17.3180812934072,1
TCGA-BH-A0HP-01A,119.744590982669,130.783343091514,-78.6763136115851,1
TCGA-BH-A0HU-01A,77.8770928015215,158.250613913418,-37.9525166749554,1
TCGA-BH-A0HW-01A,112.153269993962,138.111982613571,-52.3721275675817,1
TCGA-BH-A0RX-01A,107.987920554692,136.231264145664,-38.5148172439446,1
TCGA-BH-A0W3-01A,104.378215185733,144.596279773362,-51.0680185431262,1
TCGA-BH-A0W4-01A,98.3759027566985,150.630826373256,-52.7176043203823,1
TCGA-BH-A0WA-01A,92.6367174382347,131.732705955076,-52.7368538342382,1
TCGA-BH-A18G-01A,93.0103263144966,175.614016666741,-61.7777633061864,1
TCGA-BH-A18H-01A,75.952654858769,143.604329212636,-80.3552446711107,1
TCGA-BH-A18L-01A,95.2790757283695,150.800703560986,-49.2865127364583,1
TCGA-BH-A18N-01A,109.244951822627,156.797827685904,-38.1881611015648,1
TCGA-BH-A18Q-01A,87.0249311656275,132.155801008528,-61.8036784084283,1
TCGA-BH-A18R-01A,115.410977555593,136.337906026109,-58.8627149479649,1
TCGA-BH-A18S-01A,90.051338627851,155.750360347332,-78.7250155988265,1
TCGA-BH-A18T-01A,108.718544219858,154.265921121221,-70.0848219048862,1
TCGA-BH-A18V-01A,121.348877051024,159.275747044597,-29.9545567224255,1
TCGA-BH-A1EN-01A,82.9299923317533,117.798438345725,-64.630585916871,1
TCGA-BH-A1ET-01A,108.869204254382,120.839006049807,-41.2539052562376,1
TCGA-BH-A1EU-01A,100.584671905103,141.344950514291,-11.2734161406189,1
TCGA-BH-A1EW-01A,76.386798285623,158.512861473685,-7.82462931128336,1
TCGA-BH-A1F0-01A,115.069479404978,161.224624354032,-28.226184650817,1
TCGA-BH-A1F5-01A,134.001372188354,156.632141612182,-56.4173972715973,1
TCGA-BH-A1F6-01A,87.2344577400417,135.592197647772,-29.5173928706845,1
TCGA-BH-A1F8-01A,116.56402587892,142.959667584057,-56.6163812646242,1
TCGA-BH-A1FC-01A,116.034686805345,153.399957902857,-29.2708371950026,1
TCGA-BH-A1FG-01A,132.79313632475,122.027570177862,-83.9606412200438,1
TCGA-BH-A1FJ-01A,102.934539483076,156.20961624617,-61.6847868748554,1
TCGA-BH-A1FL-01A,109.006726905672,153.593020711866,-57.4360930968122,1
TCGA-BH-A1FR-01A,98.4546842024963,137.337511858053,-78.0176235062538,1
TCGA-BH-A203-01A,125.998572976873,122.45855059877,-53.9237277196569,1
TCGA-BH-A204-01A,94.38584737167,115.494961531349,-51.3121248164003,1
TCGA-BH-A209-01A,108.888372136967,159.262540903219,-58.1003139588751,1
TCGA-BH-A28O-01A,131.559312006213,167.216311974713,-51.7808509005722,1
TCGA-BH-A42T-01A,95.4912504874236,158.35774356501,-42.2767603666236,1
TCGA-BH-A42U-01A,90.7768469670897,124.239538301903,-61.6657402790435,1
TCGA-BH-A42V-01A,88.5663482602631,142.364130599972,-63.2016351143443,1
TCGA-BH-A5IZ-01A,110.554845981875,142.167003727638,-74.1458786986037,1
TCGA-BH-A6R8-01A,84.3436901599182,154.000754836291,-82.7962376618113,1
TCGA-BH-A8FY-01A,76.2789737004269,136.821763744752,-65.3310014559363,1
TCGA-BH-A8FZ-01A,91.8619790362226,143.783958654596,-31.997925264227,1
TCGA-BH-AB28-01A,73.7856662020177,139.081705544626,-32.8684331986979,1
TCGA-C8-A12K-01A,122.031557498524,158.767886055233,-71.0290638014654,1
TCGA-C8-A12L-01A,111.257997623584,191.366746280037,-49.2145808556441,1
TCGA-C8-A12M-01A,98.0505928653397,164.252679081493,-19.555571620676,1
TCGA-C8-A12U-01A,106.584975437045,142.791885260809,-66.4517675327172,1
TCGA-C8-A12V-01A,102.950527944281,172.13058558423,-68.9799813249276,1
TCGA-C8-A12X-01A,82.9563302809566,124.217109891242,-71.9838741279356,1
TCGA-C8-A12Y-01A,126.4715011748,119.785390196953,-65.4035571407902,1
TCGA-C8-A12Z-01A,93.1715320626978,180.481656767127,-47.5787105792182,1
TCGA-C8-A130-01A,104.257991176386,187.486532193032,-68.4097975220862,1
TCGA-C8-A133-01A,78.8593464009295,149.584328425277,-41.550931266298,1
TCGA-C8-A134-01A,104.895716009797,138.118911866233,-38.470504791449,1
TCGA-C8-A135-01A,41.8275549908355,133.845474679043,-35.2412261972024,1
TCGA-C8-A137-01A,71.203233948432,185.187895203897,-58.7082986853811,1
TCGA-C8-A138-01A,99.0567324252689,145.554985066521,-76.275642998522,1
TCGA-C8-A1HE-01A,84.3986167596681,126.455678818031,-58.4055548901167,1
TCGA-C8-A1HG-01A,98.040571449319,147.38024198685,-20.3119664139513,1
TCGA-C8-A1HI-01A,99.4954959757181,155.089580277125,-57.8634921381372,1
TCGA-C8-A1HJ-01A,62.7363887906766,150.821283745305,-26.8136401243571,1
TCGA-C8-A1HK-01A,92.8852484660325,149.320926847059,-38.2988770833118,1
TCGA-C8-A1HL-01A,107.841129893787,162.528746796593,-55.2834673578284,1
TCGA-C8-A1HM-01A,71.9916993530527,157.89405185936,-66.3767699235143,1
TCGA-C8-A1HN-01A,65.7686359186112,139.180237330099,-62.4485565925967,1
TCGA-C8-A1HO-01A,86.26815673191,134.663048136038,-30.8145583124126,1
TCGA-C8-A26V-01A,118.332171018311,158.036766312233,-41.5809001045392,1
TCGA-C8-A26W-01A,71.8828597203346,122.047749696078,-30.4789229428476,1
TCGA-C8-A26Y-01A,84.3978757073302,128.086903138428,-39.6245294501397,1
TCGA-C8-A26Z-01A,127.575188681541,117.279875494567,-53.6860441841292,1
TCGA-C8-A274-01A,98.6466087601012,169.45414619426,-63.9628147627046,1
TCGA-C8-A275-01A,89.9169390297314,147.109635564883,-38.464244444911,1
TCGA-C8-A27A-01A,99.0973498885302,141.527589901286,-65.8543178373114,1
TCGA-C8-A27B-01A,85.8743867817732,157.649729770513,-28.0454050223837,1
TCGA-C8-A3M7-01A,87.5286019625623,146.257782676894,-81.2399556562019,1
TCGA-C8-A3M8-01A,111.234363029494,138.805048665823,-44.2869039248826,1
TCGA-C8-A8HP-01A,78.9206327380722,154.38741237757,-90.8741453500704,1
TCGA-C8-A8HQ-01A,76.5515359087639,145.155421405699,-48.7591536689925,1
TCGA-D8-A13Y-01A,119.559198702268,141.381050492024,-71.0106765393477,1
TCGA-D8-A13Z-01A,69.747461520126,146.427668002005,-35.5192430245895,1
TCGA-D8-A140-01A,90.2098139858709,174.581752016604,-63.7376268060151,1
TCGA-D8-A143-01A,95.9567313784715,148.302253429124,-39.103021677541,1
TCGA-D8-A145-01A,109.85945440921,165.067758685642,-47.851880046355,1
TCGA-D8-A147-01A,89.5937320296063,152.194487727382,-13.4060687896989,1
TCGA-D8-A1JB-01A,134.724917311625,137.231921079966,-46.3977810035277,1
TCGA-D8-A1JC-01A,123.43807284947,165.973738464105,-19.582031898272,1
TCGA-D8-A1JG-01B,49.2933115256239,169.298060542389,-24.5242598535616,1
TCGA-D8-A1JI-01A,81.3500177394068,165.539751065869,-59.5088118077798,1
TCGA-D8-A1JL-01A,108.566469324439,128.309241820162,-55.7636645236276,1
TCGA-D8-A1JM-01A,83.0803416578214,144.267755048491,-18.7825439994099,1
TCGA-D8-A1JN-01A,106.86677198578,139.281422638472,-60.2330015031142,1
TCGA-D8-A1JS-01A,89.0060526690738,170.246508271468,-77.7561921817378,1
TCGA-D8-A1JT-01A,88.1964355746956,133.992264383419,-22.9940737441042,1
TCGA-D8-A1X6-01A,77.1847317195841,144.831114284196,-60.6144432667175,1
TCGA-D8-A1X7-01A,121.927882208949,156.24185709498,-19.5139704395996,1
TCGA-D8-A1X8-01A,122.047409395883,123.305069454008,-61.747256201017,1
TCGA-D8-A1XA-01A,116.351723779974,126.391780419586,-10.5511161158303,1
TCGA-D8-A1XC-01A,106.684609155129,143.481970672175,-47.4748539737829,1
TCGA-D8-A1XF-01A,112.923769563149,142.619567639503,-45.0405830416182,1
TCGA-D8-A1XG-01A,117.539403392126,120.597968135756,-85.8468562051943,1
TCGA-D8-A1XK-01A,113.789841228336,129.483059409543,-31.1145054180796,1
TCGA-D8-A1XL-01A,77.0341556703294,134.553532797812,-68.0932494559218,1
TCGA-D8-A1XR-01A,133.743399779057,157.553900789854,-53.8584536492496,1
TCGA-D8-A1XV-01A,100.45770640856,140.631751952575,-25.3219720323232,1
TCGA-D8-A1XW-01A,99.6608682019415,164.929925347361,-62.3805265775816,1
TCGA-D8-A1Y0-01A,112.815837161006,168.738647913991,-55.2058615971182,1
TCGA-D8-A1Y3-01A,83.1096489008985,115.331902233072,-70.4929540490814,1
TCGA-D8-A27E-01A,84.5612744017713,158.422821312069,-67.2012856286355,1
TCGA-D8-A27K-01A,112.026095472699,132.187231181688,-6.31778729113705,1
TCGA-D8-A27P-01A,96.2422181143962,161.321297792734,-55.0343638849749,1
TCGA-D8-A27R-01A,66.5363092871566,136.199972540671,-43.0880950735661,1
TCGA-D8-A27V-01A,120.12131770445,120.824442409505,-52.3284570196062,1
TCGA-D8-A27W-01A,121.801641581445,122.540146466972,-54.2483962661361,1
TCGA-D8-A3Z5-01A,97.5244947774032,142.808236841672,-67.3283939026222,1
TCGA-D8-A3Z6-01A,110.087645087601,150.498545314193,-46.7811865199299,1
TCGA-D8-A4Z1-01A,96.3775206503675,144.140006630918,-73.7783656328924,1
TCGA-E2-A105-01A,98.0170145456398,127.762183541426,-75.7934271372506,1
TCGA-E2-A106-01A,71.2781664175132,120.793970017643,-50.8449072049383,1
TCGA-E2-A107-01A,107.857279739631,164.593225346234,-68.1174945408566,1
TCGA-E2-A109-01A,105.508240637829,158.686214821433,-50.7747272664314,1
TCGA-E2-A10C-01A,105.556341729394,174.199046183942,-70.433565190817,1
TCGA-E2-A10E-01A,112.654095631109,151.449184473178,-92.6235715648758,1
TCGA-E2-A14N-01A,111.669560012876,144.88568241104,-32.6847034824789,1
TCGA-E2-A14O-01A,101.116043183794,140.164883737745,-64.9137174441928,1
TCGA-E2-A14P-01A,118.185410448111,148.083206126108,-65.2918761585186,1
TCGA-E2-A14Q-01A,112.803173684851,145.813413229828,-67.0041347511861,1
TCGA-E2-A14R-01A,131.579028472536,135.907695498939,-45.1511417306705,1
TCGA-E2-A14T-01A,105.246053098355,124.571699391077,-47.8129426837822,1
TCGA-E2-A14U-01A,81.0389314179095,120.506619358938,-36.7639922359645,1
TCGA-E2-A14V-01A,129.114727679611,162.365359299769,-81.1248006427491,1
TCGA-E2-A14W-01A,88.9522217958081,114.669043682266,-64.337925659274,1
TCGA-E2-A14X-01A,113.059524673275,136.381391709419,-11.3786828127405,1
TCGA-E2-A14Y-01A,133.870298064057,176.406608027974,-80.0616252611263,1
TCGA-E2-A155-01A,103.046720243184,130.695354493066,-45.6999759872296,1
TCGA-E2-A156-01A,93.1204462878205,156.37226736888,-64.36109611034,1
TCGA-E2-A158-01A,103.761293881232,132.227487861701,-37.2928974920996,1
TCGA-E2-A159-01A,104.170302818588,132.964911881101,-36.9291709875548,1
TCGA-E2-A15D-01A,115.387256457939,140.457467417401,-40.7492802096023,1
TCGA-E2-A15F-01A,81.4865146699031,163.105509008195,-52.2461282694936,1
TCGA-E2-A15G-01A,108.772841329857,174.586980532228,-21.8194281120581,1
TCGA-E2-A15H-01A,91.4652729761391,158.618514843561,-40.9919111779248,1
TCGA-E2-A15I-01A,124.069281864845,124.970651794223,-62.2417506277331,1
TCGA-E2-A15J-01A,105.259635492076,148.632758084425,-34.9110679250842,1
TCGA-E2-A15K-01A,132.556358145847,130.931353103945,-88.8141637117809,1
TCGA-E2-A15O-01A,84.2935853135674,168.496678945758,-31.6520602257893,1
TCGA-E2-A15P-01A,87.3159361072915,131.578873237827,-68.3642226042725,1
TCGA-E2-A15R-01A,91.3793810231745,173.28902479448,-48.471894152717,1
TCGA-E2-A15S-01A,81.1999315191517,139.197791076867,-42.6904384167567,1
TCGA-E2-A15T-01A,73.9527191680795,164.693618650757,-51.0508240579576,1
TCGA-E2-A1AZ-01A,113.986596385044,138.762821060686,-58.3684482544063,1
TCGA-E2-A1B4-01A,126.824054770943,137.629631772325,-55.3692735379617,1
TCGA-E2-A1B5-01A,104.085007078666,114.023634157248,-35.917973943291,1
TCGA-E2-A1B6-01A,86.5402415510027,142.264679177545,-56.1244066585049,1
TCGA-E2-A1BD-01A,77.0902514023577,174.25909677694,-66.8774118161876,1
TCGA-E2-A1IE-01A,119.3415658435,117.106372202304,-62.1162080317116,1
TCGA-E2-A1II-01A,103.85270575543,139.304566818807,-64.7290805015441,1
TCGA-E2-A1IK-01A,99.3324274834617,157.66408024935,-31.6678169482914,1
TCGA-E2-A1IL-01A,74.2242783576651,137.246721145957,-29.6798101465246,1
TCGA-E2-A1IU-01A,108.072844293185,123.763661424617,-34.5859571151789,1
TCGA-E2-A1L6-01A,77.1539684700295,126.72407659637,-33.6344885017838,1
TCGA-E2-A1LA-01A,124.031829417007,115.064259033937,-80.6823332896342,1
TCGA-E2-A1LB-01A,50.2050905455349,150.01056023022,-41.1942183090039,1
TCGA-E2-A1LE-01A,79.1620166808493,157.890647697971,-45.1869933225857,1
TCGA-E2-A1LG-01A,83.8196674732676,152.848472017136,-41.6757457732046,1
TCGA-E2-A1LH-01A,84.5130428809156,131.322903858261,-66.5519065838013,1
TCGA-E2-A1LI-01A,72.805143154675,157.686262058857,-53.5290765076088,1
TCGA-E2-A1LK-01A,94.3734911816377,157.125929371048,-57.5502191855321,1
TCGA-E2-A1LL-01A,62.3653848739411,116.073268722585,-48.2189928220854,1
TCGA-E2-A1LS-01A,100.01411638301,161.279426795186,-19.9606055940492,1
TCGA-E2-A2P5-01A,90.3393800355465,184.281714361717,-58.7901139416393,1
TCGA-E2-A2P6-01A,97.472433448983,159.218657284643,-90.7131247906229,1
TCGA-E2-A56Z-01A,73.2655669176829,126.605129569429,-57.6040834928568,1
TCGA-E2-A572-01A,85.3153362119254,167.950946846913,-56.4224699560367,1
TCGA-E2-A573-01A,114.533583964809,161.267539862801,-76.8985068493208,1
TCGA-E2-A574-01A,105.744241317073,131.114284307442,-90.9566354198211,1
TCGA-E2-A576-01A,114.368311153345,138.880504113129,-42.7500107467557,1
TCGA-E9-A1N3-01A,107.250278762421,164.220452516715,-24.7079172661926,1
TCGA-E9-A1N8-01A,93.9654664121634,188.614620828195,-64.0540278053098,1
TCGA-E9-A1N9-01A,85.824333089394,163.329227911668,-21.963631851021,1
TCGA-E9-A1NA-01A,82.2284950492611,166.739071783531,-55.2065527898277,1
TCGA-E9-A1ND-01A,119.373337323156,161.338514355927,-59.1771273568176,1
TCGA-E9-A1NE-01A,81.7813177271533,121.178947878092,-53.6445024616606,1
TCGA-E9-A1QZ-01A,100.218292705164,111.629383421021,-45.2403616986439,1
TCGA-E9-A1R2-01A,68.2004810168208,126.106026214944,-25.5859774699434,1
TCGA-E9-A1R4-01A,65.2877922172272,183.393183883727,-37.917819683112,1
TCGA-E9-A1R7-01A,92.2908685213286,131.293687686288,-12.9868249112262,1
TCGA-E9-A1RB-01A,66.1482479657163,156.670533184471,-19.4278800143367,1
TCGA-E9-A1RD-01A,75.6846654408238,158.289003603859,-20.9545643645929,1
TCGA-E9-A1RE-01A,64.7806770877292,160.404918163705,-66.1883576029076,1
TCGA-E9-A1RG-01A,92.4973537774106,153.416624789794,-67.7501365237846,1
TCGA-E9-A227-01A,121.41537876717,142.727220356566,-55.6022288627539,1
TCGA-E9-A228-01A,98.5171446433542,169.587248039602,-83.6688678947263,1
TCGA-E9-A22D-01A,89.9851534516831,156.028841366716,-51.4171302023498,1
TCGA-E9-A22G-01A,80.9932174533468,116.246853936556,-18.6689163200723,1
TCGA-E9-A22H-01A,104.132368112207,125.156133723931,-44.7277113073076,1
TCGA-E9-A243-01A,104.314516677108,155.8775627323,-47.8890280881872,1
TCGA-E9-A244-01A,106.161107812504,124.468963173096,-19.4589672385825,1
TCGA-E9-A245-01A,73.2595248089116,158.763397020448,-25.4408239413422,1
TCGA-E9-A247-01A,101.915849896211,140.792046392197,-53.9061761704134,1
TCGA-E9-A248-01A,94.2297655193998,141.157049698538,-29.7528753969648,1
TCGA-E9-A249-01A,102.879107061566,145.709528854208,-34.032070574775,1
TCGA-E9-A295-01A,112.745989474865,142.332251292303,-68.3226692325067,1
TCGA-E9-A2JT-01A,110.525356703821,118.539297912244,-66.4770193092496,1
TCGA-E9-A3HO-01A,108.612478371605,136.016914906031,-38.8725273535541,1
TCGA-E9-A3Q9-01A,85.8901053740005,151.976571691029,-33.9251394199126,1
TCGA-E9-A3QA-01A,79.6248461404823,147.332792309795,-25.2598837492931,1
TCGA-E9-A3X8-01A,52.436389783615,144.355596803471,-70.1956020577465,1
TCGA-E9-A54X-01A,115.813167838573,166.533981421764,-60.375448801764,1
TCGA-E9-A54Y-01A,69.1330540444169,154.197199262255,-55.3910448713403,1
TCGA-E9-A5FK-01A,95.4494627041283,126.465565756041,-42.0229258594799,1
TCGA-E9-A5FL-01A,83.8280709170478,144.220524199613,-80.0327560866028,1
TCGA-E9-A5UO-01A,112.229006594447,163.804631538701,-39.2779262962539,1
TCGA-E9-A5UP-01A,79.101179009301,150.424042348787,-73.9309598641511,1
TCGA-E9-A6HE-01A,67.5240443345854,164.969464303963,-69.0376020765641,1
TCGA-EW-A1IW-01A,130.323523435825,129.701712873713,-87.9140625301899,1
TCGA-EW-A1IZ-01A,88.98598564318,126.484530716404,-51.0438822867607,1
TCGA-EW-A1J1-01A,92.0632453771347,133.148977716428,-82.0570179655435,1
TCGA-EW-A1J3-01A,135.444300683631,113.684286918512,-54.1738195494372,1
TCGA-EW-A1J5-01A,99.7401934237879,132.474333632427,-25.0792634970065,1
TCGA-EW-A1J6-01A,121.72033453254,121.54439683506,-52.4564958485697,1
TCGA-EW-A1OV-01A,82.2621983517263,153.930685767953,-69.000533156066,1
TCGA-EW-A1OX-01A,109.845578593313,159.976570113238,-71.2130397522337,1
TCGA-EW-A1OY-01A,107.788319693267,165.119603620809,-44.9573705430408,1
TCGA-EW-A1OZ-01A,42.9756676175254,177.275534464054,-32.021638212761,1
TCGA-EW-A1P3-01A,98.8943216192968,121.614251478823,-51.6598563543707,1
TCGA-EW-A1P4-01A,89.4232170388022,156.502530881764,-27.9835357203529,1
TCGA-EW-A1P5-01A,105.243421897462,161.173476551818,-57.7026671806531,1
TCGA-EW-A1P7-01A,95.5344759401927,149.714755625155,-59.9406595501644,1
TCGA-EW-A1P8-01A,114.272018610539,159.668081041279,-42.8141703893766,1
TCGA-EW-A1PA-01A,105.125391407734,140.380078650073,-47.368563946349,1
TCGA-EW-A1PB-01A,120.00345200682,161.687800458333,-70.2621282969631,1
TCGA-EW-A1PC-01B,103.963220471716,150.018247512313,-45.8627120561108,1
TCGA-EW-A1PD-01A,93.2640597118201,172.931418570971,-58.892403441558,1
TCGA-EW-A1PE-01A,135.036886045013,118.376074312085,-76.3986421555866,1
TCGA-EW-A1PH-01A,110.18061078118,134.658583134801,-39.3727945693875,1
TCGA-EW-A2FS-01A,122.707648097232,152.958186296187,-61.9393356936733,1
TCGA-EW-A2FV-01A,82.7832045991319,139.505669678542,-59.5469276026259,1
TCGA-EW-A2FW-01A,119.566208676602,166.254352398142,-71.0653419167487,1
TCGA-EW-A3E8-01B,101.794433562666,154.967097373847,-78.5290522054524,1
TCGA-EW-A3U0-01A,98.7334553423197,174.215932339337,-57.2392765284164,1
TCGA-EW-A423-01A,114.802059922627,162.521905936494,-58.0601588453435,1
TCGA-EW-A6SA-01A,92.6059594542622,165.225495944185,-76.9595926626964,1
TCGA-EW-A6SB-01A,116.030091154139,161.371350569449,-70.8164952104525,1
TCGA-EW-A6SD-01A,90.3029779288334,163.636283365736,-28.8588184820313,1
TCGA-GI-A2C9-01A,79.4831149313746,136.796896001845,-51.8772391084373,1
TCGA-GM-A2D9-01A,69.3321676689504,162.299586928858,-79.6477598080107,1
TCGA-GM-A2DB-01A,106.116136598863,159.181074578523,-85.0295191738449,1
TCGA-GM-A2DC-01A,97.5402781926872,148.372631794027,-76.7348241221103,1
TCGA-GM-A2DD-01A,81.0515049065285,170.211103868419,-68.9843184710288,1
TCGA-GM-A2DF-01A,118.807576148718,121.10083389348,-54.6267960405834,1
TCGA-GM-A2DK-01A,121.288129093793,153.856119587368,-39.0032150875399,1
TCGA-GM-A2DM-01A,110.025458729548,155.686810102181,-29.7600536681316,1
TCGA-GM-A2DN-01A,137.17530036548,127.722869846182,-64.4209623147691,1
TCGA-GM-A2DO-01A,78.8498482968373,124.46528461935,-63.1082311984314,1
TCGA-GM-A3NW-01A,135.197256196251,146.024568172587,-82.2912034608763,1
TCGA-GM-A3NY-01A,122.72687458142,118.121590777864,-93.1763359117721,1
TCGA-GM-A3XG-01A,102.152126751816,163.20166552076,-60.398314969629,1
TCGA-GM-A3XL-01A,89.2404982025249,157.649962403641,-33.0793835732508,1
TCGA-GM-A3XN-01A,101.964640666321,153.442263700082,-45.4999420869855,1
TCGA-GM-A4E0-01A,118.88033181036,152.023023990672,-61.7537854415794,1
TCGA-GM-A5PV-01A,102.344545870998,137.029049716301,-71.9323476972122,1
TCGA-HN-A2NL-01A,88.3085302913168,167.32089369871,-41.4584944149753,1
TCGA-JL-A3YX-01A,107.827261819045,162.976494746769,-87.3094745720641,1
TCGA-LD-A66U-01A,122.535416338725,150.203154550354,-79.9947081476776,1
TCGA-LD-A7W6-01A,96.6000841474703,159.041939882433,-52.3329055272199,1
TCGA-LD-A9QF-01A,74.9290320184688,146.254105672767,-51.5544104902609,1
TCGA-LL-A441-01A,98.7772991744123,170.650167271366,-19.9834156755672,1
TCGA-LL-A442-01A,76.6302378460902,130.314131899678,-20.2469645886222,1
TCGA-LL-A50Y-01A,70.0684966769759,165.859417310677,-82.3558783205557,1
TCGA-LL-A5YL-01A,79.1483462584893,153.683122459655,-37.6556987357047,1
TCGA-LL-A5YM-01A,74.2571049627859,157.089486421788,-57.7183716660768,1
TCGA-LL-A5YN-01A,104.312938224376,127.829203042515,-68.8569239216984,1
TCGA-LL-A5YO-01A,107.31549509842,125.541273131976,-64.0865925814686,1
TCGA-LL-A6FP-01A,113.186322927455,132.99928298827,-47.5403992133801,1
TCGA-LL-A6FQ-01A,80.4869212126205,144.999709767463,-86.6006398501382,1
TCGA-LL-A6FR-01A,54.2042381277632,146.299739829357,-19.0559775158052,1
TCGA-LL-A73Z-01A,116.595163865373,169.906009284633,-46.6401624301192,1
TCGA-LL-A740-01A,67.2526618245809,154.715317879452,-21.6535244017844,1
TCGA-LL-A7SZ-01A,108.121143567688,137.665850526225,-53.837184131775,1
TCGA-LL-A7T0-01A,115.95397980453,156.586264155194,-60.3315547528832,1
TCGA-LL-A8F5-01A,121.372641795085,129.716685502194,-51.6666730632745,1
TCGA-LL-A9Q3-01A,94.8999549940745,134.166894301655,-65.7684390548494,1
TCGA-LQ-A4E4-01A,127.977880929561,126.297361994588,-73.55245097633,1
TCGA-OK-A5Q2-01A,123.675821782087,161.459474367585,-64.7328428630176,1
TCGA-OL-A5D6-01A,57.6584524892444,147.486653627325,-64.6880148988375,1
TCGA-OL-A5D7-01A,109.995670510354,143.971213113593,-49.4680948915464,1
TCGA-OL-A5D8-01A,111.51115651646,137.034925034071,-57.0127367557638,1
TCGA-OL-A5DA-01A,109.613265419971,124.266868566865,-53.4084206080461,1
TCGA-OL-A5RU-01A,123.02151090746,166.107217644433,-59.3795675580442,1
TCGA-OL-A5RV-01A,102.710879220156,171.293715127966,-87.2729318686472,1
TCGA-OL-A5RW-01A,88.1516473968512,134.631783685292,-52.4720587550815,1
TCGA-OL-A5RX-01A,127.926041450608,134.211632544805,-80.5127870276528,1
TCGA-OL-A5RY-01A,66.1619783914034,131.734674635709,-83.7634170444678,1
TCGA-OL-A5RZ-01A,75.5043754443921,132.936076953661,-72.7655075244827,1
TCGA-OL-A5S0-01A,90.5495411699245,125.32145147091,-73.4710352215502,1
TCGA-OL-A66H-01A,119.00762754792,131.691795190558,-90.9363233613937,1
TCGA-OL-A66I-01A,97.3556493288207,136.353441188677,-62.2560849450472,1
TCGA-OL-A66J-01A,109.143072647729,122.527395885011,-72.1373864573143,1
TCGA-OL-A66L-01A,95.621696680967,126.544684665615,-67.2820520999541,1
TCGA-OL-A66N-01A,108.680561807083,165.67946575765,-92.1649823197769,1
TCGA-OL-A66O-01A,127.93375584952,148.328918893359,-53.0947585084342,1
TCGA-OL-A66P-01A,68.2779108752905,153.336984268679,-59.1916642013112,1
TCGA-OL-A6VO-01A,86.2470730796251,113.97773948426,-43.1313027950544,1
TCGA-OL-A6VR-01A,80.2959220525774,145.429218355349,-62.7554288964236,1
TCGA-OL-A97C-01A,78.2539078410487,138.921594398919,-77.9919154313269,1
TCGA-PE-A5DC-01A,100.552793309899,139.557942690929,-53.2653681039815,1
TCGA-PE-A5DD-01A,83.3048302713807,137.853733453926,-77.1639108169902,1
TCGA-PE-A5DE-01A,109.790982295947,142.072642502606,-42.5941930721714,1
TCGA-PL-A8LV-01A,107.030133963691,166.346383046172,-50.3213048961565,1
TCGA-PL-A8LX-01A,80.2962564699447,177.062562680997,-40.308812474799,1
TCGA-PL-A8LY-01A,98.2059264462294,125.276329056467,-64.4430183468775,1
TCGA-PL-A8LZ-01A,111.908290432927,158.794576583795,-88.8713198610418,1
TCGA-S3-A6ZF-01A,80.8271840416898,145.898762970871,-26.6064112600389,1
TCGA-S3-A6ZG-01A,101.034693891543,160.837543488019,-46.0138058588532,1
TCGA-S3-A6ZH-01A,69.5501597895657,126.96417680716,-73.6510257497205,1
TCGA-S3-AA0Z-01A,109.155030780017,173.130025524805,-57.8303164524845,1
TCGA-S3-AA10-01A,127.415478229753,185.122884347213,-28.4532450267192,1
TCGA-S3-AA11-01A,131.091854835931,137.831612258154,-83.9365106811123,1
TCGA-S3-AA12-01A,100.836984157987,134.050135157303,-58.2766606723488,1
TCGA-S3-AA14-01A,67.8491420114633,161.405103112459,-19.1455800808843,1
TCGA-S3-AA15-01A,103.416733775041,173.906054027301,-62.6847712369917,1
TCGA-S3-AA17-01A,106.165730059463,169.095790926091,-57.7066063016609,1
TCGA-UL-AAZ6-01A,78.8160521515847,163.141815209229,-82.6145230507883,1
TCGA-UU-A93S-01A,111.391349525014,117.678079553919,-44.9624183651186,1
TCGA-V7-A7HQ-01A,92.7549211795385,144.40179180602,-44.0723845388791,1
TCGA-W8-A86G-01A,78.6683163110035,121.601938589419,-77.7404901137922,1
TCGA-WT-AB41-01A,121.213568049187,119.12315674716,-81.3580392761911,1
TCGA-WT-AB44-01A,55.3477667043286,166.243309490689,-66.7180417695776,1
TCGA-Z7-A8R5-01A,88.3536343370479,156.309580906159,-59.3791563129263,1
TCGA-Z7-A8R6-01A,101.411452258521,163.974976886536,-52.7723043044831,1
TCGA-5L-AAT0-01A,-198.460885205552,274.435618942098,178.633972014652,2
TCGA-A1-A0SD-01A,-184.746876842386,262.303017661607,216.184120717383,2
TCGA-A1-A0SM-01A,-199.409663155845,238.721573980673,194.305648876861,2
TCGA-A2-A04R-01A,-203.705022752467,256.458483339876,225.40482323627,2
TCGA-A2-A04W-01A,-239.169865608763,235.697976520721,222.712779286848,2
TCGA-A2-A0CS-01A,-196.552499950772,249.821356783933,210.742427663686,2
TCGA-A2-A0SV-01A,-190.00777058114,237.458450410317,203.335017251849,2
TCGA-A2-A0T4-01A,-212.81833342226,246.928963267099,213.407074582947,2
TCGA-A7-A5ZW-01A,-222.267232161622,261.042756141743,197.094257416647,2
TCGA-A8-A085-01A,-208.14372503859,233.127561621879,214.144067730546,2
TCGA-AC-A2QI-01A,-195.509775535193,259.534361492512,179.727625463241,2
TCGA-AC-A3BB-01A,-233.833154213046,235.179731071377,180.449626211938,2
TCGA-AC-A3EH-01A,-216.618473817541,258.786507545623,197.007626464751,2
TCGA-AC-A5EH-01A,-237.392454622066,267.548267112415,198.448748690687,2
TCGA-AC-A6IX-01A,-220.847407435436,264.093651211144,197.993956307999,2
TCGA-AN-A0AL-01A,-210.377002600003,236.809104541157,206.163078083503,2
TCGA-AN-A0FD-01A,-199.176272431681,246.627060665939,173.813322290937,2
TCGA-AN-A0XV-01A,-217.073595887414,256.85303103316,208.299849164314,2
TCGA-AO-A03N-01B,-221.85162600785,262.002185182281,187.290334214501,2
TCGA-AO-A0J9-01A,-232.612212011302,252.37145867252,179.532108686874,2
TCGA-AO-A126-01A,-227.20648020016,255.982897420295,193.279949202253,2
TCGA-AO-A12G-01A,-225.600580015022,243.744068374743,183.467574135049,2
TCGA-AO-A1KT-01A,-189.906289659555,266.94672780568,193.843125337436,2
TCGA-B6-A0WW-01A,-189.643303264552,235.353947496905,194.326685916956,2
TCGA-B6-A0X7-01A,-233.534453625934,243.478503007609,193.369700845925,2
TCGA-B6-A40B-01A,-187.786087787955,229.916762975515,189.630571275647,2
TCGA-BH-A0AW-01A,-232.531771172351,252.23365842114,189.598194398405,2
TCGA-BH-A0B0-01A,-235.888087218264,270.353320692166,188.101491242271,2
TCGA-BH-A0GZ-01A,-202.898080279859,256.530029085104,207.345795263917,2
TCGA-BH-A0HA-01A,-220.410747725665,261.270751302693,197.014588319545,2
TCGA-BH-A0HF-01A,-219.350469811507,257.287179104624,188.543916072819,2
TCGA-BH-A18J-01A,-230.397236095337,242.045508367479,190.217705855354,2
TCGA-BH-A18K-01A,-205.096572275358,243.427006647607,208.941760662964,2
TCGA-BH-A18P-01A,-213.104560793903,258.612367791088,200.537611015719,2
TCGA-BH-A1ES-01A,-229.705410865858,254.831312505334,190.586498863041,2
TCGA-BH-A1EY-01A,-232.927028313495,259.846667318281,218.861579110124,2
TCGA-BH-A2L8-01A,-203.093540355128,241.808651706314,203.124436630613,2
TCGA-BH-A5J0-01A,-196.856576103079,262.997682048046,199.545092273919,2
TCGA-C8-A131-01A,-187.323546535378,262.451479527032,195.64335916913,2
TCGA-D8-A146-01A,-215.773963923989,246.592473750013,223.573456830156,2
TCGA-D8-A1JK-01A,-222.358773217904,250.808533735862,219.469909273478,2
TCGA-D8-A1XJ-01A,-196.29227241596,230.706508950818,202.362274864421,2
TCGA-D8-A1XU-01A,-189.195423383947,244.560747803421,199.236213252159,2
TCGA-D8-A73W-01A,-221.859758052015,230.950440495859,227.633366236066,2
TCGA-E2-A154-01A,-193.476369470872,265.290584065896,210.38249601001,2
TCGA-E2-A1IF-01A,-215.102881971937,267.450754753617,174.801387800647,2
TCGA-E2-A1IH-01A,-202.692161656708,230.238011740344,186.45378878173,2
TCGA-E2-A1L8-01A,-228.247501425105,241.922029498434,215.5497673512,2
TCGA-E2-A9RU-01A,-188.921330905505,220.398390931549,195.689639433058,2
TCGA-E9-A1NI-01A,-239.259454904564,236.704261994826,213.615486643767,2
TCGA-E9-A22B-01A,-183.24308312279,244.812743465665,197.4361060574,2
TCGA-E9-A2JS-01A,-229.771582453401,240.648419883371,220.670157010848,2
TCGA-EW-A424-01A,-184.429826703888,257.848901473542,191.989558242608,2
TCGA-GM-A2DA-01A,-229.25689910849,227.592586472168,190.871360703001,2
TCGA-GM-A2DH-01A,-192.897871311093,231.938490587987,209.918314474463,2
TCGA-MS-A51U-01A,-231.36261443657,251.155174618462,217.344209059612,2
TCGA-OL-A66K-01A,-216.098397873865,250.127733198034,223.55314943872,2
TCGA-4H-AAAK-01A,-208.417642593903,-427.742332447599,80.25577028707,3
TCGA-A1-A0SE-01A,-245.475832757783,-396.239547685935,36.1207547549072,3
TCGA-A1-A0SH-01A,-233.736065506717,-438.52092533221,87.4780138281126,3
TCGA-A1-A0SI-01A,-232.863477804753,-424.84294997957,102.239452658772,3
TCGA-A1-A0SN-01A,-222.225725700875,-412.062941142529,62.5647804372123,3
TCGA-A2-A04N-01A,-229.130373083986,-427.576445278704,81.4144532555043,3
TCGA-A2-A0CP-01A,-205.809122721728,-411.072339023403,104.597048389956,3
TCGA-A2-A0CZ-01A,-239.650209548903,-442.156120019044,81.3004062930693,3
TCGA-A2-A0EN-01A,-264.561669789866,-397.342257150873,75.9300899816239,3
TCGA-A2-A0EO-01A,-231.213320935184,-429.830169696693,82.4909491407452,3
TCGA-A2-A0EV-01A,-220.118847969578,-413.467306318503,65.3545851184149,3
TCGA-A2-A0EX-01A,-247.442728377194,-407.126961772905,95.0445850634773,3
TCGA-A2-A0SY-01A,-211.305532415319,-416.924382091664,74.1144492127455,3
TCGA-A2-A0T6-01A,-246.936984855427,-404.322598624128,87.2359228642077,3
TCGA-A2-A0T7-01A,-218.550092865289,-424.497887485649,81.1612458042362,3
TCGA-A2-A0YD-01A,-234.238223412078,-415.812892408288,86.1422631654881,3
TCGA-A2-A0YL-01A,-256.302748522792,-407.859066905948,10.3447179410061,3
TCGA-A2-A25B-01A,-224.616044134722,-400.946347144358,60.9540444978475,3
TCGA-A7-A0DB-01A,-257.66253111308,-397.938803318028,69.1810296799944,3
TCGA-A7-A0DB-01C,-222.424711234929,-389.543756458801,86.0670549497273,3
TCGA-A7-A13D-01A,-225.226761566,-403.185434128142,72.7967576939352,3
TCGA-A7-A13D-01B,-209.295978039373,-428.92786810394,78.3326763988379,3
TCGA-A7-A26E-01A,-229.049102173374,-384.951461488556,90.9543995883684,3
TCGA-A7-A26E-01B,-255.702463199689,-383.570342888337,77.8474091170713,3
TCGA-A7-A26G-01A,-241.489710192831,-394.266451538637,76.041975627136,3
TCGA-A7-A26H-01A,-232.357045854486,-400.410093451843,112.965070957387,3
TCGA-A7-A26I-01B,-255.452945480268,-439.601642657253,59.1718112306284,3
TCGA-A7-A26J-01A,-238.54413887248,-401.759998148977,68.8465051700157,3
TCGA-A7-A26J-01B,-221.111771551642,-427.856016910012,69.2416351763432,3
TCGA-A7-A2KD-01A,-232.39147378897,-390.011067418542,80.408177961016,3
TCGA-A7-A4SD-01A,-248.024329871985,-424.563795632549,62.713558221176,3
TCGA-A7-A6VX-01A,-224.400252382347,-404.275916599282,86.0801852660063,3
TCGA-A8-A06P-01A,-213.88276462983,-391.109289959466,78.7318724576919,3
TCGA-A8-A06R-01A,-203.478518305106,-436.389632593537,91.8453307693785,3
TCGA-A8-A076-01A,-220.52822003085,-412.863518751849,71.2001733579773,3
TCGA-A8-A07B-01A,-218.336748615073,-400.819621668469,104.514804321968,3
TCGA-A8-A07C-01A,-201.527213152787,-389.492657911107,63.8755045262661,3
TCGA-A8-A07G-01A,-258.291716274873,-402.286939052845,105.210081678325,3
TCGA-A8-A07I-01A,-180.145690281188,-433.877338708247,61.4788891751051,3
TCGA-A8-A07J-01A,-216.483615850072,-406.252014449845,94.1584243937755,3
TCGA-A8-A07W-01A,-220.697692402641,-395.731636993294,86.2831366177679,3
TCGA-A8-A084-01A,-246.265235626087,-426.006073995066,111.700058941326,3
TCGA-A8-A086-01A,-233.489875192567,-406.090882549205,79.0643955905294,3
TCGA-A8-A08H-01A,-250.552772370737,-428.5286598947,94.4394761814961,3
TCGA-A8-A08J-01A,-206.553515296165,-425.499618388196,91.6020480174706,3
TCGA-A8-A08S-01A,-238.193416865259,-420.23106333588,110.475357178346,3
TCGA-A8-A08X-01A,-259.376573925953,-419.496110394638,88.5886784258637,3
TCGA-A8-A08Z-01A,-230.603928805084,-442.17341367813,77.1031291384866,3
TCGA-A8-A090-01A,-220.297689072465,-404.827200283467,86.0424049429876,3
TCGA-A8-A093-01A,-240.392307271075,-395.062063682801,29.8837681296919,3
TCGA-A8-A096-01A,-210.451285599651,-416.657707002293,73.805605375934,3
TCGA-A8-A097-01A,-213.924593868892,-426.936340064467,105.055370367311,3
TCGA-A8-A09A-01A,-260.087689743482,-391.360262942886,101.321156926968,3
TCGA-A8-A09D-01A,-217.727156180341,-434.29152260049,82.0488630241841,3
TCGA-A8-A09I-01A,-203.1216451988,-427.167451686537,65.3132395418753,3
TCGA-A8-A09Q-01A,-228.040836046018,-406.412079869622,94.2434382821042,3
TCGA-A8-A09R-01A,-211.562104158594,-430.692176861342,68.0122525604715,3
TCGA-A8-A09T-01A,-220.972682000496,-422.529659704149,100.720084392478,3
TCGA-A8-A09V-01A,-230.401633275383,-394.617927631986,110.160745115631,3
TCGA-A8-A0A1-01A,-243.594876650823,-385.139345159139,108.934411669502,3
TCGA-A8-A0A2-01A,-255.869220898806,-387.432667173256,74.1584393689285,3
TCGA-A8-A0A7-01A,-221.506551489036,-427.150948996697,75.1839982542979,3
TCGA-A8-A0A9-01A,-244.070859779149,-414.333909269883,100.376228934222,3
TCGA-A8-A0AD-01A,-238.778873586268,-445.194878042476,67.2777273762348,3
TCGA-AC-A23C-01A,-251.069779716948,-369.236184487206,29.4179884646002,3
TCGA-AC-A23E-01A,-251.92014473047,-408.563051566169,101.794061579262,3
TCGA-AC-A23G-01A,-245.193632186738,-403.610261825836,56.8254746008005,3
TCGA-AC-A2B8-01A,-225.785309171658,-402.849116415155,65.5061186310415,3
TCGA-AC-A3HN-01A,-153.409656972915,-421.733429464914,30.1197795645252,3
TCGA-AC-A3W5-01A,-251.900448767811,-407.454724209567,84.8477396200049,3
TCGA-AC-A3YI-01A,-244.195509411832,-412.848925739891,93.8061665738556,3
TCGA-AN-A03X-01A,-258.724396302244,-406.695821673469,74.838125829675,3
TCGA-AN-A041-01A,-251.191774125687,-397.932642112685,69.7033746180795,3
TCGA-AN-A04A-01A,-245.895807410148,-419.232910353571,55.610526250391,3
TCGA-AN-A0AM-01A,-244.845206407785,-424.167435821524,102.182505032192,3
TCGA-AN-A0AS-01A,-224.973382533505,-417.883869191383,96.6457423077386,3
TCGA-AN-A0FN-01A,-241.195664279172,-434.905486181064,63.8909733296073,3
TCGA-AN-A0FV-01A,-207.623482861182,-435.799732448358,97.4071319200453,3
TCGA-AN-A0G0-01A,-226.301498021399,-396.535468476745,59.2343821664617,3
TCGA-AN-A0XN-01A,-255.908888381188,-408.790434884363,79.0880676232313,3
TCGA-AN-A0XS-01A,-223.144428772847,-425.942646076897,89.9331573684835,3
TCGA-AN-A0XW-01A,-228.854749286102,-438.231734353816,78.929713508218,3
TCGA-AO-A03L-01A,-189.809217871179,-408.110196149781,75.2689604049062,3
TCGA-AO-A03U-01B,-159.127725478127,-414.320515288276,58.3130196841508,3
TCGA-AO-A0J5-01A,-247.681441073135,-426.540176177894,72.0509021258647,3
TCGA-AO-A0J8-01A,-247.635198309414,-388.730172406682,77.786838651401,3
TCGA-AO-A0JA-01A,-253.032884910703,-392.991272011425,67.026925930035,3
TCGA-AO-A0JE-01A,-243.899398888155,-441.325283473493,94.5846888808903,3
TCGA-AO-A0JM-01A,-234.319280187125,-405.928745437329,81.0570313869396,3
TCGA-AO-A12C-01A,-249.696422647588,-422.301091406548,83.556667063597,3
TCGA-AO-A12D-01A,-170.962227111535,-425.498790553186,78.1111177937863,3
TCGA-AO-A12F-01A,-222.383458060424,-433.571591016982,66.2979594234483,3
TCGA-AQ-A04L-01B,-222.226700690083,-440.357380197067,92.879771300848,3
TCGA-AQ-A0Y5-01A,-221.104296913232,-437.287310716378,98.3200438249603,3
TCGA-AR-A1AL-01A,-233.368395891346,-386.294305574129,93.9635825045067,3
TCGA-AR-A1AN-01A,-241.686075052662,-421.312407477776,86.2764233265576,3
TCGA-AR-A1AO-01A,-212.523970634855,-401.17920710104,69.7773145328925,3
TCGA-AR-A1AS-01A,-197.730687543888,-431.743335850614,61.6379656019819,3
TCGA-AR-A1AU-01A,-230.5237513711,-392.125051013535,109.472923268683,3
TCGA-AR-A24L-01A,-241.400155875865,-426.143973453871,94.6987366720136,3
TCGA-AR-A24M-01A,-210.257867049427,-387.641952233275,98.2985883754946,3
TCGA-AR-A24N-01A,-208.221775038083,-433.062565080122,78.6008008704795,3
TCGA-AR-A24O-01A,-209.710584766515,-410.378142879905,79.9802165898644,3
TCGA-AR-A24P-01A,-241.457827950057,-432.620470294229,91.7546123594969,3
TCGA-AR-A24Q-01A,-253.545401897483,-417.436438985524,90.2340970018531,3
TCGA-AR-A24S-01A,-218.424810273711,-388.97971398596,80.1654706470283,3
TCGA-AR-A24T-01A,-256.176243162583,-405.604526247494,106.516993347249,3
TCGA-AR-A24V-01A,-251.655869858097,-418.27282394392,95.9564330429731,3
TCGA-AR-A24X-01A,-225.393894671019,-410.594917532159,78.1039397882464,3
TCGA-AR-A250-01A,-220.887264182142,-444.432861152094,93.6515198906539,3
TCGA-AR-A254-01A,-238.505654122285,-398.431581183317,78.5429446736165,3
TCGA-AR-A255-01A,-232.951813081453,-438.055211769839,110.774844304217,3
TCGA-AR-A2LK-01A,-215.44473334477,-418.503826921678,82.1505902174413,3
TCGA-AR-A2LM-01A,-214.928430667103,-423.683822606395,99.439780027582,3
TCGA-AR-A2LN-01A,-243.833282830415,-400.389661669482,72.8990509512488,3
TCGA-AR-A2LQ-01A,-225.357765973539,-413.135323545348,73.251256103752,3
TCGA-AR-A5QP-01A,-236.157925701622,-451.308302642577,71.6775560601477,3
TCGA-B6-A0I6-01A,-258.619382715282,-402.475606489813,79.3659412327888,3
TCGA-B6-A0RI-01A,-231.174219975972,-404.378410713114,59.1573170249456,3
TCGA-B6-A0RN-01A,-213.183170019741,-400.558477642704,81.9148379261986,3
TCGA-B6-A0RP-01A,-228.581966099682,-399.129491400108,90.0291501901912,3
TCGA-B6-A0WS-01A,-232.095994616215,-425.154438529762,62.2044421251554,3
TCGA-B6-A0WT-01A,-210.888958067169,-426.850375524379,106.773871726994,3
TCGA-B6-A0WX-01A,-254.376209252839,-445.683974584855,110.315997988487,3
TCGA-BH-A0AU-01A,-208.13787388725,-389.29922846645,107.181843019221,3
TCGA-BH-A0AV-01A,-251.24808624162,-441.74613720566,62.0763607592182,3
TCGA-BH-A0AY-01A,-250.045823781606,-412.004523939584,88.0431621735513,3
TCGA-BH-A0AZ-01A,-205.473783881691,-421.977188983438,74.4840149585051,3
TCGA-BH-A0B1-01A,-227.550873960698,-415.45425609547,61.2292898002791,3
TCGA-BH-A0B2-01A,-262.092760522935,-412.377955730561,95.16550854986,3
TCGA-BH-A0B3-01A,-261.057516212158,-410.062658879932,109.524392182478,3
TCGA-BH-A0B5-01A,-218.818064299645,-396.40700140267,14.2157116910119,3
TCGA-BH-A0BF-01A,-217.246806413546,-428.807889518296,56.9833153360689,3
TCGA-BH-A0BL-01A,-219.363426068076,-426.93928804318,56.4934026796057,3
TCGA-BH-A0BO-01A,-217.703917138222,-410.270245879487,69.4749887567212,3
TCGA-BH-A0BP-01A,-214.35036930446,-439.164193680013,75.2773614276425,3
TCGA-BH-A0BQ-01A,-251.496387182373,-430.298041456111,94.9935413169053,3
TCGA-BH-A0BR-01A,-222.232492897371,-406.071415593655,86.8198657283413,3
TCGA-BH-A0BV-01A,-258.272410702618,-391.136459849343,97.461178640143,3
TCGA-BH-A0C1-01B,-197.99142874123,-438.481735515787,48.8119735834718,3
TCGA-BH-A0C3-01A,-246.846564717194,-393.446043137777,103.943276361795,3
TCGA-BH-A0DG-01A,-246.925181351277,-422.983828350988,97.4835066718889,3
TCGA-BH-A0DI-01A,-215.115708873635,-422.600023946705,75.2160281982317,3
TCGA-BH-A0DP-01A,-217.841021429066,-436.073994715235,58.3332484591976,3
TCGA-BH-A0DQ-01A,-238.542335915924,-452.295280767872,67.4006989791599,3
TCGA-BH-A0DS-01A,-235.762076849958,-436.174544464851,90.8771520682799,3
TCGA-BH-A0DV-01A,-228.19680587106,-416.33602019653,85.0187853914209,3
TCGA-BH-A0DX-01A,-214.982554422763,-410.021085994969,54.6193796975042,3
TCGA-BH-A0DZ-01A,-258.19095082343,-413.263872400422,98.8233487279389,3
TCGA-BH-A0E2-01A,-178.466700159072,-421.568190375397,71.9170561771557,3
TCGA-BH-A0EB-01A,-206.943610648851,-436.533285298732,66.9858254218593,3
TCGA-BH-A0EI-01A,-219.375148075721,-431.586465217625,78.1950012236241,3
TCGA-BH-A0H3-01A,-251.647001324831,-411.041849630772,63.0980705232786,3
TCGA-BH-A0H7-01A,-241.220421545042,-400.33354411443,70.8246184575459,3
TCGA-BH-A0HQ-01A,-250.129949338498,-393.055590067585,58.9605828232816,3
TCGA-BH-A0HX-01A,-236.686214896323,-414.572688297851,63.6673789198538,3
TCGA-BH-A0HY-01A,-199.145842251583,-447.101970951147,77.5137276413392,3
TCGA-BH-A0W5-01A,-230.494694184694,-405.991267513999,108.708512676329,3
TCGA-BH-A0W7-01A,-220.832645418639,-408.228825951033,85.1472364258669,3
TCGA-BH-A18F-01A,-224.207379179879,-404.421283845588,53.0134645910777,3
TCGA-BH-A18I-01A,-204.825498900135,-419.497228146056,75.1802011079487,3
TCGA-BH-A18M-01A,-215.781261173149,-439.727200537361,107.589209953392,3
TCGA-BH-A18U-01A,-238.486687886269,-434.987455793547,64.4928171089665,3
TCGA-BH-A1EO-01A,-221.897250812624,-419.939769395317,109.421849096548,3
TCGA-BH-A1EV-01A,-255.804318417833,-435.591592609462,77.8403328677986,3
TCGA-BH-A1EX-01A,-253.687589300411,-414.652534490922,93.8953198969059,3
TCGA-BH-A1F2-01A,-234.447698336166,-406.846114401918,77.9659865674961,3
TCGA-BH-A1FB-01A,-214.715350855344,-432.200378638273,83.0712609457556,3
TCGA-BH-A1FE-01A,-226.093347203606,-393.790405925668,92.2079396709937,3
TCGA-BH-A1FH-01A,-210.753469224017,-405.017201995032,98.6097073472124,3
TCGA-BH-A1FM-01A,-242.43455057364,-430.964187780812,89.6748435289763,3
TCGA-BH-A1FU-01A,-260.692247161099,-396.709371855747,102.811232929552,3
TCGA-BH-A201-01A,-213.313773449363,-401.361211716436,108.764653724646,3
TCGA-BH-A202-01A,-203.40373978526,-434.415552602103,64.7819925254628,3
TCGA-BH-A208-01A,-228.365407982142,-440.327966294529,78.3405184626117,3
TCGA-BH-A28Q-01A,-224.768676708337,-399.333759362267,93.3749769140844,3
TCGA-BH-A6R9-01A,-219.971549255209,-422.907778729012,105.272152761888,3
TCGA-C8-A12N-01A,-254.389871575482,-435.404707253744,110.647686837826,3
TCGA-C8-A12O-01A,-229.059234167707,-424.04511142038,108.358655811754,3
TCGA-C8-A12P-01A,-227.670792264879,-432.677857768208,73.8896035477026,3
TCGA-C8-A12Q-01A,-223.59489296394,-423.270031899911,51.5226355679095,3
TCGA-C8-A12T-01A,-211.640418472894,-408.355972329058,107.579592011229,3
TCGA-C8-A12W-01A,-253.835930832986,-401.094295459647,81.2384227067323,3
TCGA-C8-A132-01A,-245.887424035577,-402.283695405521,72.9005150449048,3
TCGA-C8-A1HF-01A,-208.278963975803,-418.831236191668,79.6537351654625,3
TCGA-C8-A278-01A,-254.551174179905,-412.805912467827,76.6528216052595,3
TCGA-D8-A141-01A,-241.823175759308,-412.962385325211,81.6275439672337,3
TCGA-D8-A142-01A,-218.632045146094,-433.309563023082,54.0502564800083,3
TCGA-D8-A1J8-01A,-236.462534434775,-430.060662926068,102.938537398898,3
TCGA-D8-A1JD-01A,-236.59683154042,-431.013700790781,71.6190060596396,3
TCGA-D8-A1JE-01A,-220.460860849974,-446.753494741715,111.115987012762,3
TCGA-D8-A1JF-01A,-247.909196215645,-392.413666193754,76.1489168328219,3
TCGA-D8-A1JJ-01A,-254.374967402903,-414.507414233496,92.4270901060342,3
TCGA-D8-A1JP-01A,-219.875843569,-417.16148651287,69.3433738087419,3
TCGA-D8-A1JU-01A,-249.377972085788,-445.705872055587,71.3616515533061,3
TCGA-D8-A1X5-01A,-230.988262588283,-434.910244082059,96.2712684050354,3
TCGA-D8-A1X9-01A,-204.969476252649,-420.942964649063,105.060516703814,3
TCGA-D8-A1XB-01A,-258.659031484271,-435.319563842939,64.1361350900704,3
TCGA-D8-A1XD-01A,-222.307965106884,-405.091874824936,78.6846722102732,3
TCGA-D8-A1XM-01A,-214.129812445273,-391.882741875088,80.3907745643643,3
TCGA-D8-A1XO-01A,-253.354480510646,-433.892935282589,69.1718993235859,3
TCGA-D8-A1XS-01A,-205.531781878769,-414.08839333124,87.0937557244505,3
TCGA-D8-A1XT-01A,-259.463607562961,-414.975492323978,86.7468699466163,3
TCGA-D8-A1XY-01A,-210.64984682467,-425.415249697732,93.955478547907,3
TCGA-D8-A1Y1-01A,-253.249850818063,-430.180537410357,71.6443490652324,3
TCGA-D8-A1Y2-01A,-208.43368075756,-429.313504625085,59.6511753049165,3
TCGA-D8-A27G-01A,-238.163846282088,-442.101897021209,67.8603050776436,3
TCGA-D8-A27I-01A,-216.059534385297,-423.420271675767,64.3289799981652,3
TCGA-D8-A27L-01A,-258.058616166632,-407.271505232646,58.4311997843356,3
TCGA-D8-A27N-01A,-256.119205726277,-438.043688321872,90.524069747057,3
TCGA-D8-A27T-01A,-260.17691991045,-424.996341046464,65.0319605016459,3
TCGA-E2-A108-01A,-250.515151819629,-402.079773660006,92.5543428028235,3
TCGA-E2-A10B-01A,-235.234408199496,-382.103859873991,59.6889982745883,3
TCGA-E2-A10F-01A,-210.441713818653,-410.572515746242,86.8726074999918,3
TCGA-E2-A152-01A,-222.180393220456,-406.796231901397,106.464292964462,3
TCGA-E2-A153-01A,-225.457355234168,-405.633992179844,88.3792152987466,3
TCGA-E2-A15C-01A,-217.958029081355,-415.93241611427,106.422767370283,3
TCGA-E2-A15L-01A,-242.030133377995,-440.651035720422,90.3656859452978,3
TCGA-E2-A1B0-01A,-258.188316884959,-420.077768914818,117.313668501738,3
TCGA-E2-A1B1-01A,-218.63708900329,-438.368737270752,74.7371029883776,3
TCGA-E2-A1BC-01A,-229.694756599282,-407.442168072754,107.066370949328,3
TCGA-E2-A1IG-01A,-249.960307433,-415.288949916998,77.4168082843869,3
TCGA-E2-A1IJ-01A,-252.299344008644,-430.078016213451,56.530799518624,3
TCGA-E2-A1IN-01A,-227.053887038358,-421.647887661877,106.906888046518,3
TCGA-E2-A1IO-01A,-230.958480979406,-439.132841082216,57.8629507314879,3
TCGA-E2-A1L9-01A,-225.999478138368,-449.28108280972,65.2056621302694,3
TCGA-E2-A3DX-01A,-259.092899596661,-403.650276756727,78.9825688039626,3
TCGA-E2-A570-01A,-210.941424117489,-432.302290831789,73.9608899967163,3
TCGA-E9-A1N4-01A,-246.178192478575,-412.103248195315,62.9573417755198,3
TCGA-E9-A1N5-01A,-220.157392250803,-402.19297394558,84.9164624924529,3
TCGA-E9-A1N6-01A,-209.029690565026,-407.476727174707,80.2926218252639,3
TCGA-E9-A1NC-01A,-234.564539230557,-413.384353316212,100.228768996544,3
TCGA-E9-A1NF-01A,-224.012555814997,-420.561315722052,85.9998030483075,3
TCGA-E9-A1NG-01A,-236.006533551691,-449.598972700911,90.8582597054574,3
TCGA-E9-A1NH-01A,-241.410320788964,-430.083783053614,94.8352647029637,3
TCGA-E9-A1R3-01A,-242.604889478314,-445.476500405966,108.081623662621,3
TCGA-E9-A1R5-01A,-226.421279965771,-400.204320550803,107.519710390733,3
TCGA-E9-A1R6-01A,-227.511783829581,-384.206527041901,81.978722661988,3
TCGA-E9-A1RA-01A,-251.392102252122,-424.165216925991,67.4041013625766,3
TCGA-E9-A1RC-01A,-223.088873072311,-403.005023853246,89.693303382744,3
TCGA-E9-A1RF-01A,-231.517504220228,-403.861298968301,67.8569412589443,3
TCGA-E9-A1RH-01A,-230.582348037328,-423.541147758988,86.9310530527567,3
TCGA-E9-A1RI-01A,-213.931123815304,-431.486284315418,103.772786831222,3
TCGA-E9-A226-01A,-226.774819584923,-413.798534775422,104.74403751577,3
TCGA-E9-A229-01A,-237.781890108474,-433.958203269496,76.6563808070724,3
TCGA-E9-A22A-01A,-203.077812258517,-449.095201066752,87.6813872509142,3
TCGA-E9-A22E-01A,-218.978762827346,-405.512715114189,77.7188260232721,3
TCGA-E9-A24A-01A,-221.431703685124,-429.017663757475,69.7700783747643,3
TCGA-EW-A1IX-01A,-239.500869795364,-422.022552179035,100.752926265663,3
TCGA-EW-A1IY-01A,-213.967046683749,-438.693656973683,72.049070527023,3
TCGA-EW-A1J2-01A,-219.822156613432,-437.016809028741,101.928355646679,3
TCGA-EW-A1OW-01A,-234.592125190113,-429.725997439888,83.179807487775,3
TCGA-EW-A1P1-01A,-219.015482865628,-402.88188519131,70.6410956275011,3
TCGA-EW-A1PF-01A,-188.743356160293,-431.125036091592,27.1369512320807,3
TCGA-EW-A1PG-01A,-226.209978712471,-400.436600978756,78.4670325657648,3
TCGA-EW-A2FR-01A,-234.502911057804,-446.491065966448,87.3986489099485,3
TCGA-EW-A6S9-01A,-247.98908962202,-408.523106083719,100.933906131709,3
TCGA-EW-A6SC-01A,-224.038291182469,-432.257280449322,82.3167188190018,3
TCGA-GI-A2C8-01A,-263.011218735088,-451.533247403151,76.18475393468,3
TCGA-GM-A2DI-01A,-245.709646689512,-400.819976258094,75.9336536462426,3
TCGA-GM-A2DL-01A,-232.723394164631,-419.941934357422,74.0836445349066,3
TCGA-GM-A5PX-01A,-233.893822058807,-421.443450483092,73.6376721026653,3
TCGA-HN-A2OB-01A,-166.687683004553,-414.482023640848,62.3720491344244,3
TCGA-JL-A3YW-01A,-246.490753721537,-415.9364855941,114.869524104152,3
TCGA-LL-A440-01A,-167.307563438932,-435.502428980776,70.7351965357763,3
TCGA-XX-A89A-01A,-186.705147635971,-421.476083541918,28.2358350708416,3
TCGA-3C-AALK-01A,4.14161587922982,-255.178357308898,94.2768227803431,4
TCGA-A1-A0SB-01A,-10.3714689943471,-78.2326676323799,36.951756542132,4
TCGA-A2-A04Q-01A,71.6452393619309,-41.5062645472244,6.04025796020283,4
TCGA-A2-A04V-01A,119.592226662495,-54.9409172688312,-75.0513123231405,4
TCGA-A2-A0CL-01A,89.8420111021865,-59.9960083457126,-49.5924131823952,4
TCGA-A2-A0CX-01A,188.524442399184,87.8588261835206,81.0749806459815,4
TCGA-A2-A0EM-01A,100.811066583717,-38.8204221890205,-48.385021954493,4
TCGA-A2-A0EP-01A,-36.4246264524503,-100.500514450771,159.922114681618,4
TCGA-A2-A0EW-01A,-27.0848389928386,-107.085339367269,39.5300273835695,4
TCGA-A2-A0SW-01A,129.982163131001,-34.3041560273275,-31.1236793168217,4
TCGA-A2-A0T0-01A,-13.636070815884,-265.429932487463,94.151057800868,4
TCGA-A2-A0YH-01A,-18.0894394580983,-468.04858451071,223.588496681252,4
TCGA-A2-A0YJ-01A,16.7844620361552,-65.8172955630245,45.398026311323,4
TCGA-A2-A1FZ-01A,101.714475160717,-12.3213799795391,38.6166255760777,4
TCGA-A2-A25A-01A,-11.2284736177061,-91.3742186024693,67.3268337486885,4
TCGA-A2-A25C-01A,180.365479273848,60.1345789402953,91.8520165826528,4
TCGA-A2-A3XY-01A,-6.23506312543584,-97.54797319181,55.2641460877661,4
TCGA-A2-A4RX-01A,0.46727141271746,-84.1913227299987,76.072253884535,4
TCGA-A7-A26F-01B,126.65571747451,-67.3863104705807,-48.1042288154722,4
TCGA-A7-A5ZV-01A,44.135889352111,-47.6020053120224,22.8836710061385,4
TCGA-A7-A6VV-01A,-22.228299736973,-264.793428875845,64.8284016894933,4
TCGA-A8-A075-01A,98.6197350506192,-0.839201582300575,3.30008871816767,4
TCGA-A8-A07E-01A,10.160284340012,-94.4525011677358,39.8972760979586,4
TCGA-A8-A08O-01A,98.7415389201513,-69.7009294045841,-54.8656579986252,4
TCGA-A8-A08P-01A,100.957160911618,-54.7576875715101,-66.9134860908945,4
TCGA-A8-A08T-01A,184.411348466224,72.4806416992447,39.842391695422,4
TCGA-AC-A2FF-01A,-16.5954719268565,-70.0499275937729,45.4881677983992,4
TCGA-AC-A3W6-01A,-9.21696857227148,-251.584060152833,79.4400894139695,4
TCGA-AC-A6IV-01A,6.63610217973159,-94.174692653436,122.781716672062,4
TCGA-AN-A049-01A,79.5493123105367,-58.413216172587,-34.7493022304112,4
TCGA-AN-A0FX-01A,14.5113064313147,-101.962771085737,63.3991108184518,4
TCGA-AN-A0FY-01A,116.050344192952,-21.3999737396553,-46.1250653173839,4
TCGA-AO-A0JF-01A,-3.94324616059416,-63.5103199138229,48.715863864356,4
TCGA-AQ-A7U7-01A,-23.329721051546,-78.4503629163353,146.742349567973,4
TCGA-AR-A0TT-01A,108.074389758565,-54.5350298560768,-74.5880805011673,4
TCGA-AR-A24U-01A,50.8339101419524,-26.996433094872,1.07082376742265,4
TCGA-AR-A2LR-01A,113.233021282439,-37.5448087814238,-34.9276300707614,4
TCGA-B6-A0IH-01A,-9.63765459935859,-63.3504762490512,60.1597079615409,4
TCGA-B6-A40C-01A,-33.1371479868626,-93.839503618953,156.964892075638,4
TCGA-BH-A0BZ-01A,94.2407005774267,-35.1272637918308,39.3554678548709,4
TCGA-BH-A0GY-01A,50.9469469888663,-11.7653780668755,-7.59444616684175,4
TCGA-BH-A0H6-01A,66.1122871833417,16.6305825112951,7.78674774343563,4
TCGA-BH-A1FD-01A,-15.7055211857042,-483.564440271086,216.775231638871,4
TCGA-BH-A1FN-01A,119.828292480202,-56.6297831693618,-53.7493489772014,4
TCGA-BH-A8G0-01A,-17.9200011030426,-95.6601437581871,119.954461333857,4
TCGA-C8-A26X-01A,-38.2575129978884,-71.6900285707411,126.779374728774,4
TCGA-C8-A273-01A,-0.782851508532255,-84.1518239519466,110.732634850385,4
TCGA-C8-A8HR-01A,-22.4882343671562,-221.58688666807,90.6801326482831,4
TCGA-D8-A1J9-01A,70.8309292567631,-52.1497293257265,47.770050393554,4
TCGA-D8-A1JA-01A,100.762106030517,-60.9914400086479,-76.1501287566191,4
TCGA-D8-A1JH-01A,88.5866826398403,-39.9945988200709,24.6019706900329,4
TCGA-D8-A1XQ-01A,58.7909553161724,-20.2133516382779,-26.5223304098424,4
TCGA-D8-A1XZ-01A,76.0739467790352,-23.76915549535,6.986064429558,4
TCGA-D8-A27F-01A,9.58099285440114,-479.798232889131,228.263375979818,4
TCGA-D8-A27H-01A,-21.007117875738,-472.640711269816,243.131218981167,4
TCGA-D8-A27M-01A,-33.5299307138096,-466.187532237587,242.753038444612,4
TCGA-D8-A73U-01A,0.591739279287838,-92.4617953148396,114.289779587659,4
TCGA-D8-A73X-01A,65.8422798985639,-70.4164915127619,2.30221838681958,4
TCGA-E2-A10A-01A,94.3539784448532,-54.8338397367098,-60.5422260465235,4
TCGA-E2-A14Z-01A,29.2749444012234,-3.6255446480509,16.5052685730215,4
TCGA-E2-A150-01A,130.1258237439,-38.6728996302301,-64.4289362871064,4
TCGA-E2-A15A-01A,129.279262057573,-53.2108143126643,-44.8310092647576,4
TCGA-E2-A15E-01A,93.1024474648552,-44.2552822867309,-30.6638594133403,4
TCGA-E2-A15M-01A,103.24462822594,-66.4717615007996,-44.0842099857714,4
TCGA-E2-A1L7-01A,103.850396791657,-63.508745718677,-52.0026850757156,4
TCGA-E9-A1R0-01A,113.453668101235,-66.4806928026376,-75.9984602206345,4
TCGA-EW-A1P0-01A,91.5682262018815,-30.7429533644021,-45.3402963962431,4
TCGA-EW-A1P6-01A,80.0590506868199,16.1935730710427,-7.67020185287867,4
TCGA-LD-A74U-01A,-15.8059569486677,-112.680240859441,113.512828759728,4
TCGA-LL-A5YP-01A,79.671710289463,-21.9237337693802,-76.4661239880441,4
TCGA-LL-A73Y-01A,11.8166886828289,-107.20652828229,31.938794620358,4
TCGA-OL-A6VQ-01A,-5.58353131884502,-264.102017551643,90.9948282705077,4
TCGA-XX-A899-01A,-8.04585893993848,-67.6203057538871,135.311442889479,4
