Sample,X,Y,Z,Cluster
TCGA-3C-AALK-01A,150.374384262263,7.56517298815124,16.1876761327919,1
TCGA-4H-AAAK-01A,144.661347613019,-27.6556313510853,19.7003334879094,1
TCGA-5L-AAT0-01A,145.116648972192,-33.8564571937207,35.3766735464527,1
TCGA-5L-AAT1-01A,144.910605457152,12.8532377278965,23.6235237335693,1
TCGA-A1-A0SB-01A,136.87321927302,-17.7675261230297,52.6216463224925,1
TCGA-A1-A0SE-01A,131.884916210288,-14.8588381708153,39.4535345574955,1
TCGA-A1-A0SF-01A,144.354131420348,-18.2129350022072,27.0589778707801,1
TCGA-A1-A0SG-01A,150.918568606253,3.10392299837565,14.0604360196362,1
TCGA-A1-A0SI-01A,140.209711665428,14.8712238536864,19.1488591794447,1
TCGA-A1-A0SJ-01A,108.00088068287,-34.967787903699,-1.57465891950695,1
TCGA-A1-A0SK-01A,158.852952295942,9.4543982405589,28.6433895546815,1
TCGA-A1-A0SM-01A,122.842013193498,-36.5685738819523,-0.202939186631471,1
TCGA-A1-A0SN-01A,109.493930924618,-24.1625126177348,-0.00912265353876118,1
TCGA-A1-A0SO-01A,130.080287200716,-8.12357393623539,44.0072731214068,1
TCGA-A1-A0SP-01A,154.393706715304,17.0402734695067,19.7972173030642,1
TCGA-A1-A0SQ-01A,148.277628142807,19.7906336631996,24.2620707722373,1
TCGA-A2-A04N-01A,119.164683995188,-59.4594565259417,-3.66505709233181,1
TCGA-A2-A04P-01A,142.972227439078,-13.0781838934634,27.6297476078384,1
TCGA-A2-A04Q-01A,144.888471688375,20.6611084392614,28.7597732393548,1
TCGA-A2-A04R-01A,117.577851025849,-58.556750326695,-6.35175696646298,1
TCGA-A2-A04T-01A,162.003745744591,-22.5457100174645,37.7301753878416,1
TCGA-A2-A04U-01A,150.107467628279,-29.3100352352242,11.9679569245514,1
TCGA-A2-A04W-01A,152.520961369111,9.61975711081809,9.48071931754047,1
TCGA-A2-A04X-01A,143.722973600635,21.5606337980744,26.9474078637543,1
TCGA-A2-A04Y-01A,146.545228666523,20.9085158723322,26.8989166232747,1
TCGA-A2-A0CL-01A,139.138804058804,-25.4501814769952,55.0255163934856,1
TCGA-A2-A0CM-01A,124.671460789788,-41.4978965658744,-2.58810515909854,1
TCGA-A2-A0CO-01A,144.553321565574,-26.899326391313,28.1898010650932,1
TCGA-A2-A0CP-01A,143.816402430618,-34.4356182458424,23.859651928969,1
TCGA-A2-A0CS-01A,119.619248094601,-54.0282498045301,-5.4755270884919,1
TCGA-A2-A0CU-01A,148.066481764918,13.8186944909124,11.2221495485933,1
TCGA-A2-A0CV-01A,144.707252934135,-33.2870613975952,26.9999342679996,1
TCGA-A2-A0CX-01A,120.183185409986,-24.3923713503262,0.0649055465190459,1
TCGA-A2-A0CZ-01A,144.131303043377,-23.5615610316521,29.3210386037426,1
TCGA-A2-A0D0-01A,130.795196616276,-39.8907417237131,6.82086094233862,1
TCGA-A2-A0D1-01A,148.346971661422,7.09135152509416,5.20352933019533,1
TCGA-A2-A0D2-01A,159.891901135567,8.13015328325392,30.7828330543182,1
TCGA-A2-A0D3-01A,145.814017188853,-26.2901812905747,43.932796434963,1
TCGA-A2-A0EM-01A,138.42985898485,14.5855580876402,18.0475085357385,1
TCGA-A2-A0EN-01A,148.523267370903,-27.596473806073,21.9386751462993,1
TCGA-A2-A0EP-01A,144.335019338198,-27.1803574068559,26.8364387317903,1
TCGA-A2-A0EQ-01A,143.861703257611,25.4318478864484,28.6084304452244,1
TCGA-A2-A0ER-01A,143.722171498015,21.6249154309936,27.8072419597294,1
TCGA-A2-A0ES-01A,136.485836845454,-15.4136843232849,51.034598131811,1
TCGA-A2-A0ET-01A,129.500228788716,-12.233927007327,40.5290575953503,1
TCGA-A2-A0EU-01A,147.858986986959,18.7863156172469,24.17938673925,1
TCGA-A2-A0EW-01A,139.294916099479,-12.4108065233507,49.366705372999,1
TCGA-A2-A0EX-01A,-66.6649889980044,157.189705782661,66.6818136810616,1
TCGA-A2-A0EY-01A,116.456966756612,-28.6073417877181,2.17452451934629,1
TCGA-A2-A0ST-01A,159.394134385918,9.02168547830713,29.6575441734616,1
TCGA-A2-A0SU-01A,129.534112216325,-14.0428838258541,38.7721185489078,1
TCGA-A2-A0SW-01A,148.053635921608,11.9616669712416,4.83204629930211,1
TCGA-A2-A0SX-01A,146.873007165481,-17.7731402891467,42.9659047731521,1
TCGA-A2-A0SY-01A,147.892350383969,-19.8439045991056,22.1720267330478,1
TCGA-A2-A0T1-01A,155.457268841461,14.1803069500558,16.104537989731,1
TCGA-A2-A0T3-01A,150.70976954299,-26.3779930036313,14.8927590985895,1
TCGA-A2-A0T5-01A,135.015113876158,-30.6011348712096,16.7657924989606,1
TCGA-A2-A0T6-01A,147.165163143173,-30.6919208423699,45.1404215544911,1
TCGA-A2-A0T7-01A,110.367160838637,-54.0382295143233,-11.9462292036663,1
TCGA-A2-A0YC-01A,139.631754093592,16.6515624090034,19.2822349635231,1
TCGA-A2-A0YD-01A,150.53471511669,-24.5026370302011,60.0041935755175,1
TCGA-A2-A0YG-01A,124.621113065401,-28.7192983242986,9.84578983171757,1
TCGA-A2-A0YH-01A,116.900080944717,-43.6412829512544,-1.40148862912915,1
TCGA-A2-A0YI-01A,146.884467712605,-19.6243508078974,43.9607152737776,1
TCGA-A2-A0YJ-01A,123.337709677657,-43.8250090787075,-1.74660810333112,1
TCGA-A2-A0YK-01A,142.874295196933,-27.1434327085987,58.0432562689114,1
TCGA-A2-A0YL-01A,145.840299729018,-26.3228133121292,43.9233736127281,1
TCGA-A2-A0YM-01A,129.546712700583,-12.2859813939746,40.5685049325493,1
TCGA-A2-A0YT-01A,151.416108144886,10.2544129172106,9.68321051935583,1
TCGA-A2-A1FV-01A,158.191096472734,-33.865877454842,45.2186550465724,1
TCGA-A2-A1FX-01A,116.649576606926,-55.3602298097915,-7.33089168598157,1
TCGA-A2-A1FZ-01A,144.592304970062,7.45832792864113,25.5643475875876,1
TCGA-A2-A1G0-01A,138.21781600168,-19.5485909818613,53.3898673504393,1
TCGA-A2-A1G6-01A,147.768182241464,-28.2926226273501,56.7061049761056,1
TCGA-A2-A259-01A,129.757315094176,-43.2087836283602,3.79482206460295,1
TCGA-A2-A25A-01A,147.997603034774,-28.0087488611387,57.2046097438278,1
TCGA-A2-A25B-01A,149.189848006559,21.352398053676,24.7558573570173,1
TCGA-A2-A25D-01A,147.168926511256,-33.6726763571793,11.0330505943575,1
TCGA-A2-A25E-01A,154.273170416876,10.3673662209833,18.0426720266501,1
TCGA-A2-A25F-01A,133.615314826248,-14.7669855053546,40.2863562518855,1
TCGA-A2-A3KC-01A,152.613581095729,-33.7050646447976,44.0010843410981,1
TCGA-A2-A3XS-01A,116.154649767261,-56.4153026475593,-3.41548240150613,1
TCGA-A2-A3XT-01A,119.816841401721,-30.9581627637304,4.45300445930352,1
TCGA-A2-A3XU-01A,122.465850307816,-44.9315292336839,-3.79358061855871,1
TCGA-A2-A3XW-01A,149.512612377193,-32.7188231736566,14.0642873963137,1
TCGA-A2-A3XX-01A,129.680384422934,-49.984298754586,14.1567559786748,1
TCGA-A2-A3XY-01A,121.561066712145,-21.1444706415775,36.8529280544517,1
TCGA-A2-A3XZ-01A,110.609074970287,-26.04458627043,1.31279139273773,1
TCGA-A2-A3Y0-01A,123.154043761872,-32.323504861824,4.1380132905007,1
TCGA-A2-A4RW-01A,144.107005067383,-21.5150622614572,29.588689762754,1
TCGA-A2-A4RX-01A,128.702020482774,-42.7286151082151,-0.430538688816918,1
TCGA-A2-A4RY-01A,144.817007343334,-29.1442244123297,29.6577828097274,1
TCGA-A2-A4S0-01A,123.181186754758,-17.6172955129956,31.5189457254096,1
TCGA-A2-A4S2-01A,131.337003892226,-28.0194434557465,13.1762058583977,1
TCGA-A7-A0CD-01A,144.692417561856,-33.2982893723476,26.9601841094123,1
TCGA-A7-A0CE-01A,129.987256573557,-14.7905064162688,44.4906366414025,1
TCGA-A7-A0CG-01A,149.967520160434,-26.5039042582182,53.0983466757902,1
TCGA-A7-A0CH-01A,137.124445353959,11.7371906090892,19.0666995938496,1
TCGA-A7-A0D9-01A,154.83438398977,11.9059892771786,17.7079958384234,1
TCGA-A7-A0DA-01A,158.764576088073,-23.1950713461875,39.4592724366699,1
TCGA-A7-A0DB-01A,144.781963357037,-13.4976653608852,54.7656277486284,1
TCGA-A7-A0DB-01C,159.36897808776,-34.6672658246412,45.0533673576783,1
TCGA-A7-A0DC-01A,136.144268762054,0.950282863968321,41.1314325256194,1
TCGA-A7-A0DC-01B,145.716126121379,-15.1914605277984,54.767004115451,1
TCGA-A7-A13D-01A,125.969593224938,-41.3519276982098,-0.786809847923982,1
TCGA-A7-A13D-01B,129.435534185614,-41.5352466281648,4.26174644162547,1
TCGA-A7-A13E-01A,145.670078833931,-25.7442599441393,42.7399697697692,1
TCGA-A7-A13E-01B,160.080977391909,-34.7907163876406,45.1009911333138,1
TCGA-A7-A13F-01A,117.622252245863,-44.7245590230216,-2.58707810259988,1
TCGA-A7-A13G-01B,147.55626057338,-28.4374830268252,58.9089110583335,1
TCGA-A7-A13H-01A,146.271364632144,6.91489641983725,24.7597863340444,1
TCGA-A7-A26E-01A,116.818338784556,-19.3374726523306,35.4840875436526,1
TCGA-A7-A26E-01B,158.70770449254,-34.8182119493288,44.3964271523854,1
TCGA-A7-A26F-01B,129.873871861553,-10.8462330114479,35.0059177682002,1
TCGA-A7-A26G-01A,144.961746282911,-13.9569464685682,49.9376310594346,1
TCGA-A7-A26H-01A,149.953211274714,-27.472363498723,52.4866913085737,1
TCGA-A7-A26I-01B,132.675420372904,-14.594825069186,40.5343578480524,1
TCGA-A7-A26J-01B,159.347133845168,-34.5675824504691,45.5340417085827,1
TCGA-A7-A2KD-01A,122.382837754933,-27.1549752709066,12.0896614554454,1
TCGA-A7-A3IZ-01A,145.283571369866,-14.9240355475276,50.198723710235,1
TCGA-A7-A3J0-01A,120.559171512992,-53.7476277952716,-5.55382717448628,1
TCGA-A7-A3J1-01A,142.546139186676,-27.2544011019656,54.5993821272814,1
TCGA-A7-A3RF-01A,116.855670070402,-43.5737089698199,-1.3381579182646,1
TCGA-A7-A426-01A,144.361811681398,-33.5371166852914,35.5738277857914,1
TCGA-A7-A4SA-01A,107.939982290816,-23.8300079853516,8.28505355761762,1
TCGA-A7-A4SC-01A,114.27618638978,-57.4970109331287,-10.4452163307663,1
TCGA-A7-A4SD-01A,121.40028950405,-18.4314496354607,38.5156105258421,1
TCGA-A7-A4SE-01A,116.661060234356,-55.551188813336,-7.21413696537257,1
TCGA-A7-A5ZW-01A,156.258596767384,-23.4143850218307,42.269039566246,1
TCGA-A7-A5ZX-01A,146.676572713413,-34.3203895129667,34.8976890420664,1
TCGA-A7-A6VV-01A,153.536659724194,17.7127639716654,21.036310852928,1
TCGA-A7-A6VX-01A,120.8242314218,-30.6712463070142,5.78982801468276,1
TCGA-A7-A6VY-01A,152.95110178955,7.85745057910131,7.26074738264165,1
TCGA-A8-A06O-01A,152.240243766763,8.66882306590305,9.29650724744909,1
TCGA-A8-A06P-01A,141.190543441957,-11.3357367575659,48.9639249872622,1
TCGA-A8-A06Q-01A,148.983503897433,11.2622413036448,4.03495206481676,1
TCGA-A8-A06R-01A,148.592557761728,-31.6695056128951,20.6391318281746,1
TCGA-A8-A06T-01A,143.659977859048,21.5936933770452,27.2187790841069,1
TCGA-A8-A06U-01A,109.954939951468,-22.8532046574887,1.00364181864929,1
TCGA-A8-A06X-01A,137.987527978188,-27.9765011913129,18.242925059631,1
TCGA-A8-A06Y-01A,116.798767370666,-55.7008562368675,-7.18684980281636,1
TCGA-A8-A06Z-01A,157.261430646149,16.1535024961324,12.6739720251373,1
TCGA-A8-A075-01A,129.896271991006,-40.9264889114698,5.44028562090828,1
TCGA-A8-A076-01A,106.871369679854,-29.0898544484374,-1.67263607587604,1
TCGA-A8-A079-01A,126.005238630808,-42.7007936599331,-3.21781821406913,1
TCGA-A8-A07C-01A,158.725783862382,9.68138037526458,28.2484216535194,1
TCGA-A8-A07E-01A,132.771504087851,-14.83460178635,39.6677469138917,1
TCGA-A8-A07F-01A,144.489635047286,7.50969102695484,25.6043747185604,1
TCGA-A8-A07G-01A,139.763546099735,14.0934845166416,18.3404790237748,1
TCGA-A8-A07I-01A,156.742762712087,11.6076145338002,9.59076526430578,1
TCGA-A8-A07J-01A,145.05562876865,-21.3710130929844,50.2784892609755,1
TCGA-A8-A07O-01A,129.222273305696,-50.6655672182642,12.7371423217542,1
TCGA-A8-A07P-01A,115.983728079659,-46.2905218980185,-10.2056257879555,1
TCGA-A8-A07R-01A,128.806127757711,-50.6117607362187,11.1908719054232,1
TCGA-A8-A07S-01A,141.130722451743,-11.4602124994702,49.0253952890473,1
TCGA-A8-A07U-01A,123.553948011891,-24.5494002279348,1.71212576249802,1
TCGA-A8-A07Z-01A,108.231460964735,-25.512564876986,7.52772217873418,1
TCGA-A8-A081-01A,106.420845083968,-26.2685352181524,-2.21038675671591,1
TCGA-A8-A083-01A,154.220399261365,9.42572396827723,14.6641510145859,1
TCGA-A8-A085-01A,132.125183092188,-27.980704714226,13.6750661452944,1
TCGA-A8-A086-01A,120.063314294699,-19.5478253204332,36.7662252354469,1
TCGA-A8-A08A-01A,128.829938070872,-14.3465832583876,37.1329884699068,1
TCGA-A8-A08C-01A,140.257410539146,-27.3524114453725,63.4745618870681,1
TCGA-A8-A08F-01A,122.553569001259,-16.8172339417994,36.9666367172863,1
TCGA-A8-A08H-01A,156.646982646902,15.8039714641438,14.5043312477217,1
TCGA-A8-A08I-01A,152.402434387915,7.01413692403275,6.60256168848137,1
TCGA-A8-A08J-01A,117.696732762832,-29.2728277520313,3.17783347577031,1
TCGA-A8-A08L-01A,153.402577311467,6.75405287070552,8.34790640192758,1
TCGA-A8-A08O-01A,139.103551242666,14.6888367842495,18.4428696590071,1
TCGA-A8-A08P-01A,149.011373181233,-30.3732959086951,10.5902359706879,1
TCGA-A8-A08R-01A,149.570060847877,-32.0751693821644,20.8293390008136,1
TCGA-A8-A08S-01A,116.472120054878,-47.4062856604872,-6.51149164624567,1
TCGA-A8-A08T-01A,112.05468867964,-54.7441088611428,-11.2028742880283,1
TCGA-A8-A08X-01A,126.659054734369,-36.0826772820126,0.504033557608642,1
TCGA-A8-A08Z-01A,143.621366644187,-14.4298830144672,53.7034147260757,1
TCGA-A8-A090-01A,118.603604348016,-18.4226834289765,33.483900938761,1
TCGA-A8-A091-01A,150.780670968003,-31.0610491626161,50.1165596990238,1
TCGA-A8-A092-01A,123.146942804429,-17.6340510342856,31.5311527561453,1
TCGA-A8-A094-01A,110.458361645352,-23.827114017784,1.38973806728508,1
TCGA-A8-A095-01A,145.060703700674,-14.5111296543249,50.2571636725296,1
TCGA-A8-A096-01A,131.598079719399,-14.7142950698315,39.3484935691297,1
TCGA-A8-A097-01A,137.694885300049,14.5564068268605,17.9459992375315,1
TCGA-A8-A09A-01A,155.721791406245,-34.7622334986799,39.2902066358063,1
TCGA-A8-A09B-01A,128.518240989438,-14.9062969468143,36.9350967648333,1
TCGA-A8-A09E-01A,121.719504312152,-45.2231906021471,-3.92330221515637,1
TCGA-A8-A09G-01A,148.560420763525,11.7657215282129,-0.132930287411542,1
TCGA-A8-A09I-01A,149.749591494505,6.33095536007227,6.08158613123531,1
TCGA-A8-A09K-01A,147.80617221759,13.9243002691283,11.3050944434048,1
TCGA-A8-A09N-01A,144.864122428924,21.079448385482,28.3194483163059,1
TCGA-A8-A09Q-01A,125.934354445099,-41.3650615969991,-1.57366909724904,1
TCGA-A8-A09R-01A,153.537634395065,-35.5518202732834,36.2433494888895,1
TCGA-A8-A09T-01A,153.479046414643,17.8036433411187,21.1166221419053,1
TCGA-A8-A09V-01A,148.704846986029,-27.6231962660313,57.7508660025052,1
TCGA-A8-A09X-01A,109.828736574548,-35.9313683429396,-5.53716921510172,1
TCGA-A8-A09Z-01A,108.215437690728,-25.730823376047,6.95074260216631,1
TCGA-A8-A0A1-01A,139.072305481037,13.3765243349751,17.9202813190178,1
TCGA-A8-A0A2-01A,114.063898858743,-57.0909005033679,-10.7378946514399,1
TCGA-A8-A0A4-01A,148.080782302281,-31.0334825732041,46.4603048998461,1
TCGA-A8-A0A9-01A,126.489054052319,-38.4936422410919,-0.167115211124302,1
TCGA-A8-A0AB-01A,126.545980841641,-16.0736769640182,44.5661189972576,1
TCGA-A8-A0AD-01A,130.697071648542,-10.5399899782083,35.5882705467384,1
TCGA-AC-A23C-01A,140.627503494418,14.4987612436618,19.7351811012767,1
TCGA-AC-A23E-01A,125.292731045964,-17.9823472940253,44.0269742911041,1
TCGA-AC-A23G-01A,144.899894673559,-28.8798893351304,25.0360858995693,1
TCGA-AC-A23H-01A,106.537151060355,-29.9963456313325,-1.57302253521636,1
TCGA-AC-A2B8-01A,149.96276809304,-26.6560970240318,52.9854537523009,1
TCGA-AC-A2BK-01A,159.258130627739,-29.2772919652968,37.998645035812,1
TCGA-AC-A2BM-01A,128.062126660665,-10.6511254583656,42.824007969147,1
TCGA-AC-A2FB-01A,125.645211692044,-17.258573224945,44.6150787288449,1
TCGA-AC-A2FE-01A,148.105359729612,-27.6690801546064,21.9623456439821,1
TCGA-AC-A2FF-01A,140.350005341464,-25.4299587129526,57.8852016446497,1
TCGA-AC-A2FG-01A,142.955105544119,-26.4119036855406,56.9343335418356,1
TCGA-AC-A2FK-01A,141.189804426666,-27.8273357675734,59.2589054997324,1
TCGA-AC-A2FM-01A,148.70125972369,-31.9000921385645,10.9583085685824,1
TCGA-AC-A2FO-01A,138.071229700649,-15.63492884493,53.0259800614512,1
TCGA-AC-A2QH-01B,125.626575224553,-17.1433844474535,44.4171607404893,1
TCGA-AC-A2QI-01A,146.269627516357,-22.0946491339342,44.452431799944,1
TCGA-AC-A2QJ-01A,148.035102602102,-30.7493396856997,9.67998986870237,1
TCGA-AC-A3BB-01A,145.859564960511,-28.6287732937004,20.2245947296069,1
TCGA-AC-A3HN-01A,145.447492220447,-20.5632563282124,49.5400861120293,1
TCGA-AC-A3OD-01B,157.309925062955,-33.1615913436182,46.8734453190852,1
TCGA-AC-A3QP-01A,148.529075658278,-34.0286203744285,9.94284517355609,1
TCGA-AC-A3QQ-01B,157.719035917203,-33.584200811778,46.05486172338,1
TCGA-AC-A3W5-01A,150.924982184565,3.1275850359309,14.0891063824138,1
TCGA-AC-A3W6-01A,148.316106674861,-17.8964422032112,24.1098218359027,1
TCGA-AC-A3W7-01A,146.213851198922,-22.3188387396198,44.4173077854442,1
TCGA-AC-A3YI-01A,149.300878150918,-23.8623909457083,58.8516695195596,1
TCGA-AC-A4ZE-01A,117.667784264604,-58.3309233594733,-6.46464890473796,1
TCGA-AC-A5EH-01A,124.612053798884,-28.6406991517534,8.36903617576583,1
TCGA-AC-A5XU-01A,134.970557448986,-30.2457195404598,16.3215585816972,1
TCGA-AC-A6IV-01A,148.524819674625,-34.8956185372664,34.171364194336,1
TCGA-AC-A6IW-01A,122.063994352274,-47.0413411633474,-5.26310656255607,1
TCGA-AC-A6NO-01A,149.953259784392,-35.3923998101137,34.3385736688282,1
TCGA-AC-A7VB-01A,152.811460644789,9.54917659615309,9.65230056388582,1
TCGA-AC-A7VC-01A,121.813885509715,-19.2661507235723,33.9593029273548,1
TCGA-AC-A8OP-01A,145.950513204722,-28.4788554685835,19.9584692815569,1
TCGA-AC-A8OQ-01A,110.703753967654,-54.1920100708503,-11.7859600466217,1
TCGA-AC-A8OR-01A,144.701707995248,-31.8421145584796,23.6646795365353,1
TCGA-AC-A8OS-01A,142.952912310342,-28.333571601222,53.0648143788109,1
TCGA-AN-A03X-01A,117.592496545218,-46.7053713436607,-5.61094159819353,1
TCGA-AN-A03Y-01A,116.890812634631,-47.2273322611817,-6.31796157894085,1
TCGA-AN-A041-01A,151.16401975154,-25.475554255658,16.5987992126499,1
TCGA-AN-A046-01A,118.175614202067,-45.532830763338,-3.76223617562081,1
TCGA-AN-A04A-01A,120.503736355576,-23.7602341251813,1.8632821305481,1
TCGA-AN-A0AL-01A,148.21257173153,12.5027964237673,6.57197961537807,1
TCGA-AN-A0AM-01A,152.028007854325,7.68368498954685,5.34658582744044,1
TCGA-AN-A0AR-01A,127.778372017196,-13.4713658626531,35.4435023321616,1
TCGA-AN-A0AS-01A,126.450511137085,-40.0174961547861,-0.293559165670898,1
TCGA-AN-A0FD-01A,148.327835384626,-31.9805967651242,10.8065169829272,1
TCGA-AN-A0FF-01A,141.338127318681,14.7501251585133,20.343033443087,1
TCGA-AN-A0FJ-01A,153.483855708587,15.6172745795328,17.3088910930741,1
TCGA-AN-A0FL-01A,143.057983651231,16.0059629102356,20.8498248178605,1
TCGA-AN-A0FN-01A,148.181551788007,-18.7858764180698,52.0785778823138,1
TCGA-AN-A0FS-01A,150.13003215607,-28.9280806001203,51.7584691077873,1
TCGA-AN-A0FT-01A,114.066452357417,-45.5625316514287,-8.17147154140158,1
TCGA-AN-A0FV-01A,118.553292995182,-28.5147249895701,3.3328974675472,1
TCGA-AN-A0FW-01A,119.396001052189,-58.6641704816966,-6.84694608097913,1
TCGA-AN-A0G0-01A,146.37625233265,22.0168058259451,27.5773596567507,1
TCGA-AN-A0XN-01A,123.720568744187,-29.9551112907257,9.79053118518595,1
TCGA-AN-A0XO-01A,122.482919649675,-44.4515227873252,-3.40522958949387,1
TCGA-AN-A0XP-01A,145.371665283542,12.206450958071,22.828727615389,1
TCGA-AN-A0XS-01A,122.624998450343,-30.816330106525,9.09861897430239,1
TCGA-AN-A0XT-01A,147.189581662813,-30.6047581355479,20.7958707056441,1
TCGA-AN-A0XU-01A,129.814710605343,-41.0933167746243,5.34443037891027,1
TCGA-AN-A0XV-01A,133.812810987085,-4.31791821106489,42.6188225325731,1
TCGA-AO-A03M-01B,148.063653059591,9.37665013482169,3.04763877729762,1
TCGA-AO-A03O-01A,147.673710863494,11.7917759969856,0.99938667097963,1
TCGA-AO-A03P-01A,122.240816557889,-46.3348455724817,-4.76454846366812,1
TCGA-AO-A03R-01A,123.009293695357,-51.8773803400004,-9.06832940643411,1
TCGA-AO-A03T-01A,108.054578451639,-25.2709143893742,5.71093423078115,1
TCGA-AO-A03U-01B,128.194902496,-40.8391192750024,1.2439941289842,1
TCGA-AO-A0J2-01A,153.057250460417,9.86129448814253,6.1921502778559,1
TCGA-AO-A0J5-01A,145.336542095827,-21.1393743187506,47.8473233613345,1
TCGA-AO-A0J7-01A,134.617275413378,-30.6678239863075,15.8843768117364,1
TCGA-AO-A0J8-01A,140.959918786163,13.8430395087746,21.2460531927392,1
TCGA-AO-A0J9-01A,123.323320291602,-51.699012589596,-9.26109904170915,1
TCGA-AO-A0JB-01A,132.295138765427,-27.9891874787788,13.787642498661,1
TCGA-AO-A0JC-01A,159.190115336262,-23.4111928435371,39.4187813075966,1
TCGA-AO-A0JD-01A,120.968960123416,-24.4952126675177,-0.544882391821172,1
TCGA-AO-A0JE-01A,105.655029672295,-31.7035253398986,-1.44722397861774,1
TCGA-AO-A0JF-01A,139.885146968113,-12.1334935031862,49.2448102308312,1
TCGA-AO-A0JG-01A,151.917523468409,-25.2434236969315,15.4093912106088,1
TCGA-AO-A128-01A,121.453261535156,-19.3176581414656,40.7500719970018,1
TCGA-AO-A12A-01A,114.711215229486,-55.5482902829865,-9.27671554851306,1
TCGA-AO-A12C-01A,138.27177509358,-29.1070116313339,20.5686275212892,1
TCGA-AO-A12D-01A,157.252931350717,16.2689845897045,12.8622770322938,1
TCGA-AO-A12E-01A,153.174385219903,10.1512523608912,7.11384622197996,1
TCGA-AO-A12F-01A,124.309524803178,-57.8736039668395,4.14099204581861,1
TCGA-AO-A12G-01A,144.090966300927,-19.3761962519129,27.405561282801,1
TCGA-AO-A1KO-01A,140.818718600706,-26.812698003616,62.1606953902175,1
TCGA-AO-A1KQ-01A,109.283507386967,-34.9323797967177,-3.4460807257248,1
TCGA-AO-A1KR-01A,157.312470979197,7.39442063048632,30.6217935482888,1
TCGA-AO-A1KS-01A,130.038659910089,-8.23451297025266,43.9421024952857,1
TCGA-AQ-A04H-01B,130.304574859544,-14.3141098814036,38.9039185552345,1
TCGA-AQ-A04J-01A,154.767364117274,11.2725700291313,17.7553267583203,1
TCGA-AQ-A0Y5-01A,122.931802288358,-24.222198990036,1.75777358508941,1
TCGA-AQ-A1H2-01A,136.402450033307,-28.7527346675082,17.1757147736187,1
TCGA-AQ-A1H3-01A,141.898663670375,-26.2068756238327,59.1377014396145,1
TCGA-AQ-A7U7-01A,137.01050435413,-16.7742145001816,52.0533508156571,1
TCGA-AR-A0TP-01A,150.274285736664,-24.3425679865812,59.5719632324619,1
TCGA-AR-A0TQ-01A,154.968893692404,12.612471222585,11.5901969821422,1
TCGA-AR-A0TR-01A,145.733954629918,-16.0499322314549,49.6515276405451,1
TCGA-AR-A0TT-01A,129.572399920612,-14.0748587246072,43.9628234917264,1
TCGA-AR-A0TU-01A,153.42013837225,15.5063736503146,24.6699411770795,1
TCGA-AR-A0TV-01A,121.286823220615,-19.1176785300374,33.4484358682595,1
TCGA-AR-A0TX-01A,151.511333702118,6.11621459905528,5.6733042154236,1
TCGA-AR-A0TZ-01A,159.824653833472,-34.4891390554935,47.7653099697929,1
TCGA-AR-A0U0-01A,125.10016424547,-41.6128903963227,-2.27370643409278,1
TCGA-AR-A0U3-01A,105.331022020972,-31.1760356288832,-1.59071008318042,1
TCGA-AR-A1AI-01A,154.897036312435,13.2150132345408,17.4037135272104,1
TCGA-AR-A1AJ-01A,143.827095445962,20.7101582663229,28.7479866942792,1
TCGA-AR-A1AK-01A,144.126806914566,-19.4174203663421,27.3525633023191,1
TCGA-AR-A1AL-01A,148.94554911674,-27.0967935794128,57.9489850856641,1
TCGA-AR-A1AM-01A,148.544482494488,-17.7805192056997,24.1719027349579,1
TCGA-AR-A1AN-01A,-66.1332602245308,156.730462615386,66.5929588805143,1
TCGA-AR-A1AO-01A,151.64368681799,10.5905492530304,5.20409196454841,1
TCGA-AR-A1AP-01A,108.885819957794,-34.8310382044559,-2.30825112286025,1
TCGA-AR-A1AQ-01A,129.151421933897,-50.6965134726455,12.488130542486,1
TCGA-AR-A1AR-01A,127.496275586763,-55.0869271576661,9.19991475601407,1
TCGA-AR-A1AS-01A,125.822809472197,-38.4094975796227,-1.09364264954985,1
TCGA-AR-A1AT-01A,124.037150229854,-36.591820957955,-0.300838682505555,1
TCGA-AR-A1AU-01A,-66.8942926245127,157.375301542833,66.7451706946295,1
TCGA-AR-A1AW-01A,128.823336557333,-13.7645863867303,43.7296943815215,1
TCGA-AR-A1AX-01A,121.608253919052,-18.3317838571378,39.3587017778483,1
TCGA-AR-A1AY-01A,126.401338031911,-36.8742986800013,-0.096433634546092,1
TCGA-AR-A24H-01A,125.062968593262,-57.8115994216624,6.17964555034308,1
TCGA-AR-A24K-01A,116.125728596212,-48.27148996283,-6.49171917581951,1
TCGA-AR-A24L-01A,157.254773904731,-36.0080108242161,43.4425472144805,1
TCGA-AR-A24M-01A,148.078005771437,-18.4822852259691,52.0853985476745,1
TCGA-AR-A24N-01A,119.670938507401,-19.2915089552586,36.5498758212244,1
TCGA-AR-A24O-01A,148.24759267903,-27.8408675325448,57.6739837414049,1
TCGA-AR-A24P-01A,147.449884314521,-28.57324332679,59.1021522283274,1
TCGA-AR-A24Q-01A,150.874410485152,-31.2652494614581,49.9563429337321,1
TCGA-AR-A24R-01A,107.054516912337,-28.1708029285463,-1.72002398123864,1
TCGA-AR-A24S-01A,158.376276205988,-33.2506751306333,43.5548615242654,1
TCGA-AR-A24T-01A,151.797120738017,-24.4603431166624,60.2671365521659,1
TCGA-AR-A24U-01A,148.367935402653,11.6213444088062,0.0686247101783512,1
TCGA-AR-A24V-01A,128.596158195193,-41.382906334487,2.01000377137669,1
TCGA-AR-A24W-01A,140.034156225016,-25.3533260085409,57.7649616425617,1
TCGA-AR-A24X-01A,135.387961197272,-5.3267266044399,42.967517079725,1
TCGA-AR-A24Z-01A,153.067881602568,5.72119660862597,14.7162428312389,1
TCGA-AR-A251-01A,158.501491013733,-32.673976072783,42.874640781625,1
TCGA-AR-A252-01A,132.979920297948,-14.4623290522137,41.4374064823544,1
TCGA-AR-A254-01A,127.745118364387,-55.1525710066534,8.95479709475542,1
TCGA-AR-A255-01A,159.476506679881,-34.4026001408904,46.8216740048023,1
TCGA-AR-A256-01A,127.032454474128,-55.3444760703471,9.33310405674967,1
TCGA-AR-A2LE-01A,137.725043771407,-28.6526596468797,19.6367904654053,1
TCGA-AR-A2LH-01A,152.711644662277,15.0683974627092,15.8902420512372,1
TCGA-AR-A2LK-01A,122.562129894321,-39.897480523623,-3.69007869169865,1
TCGA-AR-A2LL-01A,129.047441882049,-9.15821629276367,43.3995153525803,1
TCGA-AR-A2LM-01A,146.982313186003,-27.636384776561,57.2785892511517,1
TCGA-AR-A2LN-01A,143.505517703829,-28.0561686463899,58.2732601991836,1
TCGA-AR-A2LO-01A,150.974322815512,-33.5198462382435,43.5617716137725,1
TCGA-AR-A2LQ-01A,138.188445257034,-19.4875755983419,53.3553014130887,1
TCGA-AR-A2LR-01A,160.785557300999,-25.2351292987068,37.8536385930928,1
TCGA-AR-A5QM-01A,145.369538291548,-27.2591402445315,21.093607672641,1
TCGA-AR-A5QP-01A,146.1511645509,-34.2097397432945,35.0561664276705,1
TCGA-B6-A0I2-01A,159.978704119561,-29.195232484124,36.4217066301429,1
TCGA-B6-A0I5-01A,121.18934436099,-48.5777727506422,-6.23372418153343,1
TCGA-B6-A0I6-01A,159.595980959129,-29.3795719297,37.0706399737505,1
TCGA-B6-A0I9-01A,116.655382379712,-28.9351729900485,2.36710416074176,1
TCGA-B6-A0IA-01A,122.481454380015,-45.2841851118318,-4.09646572716246,1
TCGA-B6-A0IC-01A,155.974377569986,15.0708605989391,15.3552367900851,1
TCGA-B6-A0IE-01A,147.841961072167,12.6708067714996,7.0178899976804,1
TCGA-B6-A0IH-01A,146.927440668568,-29.4366368428654,44.1649583449437,1
TCGA-B6-A0IJ-01A,124.404433743877,-57.841259129585,4.26761756314092,1
TCGA-B6-A0IK-01A,110.789105110701,-23.3569746747298,1.25943011738086,1
TCGA-B6-A0IM-01A,142.790449101643,12.116770853871,12.6590818560216,1
TCGA-B6-A0IQ-01A,158.030582120751,7.68446433711079,30.5098449527276,1
TCGA-B6-A0RG-01A,108.253439687336,-26.3505639606915,7.26613660696187,1
TCGA-B6-A0RH-01A,106.260263457105,-33.1808948236641,-0.788358876918195,1
TCGA-B6-A0RI-01A,156.234390545158,11.3942689410153,12.6510368885223,1
TCGA-B6-A0RL-01A,123.397015504382,-43.666677648,-2.54590448494409,1
TCGA-B6-A0RM-01A,149.612620467175,-33.7525273164613,43.3834554753219,1
TCGA-B6-A0RN-01A,146.994238868172,-20.4827949626387,43.2974462182156,1
TCGA-B6-A0RO-01A,143.135454426977,16.0833226266891,20.8790535747736,1
TCGA-B6-A0RP-01A,146.81690008766,-28.8801502067673,43.9394918582362,1
TCGA-B6-A0RQ-01A,145.040969815022,-31.0587858346576,28.6958479079466,1
TCGA-B6-A0RT-01A,156.341146371312,-23.4030746774633,42.1926632243091,1
TCGA-B6-A0RU-01A,126.407097289594,-41.7383915851165,-1.96771573408908,1
TCGA-B6-A0RV-01A,139.706893770745,16.0951094171044,19.109625887912,1
TCGA-B6-A0WS-01A,144.802514888922,12.4469325236209,22.7942171487644,1
TCGA-B6-A0WT-01A,152.723290143088,7.67879803796706,18.4625018339658,1
TCGA-B6-A0WV-01A,108.847738346205,-26.0037231565298,3.41512819966752,1
TCGA-B6-A0WW-01A,140.309909103836,-19.6476852477849,24.443839903605,1
TCGA-B6-A0WX-01A,149.776023385847,-31.9030661949859,20.8154208176236,1
TCGA-B6-A0WZ-01A,139.407313559891,-27.3198889668001,17.6243493868378,1
TCGA-B6-A0X0-01A,119.900893596607,-20.6917569623424,32.3107547274978,1
TCGA-B6-A0X1-01A,159.962569620104,-29.2997663109954,36.3679181983149,1
TCGA-B6-A0X4-01A,127.367837129591,-37.9250162839076,1.58349496358945,1
TCGA-B6-A0X5-01A,154.286593471073,14.8924185284631,8.86541705472179,1
TCGA-B6-A0X7-01A,144.091901293388,-22.3510914747968,30.1297298783733,1
TCGA-B6-A1KC-01B,125.007394979343,-28.4162449843286,10.3089304637154,1
TCGA-B6-A1KF-01A,145.168663092518,20.6942650407614,28.567119330702,1
TCGA-B6-A1KI-01A,146.19524353636,12.2363019334884,22.4656761261219,1
TCGA-B6-A1KN-01A,119.983338481573,-58.8973709442794,-6.81473584356282,1
TCGA-B6-A2IU-01A,151.199753589283,-25.771516946036,15.5724066345641,1
TCGA-B6-A400-01A,116.038151353825,-56.0742996031116,-3.81979560687582,1
TCGA-B6-A401-01A,116.618946659882,-43.1217875169916,-1.12668464658106,1
TCGA-B6-A408-01A,122.671697839023,-16.839765835927,36.4186630549233,1
TCGA-B6-A40C-01A,146.964311394592,-30.1922064830249,20.6742693540928,1
TCGA-BH-A0AV-01A,128.907992912831,-41.9532100361531,1.80190864321945,1
TCGA-BH-A0AW-01A,148.170844333949,8.12627781189513,3.81863211979605,1
TCGA-BH-A0AY-01A,126.335202470221,-15.7451576566117,35.2613905487229,1
TCGA-BH-A0B0-01A,151.594914712599,16.9468432206347,19.1607085461046,1
TCGA-BH-A0B1-01A,146.105090648156,22.5268581831253,27.8892969894702,1
TCGA-BH-A0B2-01A,119.051349574558,-53.9210960720027,-6.97129425062397,1
TCGA-BH-A0B3-01A,129.323304279203,-50.5666852319912,13.0460274494813,1
TCGA-BH-A0B4-01A,118.147175467048,-57.8014153094876,-4.04229814754299,1
TCGA-BH-A0B5-01A,150.8513966399,-24.6506728420372,60.1317084258514,1
TCGA-BH-A0B7-01A,151.492592271614,12.8355452469179,11.8050064986084,1
TCGA-BH-A0B8-01A,135.334899967618,-29.5040843785824,16.4387345247932,1
TCGA-BH-A0BA-01A,110.135645190138,-24.4330656971881,-0.297051742416454,1
TCGA-BH-A0BC-01A,150.816699017659,7.59752571386555,16.8443390044406,1
TCGA-BH-A0BD-01A,129.004223877001,-42.3603338277301,1.037332646048,1
TCGA-BH-A0BF-01A,158.715970590194,-30.3921185838836,38.0020482484832,1
TCGA-BH-A0BJ-01A,147.888880583001,-19.796617338611,22.2083121204107,1
TCGA-BH-A0BL-01A,136.768545831594,-4.85207532839955,42.791090955497,1
TCGA-BH-A0BM-01A,150.795664495856,-26.1878618716656,15.0363483957153,1
TCGA-BH-A0BO-01A,149.434376441995,-26.3496568761298,58.1502512763871,1
TCGA-BH-A0BP-01A,121.205107311721,-19.6096542895226,40.3750190480813,1
TCGA-BH-A0BQ-01A,141.965513033909,-27.5316336959768,19.0462462325683,1
TCGA-BH-A0BR-01A,155.308483430474,10.8499324584028,12.3351194402544,1
TCGA-BH-A0BT-01A,115.321954867064,-46.1827263593004,-8.23071398800566,1
TCGA-BH-A0BV-01A,147.439583597793,15.0724582324243,21.1918100893759,1
TCGA-BH-A0BW-01A,137.429436260403,14.0891968265377,18.4643544546912,1
TCGA-BH-A0BZ-01A,109.303362444897,-34.7366454543967,-4.03686846465828,1
TCGA-BH-A0C0-01A,117.420729060838,-22.909124403159,2.33568581527523,1
TCGA-BH-A0C1-01B,155.448226205938,-34.7588328809577,38.7146067387607,1
TCGA-BH-A0C3-01A,129.521498350869,-10.7818398341857,34.5243375074387,1
TCGA-BH-A0DD-01A,122.178135186346,-30.6772493550261,9.06077044000959,1
TCGA-BH-A0DE-01A,149.88679373562,-32.4375587139299,20.9225636069477,1
TCGA-BH-A0DG-01A,104.46603775711,-19.3732522285554,8.78216684464642,1
TCGA-BH-A0DI-01A,140.438413995158,-26.2525017132201,54.6115347329079,1
TCGA-BH-A0DL-01A,154.732894417898,10.6019534514411,14.3114671826119,1
TCGA-BH-A0DO-01B,145.935945238916,-21.0864043998422,46.4684478281039,1
TCGA-BH-A0DP-01A,145.020094840735,-31.5125040846651,28.5245538055237,1
TCGA-BH-A0DQ-01A,107.844482406221,-24.9643950309937,5.03858961870121,1
TCGA-BH-A0DT-01A,140.504877000608,-26.3195821007199,58.8821364114474,1
TCGA-BH-A0DV-01A,145.494528506961,-20.6868507147782,49.8362066884385,1
TCGA-BH-A0DX-01A,150.347399693883,10.076793619528,9.56868625365364,1
TCGA-BH-A0DZ-01A,147.984454437542,12.2879473666777,5.42292341038883,1
TCGA-BH-A0E0-01A,104.792780997612,-31.2608290724,-1.64581138932479,1
TCGA-BH-A0E1-01A,142.618387101372,16.1327239872183,26.0908262747982,1
TCGA-BH-A0E6-01A,121.304452654278,-48.3295743937697,-6.08333969044634,1
TCGA-BH-A0E7-01A,148.015662224992,-26.2421341512941,62.68254712679,1
TCGA-BH-A0E9-01B,152.433900438047,-33.699187853246,43.7129810822566,1
TCGA-BH-A0EA-01A,149.201733882185,-35.1263211920492,34.1761701920887,1
TCGA-BH-A0EE-01A,147.627898383834,19.4481811722364,24.8443775601829,1
TCGA-BH-A0H0-01A,136.332619900491,1.69725879876025,40.8791041498682,1
TCGA-BH-A0H3-01A,143.416017042062,-14.6852076922853,53.9104664578956,1
TCGA-BH-A0H5-01A,137.72722607546,-13.1726931944085,50.0577859825002,1
TCGA-BH-A0H6-01A,153.433632582539,17.7877513961707,21.83581744694,1
TCGA-BH-A0H9-01A,152.138201420486,8.15677046026343,4.74274476870829,1
TCGA-BH-A0HB-01A,150.536277783848,13.5556875062642,11.0547889432218,1
TCGA-BH-A0HF-01A,147.429614931955,19.1999436718793,24.9368076567142,1
TCGA-BH-A0HI-01A,146.277214764011,12.6368926937279,22.2971521151222,1
TCGA-BH-A0HK-01A,151.53268814628,16.1037271903183,21.1797255787749,1
TCGA-BH-A0HN-01A,119.402384955414,-54.1374499620488,-4.87276707371432,1
TCGA-BH-A0HO-01A,144.330281640009,24.516233010921,28.8188911684398,1
TCGA-BH-A0HQ-01A,143.222647331789,-33.4208759470308,35.3593056024613,1
TCGA-BH-A0HW-01A,153.366842711395,15.9112305220635,24.3128102993842,1
TCGA-BH-A0HX-01A,122.806023503506,-16.5279633285273,36.466334582876,1
TCGA-BH-A0HY-01A,155.662471335096,11.2833227166889,13.0217739028552,1
TCGA-BH-A0RX-01A,123.595754504746,-51.3967402852898,-9.35581155934014,1
TCGA-BH-A0W3-01A,136.936883081362,11.3193123366564,19.7078579106408,1
TCGA-BH-A0W4-01A,135.577982319699,-13.5230107101482,49.5506206008751,1
TCGA-BH-A0W5-01A,140.764650474001,-26.6043575695377,58.8320352590154,1
TCGA-BH-A0W7-01A,145.166022027386,10.6550561735977,23.2492100690073,1
TCGA-BH-A0WA-01A,143.554696162507,20.3883138541134,28.8930966316107,1
TCGA-BH-A18F-01A,147.838736308925,-25.6722853109003,63.5514452975321,1
TCGA-BH-A18H-01A,155.336843132483,14.5186787820984,16.2183348479714,1
TCGA-BH-A18I-01A,146.566999251537,-16.2466090762201,51.7817701140796,1
TCGA-BH-A18J-01A,148.655195171913,14.2681714908067,20.9625099652419,1
TCGA-BH-A18K-01A,109.869500825784,-36.2738743857322,-6.42360234535739,1
TCGA-BH-A18L-01A,125.640200548544,-37.5161082567667,-0.604641557760968,1
TCGA-BH-A18M-01A,-65.7023713620035,156.571518270886,66.0918141172519,1
TCGA-BH-A18N-01A,124.462256447342,-28.8572915568158,9.68732762752401,1
TCGA-BH-A18Q-01A,117.338547037321,-57.6090477800115,-2.91335988850642,1
TCGA-BH-A18S-01A,140.005452939532,13.1478808915871,24.2764958795306,1
TCGA-BH-A18U-01A,127.245998596782,-39.1431829186927,0.710806967738732,1
TCGA-BH-A18V-01A,125.0835909777,-57.7658297783781,6.23183675559638,1
TCGA-BH-A1EN-01A,155.033905554444,14.0625360790773,9.508270683479,1
TCGA-BH-A1EO-01A,145.491564242236,-15.1112994025379,54.5970414889643,1
TCGA-BH-A1ES-01A,156.732204660451,11.6429473798183,9.64913334868202,1
TCGA-BH-A1ET-01A,136.896933886635,11.4666357644038,19.3443593673103,1
TCGA-BH-A1EU-01A,147.738472990074,-27.1320796846586,61.4503664495538,1
TCGA-BH-A1EV-01A,142.960298367113,-29.2933010630628,58.9404149546357,1
TCGA-BH-A1EW-01A,142.846544421914,12.0902860379682,12.5813855976723,1
TCGA-BH-A1EX-01A,151.713513283514,4.76703842707549,5.52594147986407,1
TCGA-BH-A1EY-01A,154.25996002523,9.36911352927349,14.8365930006175,1
TCGA-BH-A1F0-01A,136.885691535667,-4.62850987335113,42.927721953078,1
TCGA-BH-A1F5-01A,160.504432015234,-35.0943815419594,44.9376379313454,1
TCGA-BH-A1FB-01A,147.550193717717,-27.3521788967227,61.2110276888953,1
TCGA-BH-A1FC-01A,130.837638794789,-39.8478412627072,6.88698551735522,1
TCGA-BH-A1FD-01A,109.070119842973,-34.8527625068618,-2.51280908049501,1
TCGA-BH-A1FE-01A,148.01496733706,-26.2099761643292,62.7543013887285,1
TCGA-BH-A1FH-01A,143.101563037569,-26.3168950903377,57.1072142225865,1
TCGA-BH-A1FJ-01A,153.527167656546,17.579106515915,22.5318450225154,1
TCGA-BH-A1FL-01A,150.244697125281,-29.6749349841631,51.3679118452612,1
TCGA-BH-A1FR-01A,146.499221999047,-34.0628704650991,11.4433356759841,1
TCGA-BH-A1FU-01A,154.730573121549,12.5438435014469,11.6877150017294,1
TCGA-BH-A201-01A,149.412979943362,-26.3416126730195,58.2442749416902,1
TCGA-BH-A202-01A,144.226194070372,24.9687061662418,28.7609154767495,1
TCGA-BH-A203-01A,119.409963358144,-23.7348252802033,1.80253620573107,1
TCGA-BH-A204-01A,125.624680048105,-57.2510368781796,7.47000262923725,1
TCGA-BH-A209-01A,127.981608275863,-55.456306219889,8.56932400489611,1
TCGA-BH-A28O-01A,145.029965164487,-30.6774270848023,28.8491408791583,1
TCGA-BH-A28Q-01A,139.191668938191,-25.1634957341305,57.3239878380899,1
TCGA-BH-A2L8-01A,157.029645252546,11.5346294078676,12.8311662660684,1
TCGA-BH-A42T-01A,118.119722850706,-57.9004948273143,-3.6717262079236,1
TCGA-BH-A42U-01A,148.766171526565,-34.4924206389966,9.70982294105525,1
TCGA-BH-A42V-01A,145.46086959448,-31.1065679063983,23.3060777072788,1
TCGA-BH-A5IZ-01A,151.259191045671,17.9646599968069,18.77826665263,1
TCGA-BH-A6R8-01A,108.561558814894,-25.7705865163522,3.81953646112971,1
TCGA-BH-A6R9-01A,142.514109176105,-27.0880707212326,57.980225529677,1
TCGA-BH-A8FY-01A,121.34057180917,-52.403224256593,-7.83449776471141,1
TCGA-BH-A8FZ-01A,137.65238871092,-28.3371929989469,18.9603447550644,1
TCGA-BH-A8G0-01A,143.005838113412,-28.3433340750359,53.0362832123706,1
TCGA-BH-AB28-01A,114.224647578303,-55.9589368562442,-9.81098350977147,1
TCGA-C8-A12L-01A,111.215925466188,-23.8166286213599,-0.795277482884349,1
TCGA-C8-A12M-01A,129.018520539722,-9.9744090272374,41.6566744056597,1
TCGA-C8-A12N-01A,150.583703087529,-26.7666701605342,14.4916713548602,1
TCGA-C8-A12O-01A,121.510081021735,-23.9095579947558,1.72734524088151,1
TCGA-C8-A12P-01A,119.010865408294,-23.9347403217712,1.70049568865801,1
TCGA-C8-A12Q-01A,110.531006825412,-23.7523273485854,1.08635572672873,1
TCGA-C8-A12T-01A,126.64410212297,-35.9462199624244,-1.15731983630336,1
TCGA-C8-A12U-01A,151.617373052507,16.1134834986089,6.94263593821311,1
TCGA-C8-A12V-01A,153.757466715772,15.1670809036057,17.0117970947234,1
TCGA-C8-A12W-01A,126.293296927072,-36.8769180124985,-0.318561364311522,1
TCGA-C8-A12Z-01A,116.224820631647,-46.3411984564768,-9.09782293371399,1
TCGA-C8-A130-01A,123.904548651307,-13.7549885037647,37.9504353110625,1
TCGA-C8-A131-01A,120.680705539754,-59.2244769555285,-6.93553188235351,1
TCGA-C8-A132-01A,125.14570958323,-16.3262237160383,43.861901733528,1
TCGA-C8-A133-01A,122.446511402152,-18.4958249557984,32.3563654894489,1
TCGA-C8-A135-01A,152.537247666728,7.58362621625595,6.52828813134969,1
TCGA-C8-A137-01A,148.92502616765,11.6743108359328,4.45656365834177,1
TCGA-C8-A138-01A,109.841252365607,-36.0390574936772,-5.85856835824652,1
TCGA-C8-A1HF-01A,150.436238462407,13.5501773983878,11.0851074053817,1
TCGA-C8-A1HG-01A,147.063078850797,10.6741140759866,0.523602263015435,1
TCGA-C8-A1HI-01A,148.487483820715,20.5448593764962,24.7557831993296,1
TCGA-C8-A1HJ-01A,125.482292550408,-56.9011208611493,8.66514940467015,1
TCGA-C8-A1HK-01A,150.829172057194,10.6333116830906,9.52038473422822,1
TCGA-C8-A1HL-01A,148.358278975357,20.2479208338127,24.6429051689722,1
TCGA-C8-A1HN-01A,122.500297732336,-39.9143399901802,-3.72138344823054,1
TCGA-C8-A1HO-01A,154.737803759787,14.5165606961658,9.23155158538845,1
TCGA-C8-A26V-01A,109.072284979499,-25.499418667482,2.02444903976475,1
TCGA-C8-A26X-01A,123.432261932655,-32.3770534324509,4.06804736190517,1
TCGA-C8-A26Y-01A,150.988941381861,6.2120879554682,5.790189895614,1
TCGA-C8-A273-01A,145.067713876887,10.5848105521853,23.2731208472847,1
TCGA-C8-A274-01A,151.984618732804,-24.8152759664403,16.7504334235321,1
TCGA-C8-A275-01A,147.006182097232,20.5837777058803,26.3654116004934,1
TCGA-C8-A278-01A,118.268615017174,-25.3479760738633,0.890033689369967,1
TCGA-C8-A27A-01A,128.542604381282,-10.3755950496424,42.7270118370833,1
TCGA-C8-A3M8-01A,141.059475115931,13.1602247474255,23.2722153177889,1
TCGA-C8-A8HR-01A,104.171174990234,-21.2336946640616,7.13327497445245,1
TCGA-D8-A13Y-01A,126.530334242643,-56.0663143519601,8.77600472019397,1
TCGA-D8-A13Z-01A,154.022604182603,9.57711571116968,10.4959536411714,1
TCGA-D8-A140-01A,146.642953524878,-17.2805230696769,24.1242026405185,1
TCGA-D8-A141-01A,135.859222992858,-14.0367953717491,49.7508651927282,1
TCGA-D8-A142-01A,123.990970636515,-13.6745971306444,38.1109022884736,1
TCGA-D8-A143-01A,149.00120058406,6.68603311440868,5.77330420750275,1
TCGA-D8-A145-01A,136.298428886316,-14.9736636852293,50.7316544099977,1
TCGA-D8-A146-01A,152.761507417755,7.59667349640709,18.977580507014,1
TCGA-D8-A147-01A,145.639779484076,-13.0159171022357,55.204150001927,1
TCGA-D8-A1J8-01A,160.561472530264,-35.1094174832563,45.0526068320219,1
TCGA-D8-A1J9-01A,155.248578337145,10.2487113803087,11.298694688108,1
TCGA-D8-A1JA-01A,109.673300821701,-25.3295854599479,1.31359318874163,1
TCGA-D8-A1JB-01A,148.294561424908,-31.107600997241,46.7784906477684,1
TCGA-D8-A1JC-01A,155.230026384829,-34.8282819666757,38.2854453678642,1
TCGA-D8-A1JD-01A,106.638627976765,-29.6809329959574,-1.58968361252182,1
TCGA-D8-A1JE-01A,134.09114947295,-6.33374712753054,44.0018014550438,1
TCGA-D8-A1JF-01A,110.060583514241,-25.073050082625,1.22937229323484,1
TCGA-D8-A1JH-01A,140.357593370413,-25.1740611382023,56.3657411421226,1
TCGA-D8-A1JI-01A,151.657845225969,15.9859748391141,21.9992803946212,1
TCGA-D8-A1JK-01A,148.054876717576,9.48165310178255,2.86555783287075,1
TCGA-D8-A1JL-01A,130.063052740567,-44.1575181114837,4.13606085678466,1
TCGA-D8-A1JM-01A,112.741873446802,-54.9794686077678,-10.6733924953082,1
TCGA-D8-A1JP-01A,150.349732576721,-33.5033520391316,43.5501121479032,1
TCGA-D8-A1JS-01A,145.211720673271,16.4913160380606,21.4266821760854,1
TCGA-D8-A1JT-01A,133.775205415093,-4.21801917848103,42.5334678539479,1
TCGA-D8-A1JU-01A,150.598064692873,-30.6913687957229,50.4325760413642,1
TCGA-D8-A1X6-01A,121.074238971689,-18.8771579089637,36.8831053933856,1
TCGA-D8-A1X7-01A,135.767241323366,-6.74576371086871,39.5938176763523,1
TCGA-D8-A1X8-01A,134.383064619461,-6.02321245918398,43.710465241589,1
TCGA-D8-A1X9-01A,153.400024084337,6.52416251047426,8.19918483863461,1
TCGA-D8-A1XA-01A,117.650907481785,-46.1738718429073,-5.10519891731895,1
TCGA-D8-A1XB-01A,136.07329747375,-14.3522834225228,49.5085161836747,1
TCGA-D8-A1XC-01A,144.030676353345,-14.0043311304844,54.4311049324561,1
TCGA-D8-A1XD-01A,135.749922647491,-6.25852484340256,40.5874017130625,1
TCGA-D8-A1XJ-01A,109.247799834856,-34.4889795071921,-4.24739777812486,1
TCGA-D8-A1XK-01A,125.611144236246,-56.8558676144117,8.50941743777381,1
TCGA-D8-A1XM-01A,135.795376648899,-6.47409584003525,40.1534055751636,1
TCGA-D8-A1XO-01A,143.288269298384,-14.3602679051904,53.181014363095,1
TCGA-D8-A1XQ-01A,160.807167133093,-25.3237458652963,37.8151238269741,1
TCGA-D8-A1XR-01A,142.193089601214,18.812164565862,28.6769230927684,1
TCGA-D8-A1XS-01A,129.493466292104,-42.3346164629486,3.80056934749452,1
TCGA-D8-A1XU-01A,133.050923998497,-10.760979954007,47.1610451794092,1
TCGA-D8-A1XV-01A,128.837725820644,-56.6189818302238,7.17742861210872,1
TCGA-D8-A1XW-01A,152.532674226677,-33.6989125863556,43.7005064051943,1
TCGA-D8-A1XZ-01A,115.933396010695,-46.2724199957282,-10.1309837348209,1
TCGA-D8-A1Y0-01A,115.12536060873,-58.7647077517249,-10.7316719280588,1
TCGA-D8-A1Y2-01A,127.53113417954,-42.1598722863069,-2.76736113955337,1
TCGA-D8-A27E-01A,119.453015219523,-20.0695004536545,32.8833832653041,1
TCGA-D8-A27G-01A,137.816272321576,12.2925423620441,18.5716861937443,1
TCGA-D8-A27H-01A,112.335237519582,-54.8431848145203,-10.9942222317594,1
TCGA-D8-A27I-01A,121.4924529893,-18.8757239538702,40.1297509061803,1
TCGA-D8-A27K-01A,142.348689387832,-25.9426827050669,58.7587220942854,1
TCGA-D8-A27L-01A,136.401502818846,-14.2576736876076,49.0379185491839,1
TCGA-D8-A27M-01A,136.90091867148,2.86771885884892,40.5003220536869,1
TCGA-D8-A27N-01A,145.868268702312,16.2952860026341,21.4045665695808,1
TCGA-D8-A27P-01A,138.451288048297,-12.7577219798379,49.4915685912036,1
TCGA-D8-A27R-01A,147.712565213422,11.5562408615861,0.510164447101002,1
TCGA-D8-A27T-01A,140.345622787693,-27.2540624885384,63.2531279577971,1
TCGA-D8-A27V-01A,136.054220368554,-13.4934780773814,48.5924733481009,1
TCGA-D8-A27W-01A,126.968365912632,-39.9130751522134,0.21182689565439,1
TCGA-D8-A3Z5-01A,148.019752213655,-34.735459497211,34.214891966653,1
TCGA-D8-A4Z1-01A,147.21989004854,-30.8461371494894,45.2250859576264,1
TCGA-D8-A73U-01A,143.666892989848,-28.9979604291425,52.0316698198709,1
TCGA-D8-A73W-01A,159.496999513835,-34.4556910654349,45.8885199378328,1
TCGA-D8-A73X-01A,146.832888274181,-19.9980866468477,44.2340663368772,1
TCGA-E2-A105-01A,119.352698232258,-24.4712004889062,0.655068075215875,1
TCGA-E2-A106-01A,148.554605800099,10.2605710043104,0.859878288253579,1
TCGA-E2-A108-01A,124.006043102721,-30.4978029400914,4.99682092049815,1
TCGA-E2-A109-01A,143.418433929703,25.678440134119,28.3499630284229,1
TCGA-E2-A10B-01A,146.874350158005,-17.7390489004534,42.8981487609842,1
TCGA-E2-A10F-01A,144.087321815406,-22.3997410211848,30.2232451519529,1
TCGA-E2-A14N-01A,159.400153221923,6.33109519981956,32.0104866068689,1
TCGA-E2-A14P-01A,118.472777418827,-23.4322935181688,2.01407253626563,1
TCGA-E2-A14Q-01A,141.768356909721,12.4717062873867,23.87902182351,1
TCGA-E2-A14R-01A,114.647687304832,-56.6983385133524,-1.84277694670586,1
TCGA-E2-A14T-01A,106.060046450173,-32.5233296795858,-1.00642005494718,1
TCGA-E2-A14U-01A,144.892134775601,-31.5029661079472,24.0882999375695,1
TCGA-E2-A14W-01A,140.355427296511,13.1534174494288,23.9920170310761,1
TCGA-E2-A14X-01A,159.860816888841,8.3487050946149,30.5483521003833,1
TCGA-E2-A14Y-01A,144.298251383999,25.2489902035224,28.8198974695032,1
TCGA-E2-A14Z-01A,119.926750489342,-20.7255860015018,36.8411125098178,1
TCGA-E2-A150-01A,123.145831412565,-31.5463551198273,9.0218405274419,1
TCGA-E2-A152-01A,153.704018576244,11.0508114885103,11.9129974001329,1
TCGA-E2-A153-01A,151.415584302178,-35.938117744469,36.4101541592539,1
TCGA-E2-A154-01A,117.30454349426,-57.8419825936035,-6.4184501617632,1
TCGA-E2-A156-01A,132.562119477176,-14.544346372281,40.5751345124098,1
TCGA-E2-A158-01A,160.612574297356,-23.696074537734,38.4906927659141,1
TCGA-E2-A159-01A,154.929176971219,13.6815729654011,16.430961558627,1
TCGA-E2-A15C-01A,146.909871752507,-16.7323451515127,51.7102061593783,1
TCGA-E2-A15D-01A,136.924578124467,-17.9911800715263,52.7408764354295,1
TCGA-E2-A15E-01A,120.830909818162,-30.4214391580189,5.81215172266152,1
TCGA-E2-A15F-01A,117.479482196933,-19.2466460394514,35.3938085654843,1
TCGA-E2-A15G-01A,133.146112291028,-14.9922060896122,46.7725858346711,1
TCGA-E2-A15H-01A,115.884720680747,-46.6152921355348,-7.19121670083121,1
TCGA-E2-A15I-01A,149.890565211084,-25.554658526813,60.2344015397837,1
TCGA-E2-A15J-01A,128.082825835937,-40.6620198296178,1.24694057251789,1
TCGA-E2-A15K-01A,146.362584143913,15.9677302914795,21.3692232466628,1
TCGA-E2-A15L-01A,147.640748205589,-19.7727094958867,51.687576151898,1
TCGA-E2-A15M-01A,135.576999320079,-5.79525742591062,41.7015558729649,1
TCGA-E2-A15O-01A,153.437200379964,15.5557484808627,24.6637848602413,1
TCGA-E2-A15P-01A,153.067186061927,6.49418577937232,20.3137936756569,1
TCGA-E2-A15T-01A,153.325630337056,15.9706709409519,17.5318523364905,1
TCGA-E2-A1AZ-01A,129.159896234354,-14.1173471012791,43.9969648638353,1
TCGA-E2-A1B0-01A,122.341815686321,-23.8846330883773,1.84519770695994,1
TCGA-E2-A1B1-01A,153.064160952507,7.7212454265291,18.9781397628764,1
TCGA-E2-A1B5-01A,159.783210135627,-23.66858659347,39.3819749706681,1
TCGA-E2-A1BC-01A,137.092960052085,3.22485969810985,40.4110144254932,1
TCGA-E2-A1BD-01A,144.608631140714,-27.4932869509297,19.7500216466832,1
TCGA-E2-A1IE-01A,140.28835871456,-19.6530047455415,24.4761890792675,1
TCGA-E2-A1IF-01A,145.959768833663,-12.648477921736,27.3342891630724,1
TCGA-E2-A1IG-01A,150.949558868703,15.4751076599659,20.8198026323179,1
TCGA-E2-A1IH-01A,158.540192087925,-33.4167688422963,43.6547809791342,1
TCGA-E2-A1IJ-01A,145.621435653047,-20.2489168248953,48.8037882185282,1
TCGA-E2-A1IL-01A,136.688287627091,-13.5254455288594,48.845063616446,1
TCGA-E2-A1IN-01A,153.067468333598,6.49289576009039,20.3247951349797,1
TCGA-E2-A1IO-01A,139.613894760575,-25.5517231500166,55.3942370183309,1
TCGA-E2-A1L6-01A,145.761877640922,-20.9199007967008,47.1017210064417,1
TCGA-E2-A1L7-01A,122.348811495766,-27.1366206671174,12.0645014189715,1
TCGA-E2-A1L8-01A,158.523954931976,-30.6671097170506,38.079253984092,1
TCGA-E2-A1L9-01A,134.57221494195,-12.2857378907585,48.5674163777725,1
TCGA-E2-A1LB-01A,109.214149099508,-25.7349537152663,1.84469103055875,1
TCGA-E2-A1LE-01A,107.974538161936,-23.998181670911,8.17756551463325,1
TCGA-E2-A1LG-01A,128.719365129614,-56.6326885653874,7.2068430325681,1
TCGA-E2-A1LK-01A,125.817799142936,-42.4253926323777,-1.90151773625932,1
TCGA-E2-A1LL-01A,120.374179218436,-28.2304725873723,4.17039535795371,1
TCGA-E2-A2P5-01A,118.697537082052,-48.5536170359825,-6.27323809870741,1
TCGA-E2-A2P6-01A,146.58631194747,-17.2540228533277,24.0571325138799,1
TCGA-E2-A3DX-01A,142.276015395446,-26.8165434220164,56.4838004115642,1
TCGA-E2-A570-01A,104.262161502757,-21.2248798770457,7.16675967706702,1
TCGA-E2-A9RU-01A,148.778238443049,-31.5743822860347,10.5160215283261,1
TCGA-E9-A1N3-01A,157.151604469937,16.2454379722208,13.4793925956361,1
TCGA-E9-A1N4-01A,118.459765067382,-19.2628926607642,34.697302457277,1
TCGA-E9-A1N5-01A,128.451980364883,-12.9657801442127,35.9487416627318,1
TCGA-E9-A1N6-01A,152.743432104649,9.91855283182235,5.85139519988861,1
TCGA-E9-A1N8-01A,158.360353609387,-22.8485965891627,39.3674899386425,1
TCGA-E9-A1N9-01A,152.534876372952,5.61116582850563,13.7423389995908,1
TCGA-E9-A1NA-01A,145.031302295029,-27.3566005178717,20.2956890176367,1
TCGA-E9-A1ND-01A,126.584630494581,-36.1416105574828,-0.733454049497451,1
TCGA-E9-A1NF-01A,117.222991359205,-32.1732755176751,3.71877041189399,1
TCGA-E9-A1NG-01A,149.928896016622,20.2949266182322,23.8295026424273,1
TCGA-E9-A1NH-01A,157.043235486731,-33.5014985979899,45.9008118591941,1
TCGA-E9-A1NI-01A,151.606745835529,16.2221678498886,6.98490775055483,1
TCGA-E9-A1R0-01A,144.696127942961,-28.2890486888386,28.59856364969,1
TCGA-E9-A1R2-01A,132.993015039604,-10.9841070217797,47.2097682994165,1
TCGA-E9-A1R3-01A,137.441700586728,3.85232129842415,40.3105775893967,1
TCGA-E9-A1R4-01A,109.984276854769,-24.8459657940745,0.996670309688459,1
TCGA-E9-A1R5-01A,153.503477415952,-33.8229454238671,43.1441709184752,1
TCGA-E9-A1R6-01A,108.216000400239,-34.2879289255327,-1.50520278527904,1
TCGA-E9-A1RA-01A,124.158251468749,-31.015992311068,4.88956415675103,1
TCGA-E9-A1RB-01A,123.228856062421,-43.3915014917149,-2.67528227347907,1
TCGA-E9-A1RC-01A,129.005840533958,-41.4753404963944,3.60448204185497,1
TCGA-E9-A1RD-01A,152.434251913074,7.73161936126914,18.0792230198254,1
TCGA-E9-A1RF-01A,121.93911862726,-17.5634549142509,37.1668740348798,1
TCGA-E9-A1RG-01A,120.3000415145,-30.9673484857857,4.84352838257055,1
TCGA-E9-A1RH-01A,122.897140158071,-30.2041876013834,9.5495487447701,1
TCGA-E9-A1RI-01A,134.707224290734,-5.69226509587819,43.3878415234171,1
TCGA-E9-A227-01A,151.721801930255,17.2901104009322,19.0615724094255,1
TCGA-E9-A228-01A,156.047806017925,13.590902104821,16.5845529997754,1
TCGA-E9-A229-01A,147.574984044858,-17.707890641139,51.8975449512988,1
TCGA-E9-A22G-01A,161.425509821875,-23.0587279398763,38.0224749953966,1
TCGA-E9-A22H-01A,140.977122418975,14.4463906099209,20.2748278777402,1
TCGA-E9-A243-01A,147.338797127372,-20.0212549557654,51.3990315079335,1
TCGA-E9-A245-01A,145.490786244984,20.5119614415118,25.0501248520644,1
TCGA-E9-A248-01A,152.446391213849,7.90939780272426,6.00252321439528,1
TCGA-E9-A249-01A,119.30991767815,-59.630295178133,-3.57351123806218,1
TCGA-E9-A24A-01A,137.000961674305,11.5386614002753,18.9720794749806,1
TCGA-E9-A295-01A,151.633234164615,5.10220993807397,14.072931106331,1
TCGA-E9-A2JS-01A,117.368911140474,-28.9745753790988,2.84590352601191,1
TCGA-E9-A2JT-01A,143.088918991983,-29.2118727144864,58.8500288046204,1
TCGA-E9-A3Q9-01A,126.884495755231,-41.9413880927517,-2.68477301771661,1
TCGA-E9-A3QA-01A,153.073494300518,-35.6491061025238,35.6881527268026,1
TCGA-E9-A54Y-01A,148.641513221264,-31.7441154517384,10.7785449414776,1
TCGA-E9-A5FL-01A,106.150142194139,-33.997798588384,-0.116690783345046,1
TCGA-E9-A5UO-01A,142.874039129329,-13.0289060464553,27.6601528321398,1
TCGA-E9-A5UP-01A,117.869472868096,-45.3615246865247,-3.01181382373584,1
TCGA-EW-A1IW-01A,118.350679908186,-57.9759733175918,-7.55439533963865,1
TCGA-EW-A1IX-01A,142.140236431226,-27.1061973905383,54.5785696642282,1
TCGA-EW-A1IY-01A,134.726305121566,-5.26675695480419,42.9942636597007,1
TCGA-EW-A1J1-01A,144.589452187207,-13.913266890437,27.3105306718989,1
TCGA-EW-A1J2-01A,150.208887128855,-29.7041581861151,51.5341577099227,1
TCGA-EW-A1J3-01A,136.385655133108,1.88289339505544,40.812132416647,1
TCGA-EW-A1J5-01A,136.91694237819,-16.1393487495896,51.8003738134942,1
TCGA-EW-A1OX-01A,144.079847253115,-13.6575592424449,27.3891188204486,1
TCGA-EW-A1OY-01A,118.94975541405,-54.2590866784264,-5.6331126042699,1
TCGA-EW-A1OZ-01A,120.738505993574,-31.2323506037282,4.66775173254473,1
TCGA-EW-A1P0-01A,144.562724190573,-15.8355258444435,27.0168509779172,1
TCGA-EW-A1P1-01A,125.730094759516,-16.8612298176019,44.4778465831807,1
TCGA-EW-A1P3-01A,104.469397892297,-19.464622681451,8.70152487818845,1
TCGA-EW-A1P4-01A,120.120310041697,-28.1092713448551,3.99341527557728,1
TCGA-EW-A1P5-01A,107.835505499679,-27.9345079197027,1.4961976466333,1
TCGA-EW-A1P6-01A,119.022031653682,-19.9182287942869,33.1322385053205,1
TCGA-EW-A1P8-01A,159.23497844116,8.89357512239517,29.6470060856083,1
TCGA-EW-A1PA-01A,133.274956805269,-11.4248843862418,47.4188063160664,1
TCGA-EW-A1PB-01A,113.864225834196,-45.4385892597712,-8.1885825237368,1
TCGA-EW-A1PC-01B,123.001626931651,-15.2315256012966,36.9572125604282,1
TCGA-EW-A1PD-01A,111.754683692977,-22.7205053550596,-0.632743308023038,1
TCGA-EW-A1PE-01A,153.091135644008,11.8377360140917,11.6637645717455,1
TCGA-EW-A1PF-01A,110.890509923176,-23.8365632524699,0.287581252633416,1
TCGA-EW-A1PG-01A,140.832069984401,-26.7783081817371,62.2389589099079,1
TCGA-EW-A2FR-01A,102.805441096635,-20.7423167472739,7.37670243107853,1
TCGA-EW-A2FV-01A,146.526733904801,21.878613174861,27.4637354850251,1
TCGA-EW-A3U0-01A,159.978348222545,-23.8763576293024,39.029092528533,1
TCGA-EW-A424-01A,118.080773941909,-57.2993478906075,-4.63399350928493,1
TCGA-EW-A6S9-01A,150.412596601503,11.8587687959237,4.98642476267229,1
TCGA-EW-A6SA-01A,155.963754961674,11.2777576095817,10.670472798788,1
TCGA-EW-A6SD-01A,123.740856319925,-36.6910961990132,-0.384749021051357,1
TCGA-GI-A2C8-01A,109.595979219489,-24.6858325650702,-1.44979387921686,1
TCGA-GI-A2C9-01A,142.636953375394,15.8781366102348,25.9395516292684,1
TCGA-GM-A2DB-01A,111.538990681542,-22.9479810863538,2.15425469576718,1
TCGA-GM-A2DD-01A,117.886770564994,-29.9304582797972,3.49315484503715,1
TCGA-GM-A2DF-01A,123.715816122437,-51.3637747742689,-9.43688535642258,1
TCGA-GM-A2DH-01A,104.574420737163,-30.9215828750601,-2.01189270601226,1
TCGA-GM-A2DI-01A,132.771986767173,-15.0022155937218,46.5935618983873,1
TCGA-GM-A2DL-01A,121.119506193939,-18.8760250885187,36.5150757364807,1
TCGA-GM-A2DM-01A,118.833031675657,-18.5826309522712,33.4704540239441,1
TCGA-GM-A2DN-01A,151.925476625486,17.6591754978781,19.0108212614393,1
TCGA-GM-A2DO-01A,146.001649903125,-12.561839706489,27.3252595460517,1
TCGA-GM-A3XG-01A,148.518198024351,-33.7509166194105,9.99186430439145,1
TCGA-GM-A3XN-01A,144.548046997322,-26.9970616874458,27.500865894405,1
TCGA-GM-A4E0-01A,144.76143563225,-31.5342639015643,24.7741175649194,1
TCGA-HN-A2NL-01A,114.579909896294,-56.71132315383,-1.76930684718948,1
TCGA-HN-A2OB-01A,144.707541363309,-28.3968469467909,29.0916759217753,1
TCGA-JL-A3YW-01A,110.84569068387,-27.0079113750687,2.22753437325106,1
TCGA-JL-A3YX-01A,118.538148260581,-54.1855167544569,-4.49126150694062,1
TCGA-LD-A66U-01A,149.285935404058,-32.285715385936,13.4219309961617,1
TCGA-LD-A74U-01A,146.717899209416,6.95777818232883,24.4288758008289,1
TCGA-LD-A7W6-01A,147.996902883381,-27.7459889723897,22.1345407038908,1
TCGA-LD-A9QF-01A,143.790096162429,-34.4801337335265,23.8690783913857,1
TCGA-LL-A440-01A,144.551995610869,-26.8561180805696,28.2834992351786,1
TCGA-LL-A441-01A,114.333801300232,-57.7141037878316,-10.4064056942136,1
TCGA-LL-A442-01A,121.304323037371,-19.724601288686,40.8012509897038,1
TCGA-LL-A5YM-01A,148.414713178901,-30.6065137042578,10.0104243140737,1
TCGA-LL-A5YN-01A,148.875487602646,-30.8476139056428,10.7138125787905,1
TCGA-LL-A5YP-01A,155.050852081029,13.388447863286,17.1984432155605,1
TCGA-LL-A6FQ-01A,139.547973696994,-27.1029519234929,17.4263428679266,1
TCGA-LL-A73Z-01A,108.24197685002,-35.1435737699402,-1.83617339426962,1
TCGA-LL-A740-01A,107.884912918437,-27.9289574563627,1.45136016032267,1
TCGA-LL-A7SZ-01A,106.103574027579,-34.0342474087388,-0.0660496769333548,1
TCGA-LL-A8F5-01A,118.559580902742,-55.0424772304475,-5.25196399475458,1
TCGA-LQ-A4E4-01A,151.037466399812,-25.5906408428201,16.5569942171382,1
TCGA-MS-A51U-01A,145.71540642466,-27.0538769822491,22.4501317058832,1
TCGA-OK-A5Q2-01A,102.903390249202,-20.7396943805764,7.39548063520265,1
TCGA-OL-A5D6-01A,117.600447568457,-30.7230492703689,3.60408832169,1
TCGA-OL-A5D7-01A,125.453068413271,-44.2976982318678,-3.73758722964745,1
TCGA-OL-A5D8-01A,148.524438522665,5.80459197292221,5.33582201901861,1
TCGA-OL-A5DA-01A,150.037864935458,-31.0620185773835,21.2883775565692,1
TCGA-OL-A5RU-01A,148.268874126981,13.9784762941678,21.0869913077915,1
TCGA-OL-A5RV-01A,128.367662665795,-13.2977968099031,36.0378444008395,1
TCGA-OL-A5RX-01A,144.803855356222,-29.0366209799853,25.3411760789886,1
TCGA-OL-A66K-01A,147.792335433547,-27.526129486041,21.838503360606,1
TCGA-OL-A66P-01A,118.292562804598,-23.7980887357144,1.95238810648776,1
TCGA-OL-A6VO-01A,158.959775991048,9.22333647606598,28.9971361956511,1
TCGA-OL-A6VQ-01A,143.633925547664,-26.9405915747357,55.1643452988659,1
TCGA-OL-A6VR-01A,135.491515448335,-29.1265801806596,16.4646241342387,1
TCGA-OL-A97C-01A,135.216345273511,-29.2545519154769,16.242478671617,1
TCGA-PE-A5DC-01A,149.641086603919,-30.0680978299395,11.5046705848771,1
TCGA-PE-A5DE-01A,150.611626776779,7.47745885775925,16.4491400406092,1
TCGA-PL-A8LV-01A,146.843278413551,-11.8238257292881,27.5543056304056,1
TCGA-PL-A8LX-01A,122.545223472227,-52.0176384364397,-8.71684936566383,1
TCGA-PL-A8LY-01A,144.56702232201,-33.256921493629,26.0938819489878,1
TCGA-S3-A6ZF-01A,111.579786858874,-21.6376230480268,1.70825697765851,1
TCGA-S3-A6ZG-01A,129.852749791752,-14.0058207009496,43.9955540516199,1
TCGA-S3-A6ZH-01A,150.15472040764,13.2981856826637,11.0642428461572,1
TCGA-S3-AA10-01A,159.380278654583,6.39842637859035,31.9528729638595,1
TCGA-S3-AA11-01A,144.609945769251,-15.3361284709221,27.0748211787196,1
TCGA-S3-AA12-01A,150.360296548843,14.8287431823838,20.7166299025574,1
TCGA-S3-AA14-01A,120.307508008476,-23.2752454368421,2.25199619562289,1
TCGA-S3-AA15-01A,121.391993270269,-19.8827470138271,36.6588999665824,1
TCGA-UL-AAZ6-01A,116.932141702026,-32.5244326773234,3.55820416982281,1
TCGA-UU-A93S-01A,126.180864792514,-15.8076099582736,35.2406363412026,1
TCGA-W8-A86G-01A,146.467481271748,-29.3509328893385,20.3792127150132,1
TCGA-XX-A899-01A,122.107579813021,-19.2229605745621,41.8299709801939,1
TCGA-XX-A89A-01A,144.112694362224,-33.5053766784483,35.523491568573,1
TCGA-3C-AAAU-01A,-468.766517783712,132.96476281797,-59.0498046364484,2
TCGA-3C-AALJ-01A,-466.332207564705,153.416197824289,-56.5624017664917,2
TCGA-5T-A9QA-01A,-458.232362109223,153.267631447078,-58.8435359928905,2
TCGA-A1-A0SH-01A,-468.746311727281,133.007796873914,-59.042485713529,2
TCGA-A2-A04V-01A,-456.214586706688,158.773114168027,-62.5459688298531,2
TCGA-A2-A0CT-01A,-448.385393372936,149.690146907368,-60.4416445138287,2
TCGA-A2-A0CW-01A,-464.828268961887,151.78646346711,-53.8951844886151,2
TCGA-A2-A0D4-01A,-463.802061699755,151.599173490994,-55.1775130213002,2
TCGA-A2-A0EO-01A,-466.794644198461,144.917039011097,-57.3008052271136,2
TCGA-A2-A0EV-01A,-443.843251103278,142.907098443876,-60.0751264765272,2
TCGA-A2-A0SV-01A,-451.198777586383,152.71632103532,-54.7477153587265,2
TCGA-A2-A0T0-01A,-457.507494879465,156.699730259745,-55.7244046014584,2
TCGA-A2-A0T2-01A,-450.05172773979,149.569967243655,-57.5942616750916,2
TCGA-A2-A0T4-01A,-457.350620644474,158.843068376637,-61.7655283414481,2
TCGA-A2-A0YE-01A,-452.816040180471,147.562638997806,-56.6875136185756,2
TCGA-A2-A0YF-01A,-456.03473483441,139.503511780394,-53.3532701551084,2
TCGA-A2-A1FW-01A,-450.037956436782,149.075057466162,-57.6791035359449,2
TCGA-A2-A1G1-01A,-456.093496930412,144.863533656062,-49.5425927467125,2
TCGA-A2-A1G4-01A,-470.322252433495,148.268864305467,-58.0685494884079,2
TCGA-A2-A25C-01A,-461.315657609667,137.375115390914,-53.4752614192274,2
TCGA-A2-A3KD-01A,-459.145677208539,149.133328615345,-60.7168217648549,2
TCGA-A2-A3XV-01A,-470.913058775692,152.23457238988,-58.4907505235967,2
TCGA-A2-A4S1-01A,-469.674370124861,149.355333577003,-58.4731325304844,2
TCGA-A2-A4S3-01A,-468.646364688452,152.709047402637,-63.2740749106048,2
TCGA-A7-A0CJ-01A,-447.11805736944,149.651750719021,-58.5573059084914,2
TCGA-A7-A26J-01A,-457.360371470381,139.802222562912,-55.4704487268268,2
TCGA-A7-A425-01A,-443.521465689165,143.016418970924,-60.3754309532898,2
TCGA-A7-A4SF-01A,-469.859732945484,150.454907709197,-55.2191340241539,2
TCGA-A7-A5ZV-01A,-467.173018201083,150.904822987893,-62.0240111778521,2
TCGA-A8-A06N-01A,-467.097971370251,136.864687622953,-58.4549953197634,2
TCGA-A8-A07B-01A,-442.912310067788,149.684680453808,-55.9041021785095,2
TCGA-A8-A07L-01A,-463.123723847371,142.927500432843,-54.1299463073725,2
TCGA-A8-A07W-01A,-463.813183952141,151.784001828624,-53.4474813611717,2
TCGA-A8-A082-01A,-463.380617327392,151.999504649122,-51.1291411804191,2
TCGA-A8-A084-01A,-445.984286270904,143.822775706989,-58.9935289354623,2
TCGA-A8-A08B-01A,-463.051475477096,151.308217863853,-51.841705446997,2
TCGA-A8-A08G-01A,-462.991107009532,151.470622251777,-54.8591527465284,2
TCGA-A8-A099-01A,-455.969741299178,139.503281987028,-56.9945223928004,2
TCGA-A8-A09D-01A,-448.669880210121,146.61720223937,-62.5439629700155,2
TCGA-A8-A09M-01A,-466.630133905464,151.529652308335,-61.273557493819,2
TCGA-A8-A09W-01A,-458.032231571514,155.556236655119,-53.5633198481907,2
TCGA-A8-A0A6-01A,-452.195302994803,148.087315472594,-57.4874201899405,2
TCGA-A8-A0A7-01A,-467.161629004464,150.454766003284,-55.6023659790943,2
TCGA-AC-A62V-01A,-465.901266411118,153.47230286596,-57.2552422760824,2
TCGA-AC-A62X-01A,-458.041367364775,153.880336710926,-58.4323437410333,2
TCGA-AC-A62Y-01A,-461.215576362809,142.093413586698,-57.4613323420608,2
TCGA-AC-A6IX-01A,-466.170753910045,143.8360488336,-57.8961254288769,2
TCGA-AN-A049-01A,-470.068740905374,148.629599772522,-58.112516970257,2
TCGA-AN-A04C-01A,-462.879669061969,151.316180247098,-50.7402556806629,2
TCGA-AN-A04D-01A,-461.450820770129,151.445393701678,-57.0048515899552,2
TCGA-AN-A0AJ-01A,-455.869414505147,146.462035453999,-48.8389946890318,2
TCGA-AN-A0AK-01A,-443.979815240939,149.789782448961,-58.7228117938635,2
TCGA-AN-A0AT-01A,-455.690695079081,145.554986091601,-48.6234922518214,2
TCGA-AN-A0FK-01A,-467.930911772642,152.309807188331,-63.5102321418655,2
TCGA-AN-A0FY-01A,-456.254673250203,146.601212950341,-49.3770386717954,2
TCGA-AN-A0FZ-01A,-459.472889223052,140.902424536755,-56.5749671540969,2
TCGA-AN-A0XL-01A,-455.863073280971,146.365983880933,-60.4733508775292,2
TCGA-AN-A0XR-01A,-449.326035031362,150.196752882096,-60.8727272516407,2
TCGA-AN-A0XW-01A,-452.703694831962,158.916554287153,-65.467641326718,2
TCGA-AO-A03N-01B,-463.45652940433,141.987167561773,-58.4900824596825,2
TCGA-AO-A03V-01A,-457.126957126663,147.632251552356,-60.4806507110843,2
TCGA-AO-A0J3-01A,-446.000845966076,150.000804361532,-58.5638540691991,2
TCGA-AO-A0J4-01A,-460.293092060026,137.838228619362,-53.2345635730805,2
TCGA-AO-A0J6-01A,-464.99554912825,153.450301873878,-58.2395326335744,2
TCGA-AO-A0JA-01A,-467.098520967486,136.844986645966,-58.455634482847,2
TCGA-AO-A0JL-01A,-467.9199867036,152.328661764756,-63.8403777363525,2
TCGA-AO-A0JM-01A,-447.214674560521,149.255237255575,-61.3224678147072,2
TCGA-AO-A124-01A,-460.376259566951,154.242884503009,-58.1360718903502,2
TCGA-AO-A129-01A,-457.984360514367,155.034895024424,-58.5685960781087,2
TCGA-AO-A12B-01A,-454.660659778555,157.639233440946,-62.415806120526,2
TCGA-AO-A1KP-01A,-465.155108938743,141.128728637194,-58.486458182594,2
TCGA-AO-A1KT-01A,-450.360826789283,150.37195225064,-56.7388838804691,2
TCGA-AQ-A04L-01B,-443.741225811141,142.820905633238,-60.1058124307766,2
TCGA-AQ-A54N-01A,-450.966307364966,152.04086240151,-55.5712767614744,2
TCGA-AR-A0TS-01A,-467.451486514186,145.45254405676,-56.9192063274531,2
TCGA-AR-A0TW-01A,-462.99307349762,151.406035076586,-55.5108524598568,2
TCGA-AR-A0TY-01A,-463.467794017402,142.127386941352,-58.9031537854092,2
TCGA-AR-A0U2-01A,-461.615965796072,151.241789098968,-56.5201820845084,2
TCGA-AR-A0U4-01A,-447.710916160943,145.513109611191,-59.1338028405694,2
TCGA-AR-A1AH-01A,-453.27292011266,137.330862779775,-49.920353757529,2
TCGA-AR-A1AV-01A,-468.055815769912,134.863449631354,-58.7787380408211,2
TCGA-AR-A250-01A,-453.575522473301,147.24295876344,-55.6023953210558,2
TCGA-AR-A5QQ-01A,-455.650140928718,157.714978332245,-54.7352639688696,2
TCGA-B6-A0I1-01A,-464.599654754483,151.88902786977,-54.0280706303031,2
TCGA-B6-A0I8-01A,-466.627359713943,150.464682649068,-55.4124710068647,2
TCGA-B6-A0IB-01A,-465.329065695691,153.216469730642,-58.0870358867343,2
TCGA-B6-A0IG-01A,-469.231320325736,149.510284841357,-56.499894338113,2
TCGA-B6-A0IN-01A,-446.089020801496,149.19911998808,-62.1412558500806,2
TCGA-B6-A0IO-01A,-449.198353125278,150.189137964915,-59.5885910296987,2
TCGA-B6-A0IP-01A,-455.419610118358,144.884335570067,-60.4055109784585,2
TCGA-B6-A0RE-01A,-455.063056351279,147.579896952607,-47.9822705522014,2
TCGA-B6-A0RS-01A,-452.909297372182,158.77832255532,-65.1458288928626,2
TCGA-B6-A3ZX-01A,-457.895381495763,146.671119468988,-61.8280913017212,2
TCGA-B6-A402-01A,-453.160792140019,137.171367723021,-49.8214307051881,2
TCGA-B6-A409-01A,-455.4025662875,156.122663711526,-59.6321252422876,2
TCGA-B6-A40B-01A,-467.671214876076,151.312215366907,-62.7433619296498,2
TCGA-BH-A0AU-01A,-467.58929573304,136.092860280061,-58.5905368066259,2
TCGA-BH-A0AZ-01A,-448.260911303908,146.816797987623,-63.1031633438381,2
TCGA-BH-A0B9-01A,-451.638334190735,137.587183250798,-51.3880585438301,2
TCGA-BH-A0BG-01A,-457.11418341666,147.699220025884,-60.4221897016963,2
TCGA-BH-A0C7-01B,-466.203997748536,151.448676571382,-61.2543976824391,2
TCGA-BH-A0DH-01A,-469.268530895339,150.670857164172,-59.8462874072628,2
TCGA-BH-A0DS-01A,-456.726283001463,157.079097042774,-55.4311622702251,2
TCGA-BH-A0E2-01A,-445.029936674665,149.839689141448,-58.9837550789724,2
TCGA-BH-A0EB-01A,-446.997686413562,144.719024413766,-59.0443434112406,2
TCGA-BH-A0EI-01A,-468.552774512858,133.505503511565,-58.9768000433637,2
TCGA-BH-A0GY-01A,-462.77711525383,151.263814316174,-50.5468087678911,2
TCGA-BH-A0GZ-01A,-467.888070659269,152.117948657816,-63.2513682606654,2
TCGA-BH-A0H7-01A,-461.990790487761,151.02044322848,-55.0934624412636,2
TCGA-BH-A0HL-01A,-455.363229595039,146.919523360353,-48.2116481035025,2
TCGA-BH-A18G-01A,-453.952691890591,158.383197358818,-63.8248581143386,2
TCGA-BH-A18P-01A,-459.55485744415,141.257433053128,-56.9302093489073,2
TCGA-BH-A18R-01A,-453.452320465125,147.257088173368,-55.9012489300058,2
TCGA-BH-A18T-01A,-457.908156363855,151.591149774012,-56.4788669095032,2
TCGA-BH-A1F2-01A,-461.953765280131,141.991838259774,-56.6823718600478,2
TCGA-BH-A1F6-01A,-458.15255013066,155.99471254118,-59.5098485298855,2
TCGA-BH-A1F8-01A,-463.338750986839,142.164667119947,-54.5596267343336,2
TCGA-BH-A1FG-01A,-449.049471364278,150.118062848581,-60.2279686989081,2
TCGA-BH-A1FM-01A,-461.466953055268,141.9217919039,-57.1680362415615,2
TCGA-BH-A1FN-01A,-463.534895670338,141.992278850255,-54.5540979951844,2
TCGA-BH-A208-01A,-454.344878802098,147.165068837187,-60.7337977269182,2
TCGA-C8-A12K-01A,-449.196685514243,146.15814665508,-62.2031437490831,2
TCGA-C8-A12X-01A,-446.109259812093,149.130137509371,-62.222700387757,2
TCGA-C8-A12Y-01A,-463.758511206045,153.537946687771,-58.5830045050483,2
TCGA-C8-A134-01A,-460.499709160021,154.252404959009,-57.9244246050531,2
TCGA-C8-A1HE-01A,-462.799006946271,141.832209562884,-57.7165622966458,2
TCGA-C8-A1HM-01A,-457.799535129117,151.120337081823,-56.288375146326,2
TCGA-C8-A26W-01A,-469.119689904141,147.202846551167,-56.2730969850537,2
TCGA-C8-A26Z-01A,-448.6123727695,148.361122897521,-58.2186801674116,2
TCGA-C8-A27B-01A,-453.514774882517,137.784287878982,-50.2230550883216,2
TCGA-C8-A3M7-01A,-457.776476801894,139.900351683319,-55.4620702579024,2
TCGA-C8-A8HP-01A,-470.033778591271,150.599571093152,-54.7510034323577,2
TCGA-C8-A8HQ-01A,-469.002356243956,150.583221560468,-59.9127574661555,2
TCGA-D8-A1JG-01B,-446.493541628887,144.291565495751,-59.0080199286111,2
TCGA-D8-A1JJ-01A,-448.265309866587,146.53929279997,-58.7329080246031,2
TCGA-D8-A1JN-01A,-455.981269310142,144.750595437389,-59.7441981461603,2
TCGA-D8-A1X5-01A,-455.705260008041,139.362929168386,-57.2551671032562,2
TCGA-D8-A1XF-01A,-457.954488022635,155.737509480046,-53.5886819758367,2
TCGA-D8-A1XG-01A,-464.020327446186,141.512249476859,-54.8154881952701,2
TCGA-D8-A1XL-01A,-461.025162168127,153.131609435228,-58.803026444774,2
TCGA-D8-A1XT-01A,-468.783203931326,149.462978669257,-56.1656304846298,2
TCGA-D8-A1XY-01A,-465.685837523629,148.263405022231,-54.9058511509675,2
TCGA-D8-A1Y1-01A,-468.093606752269,149.020905548749,-62.0319135295449,2
TCGA-D8-A1Y3-01A,-455.856011307404,156.688617128071,-56.2274340622006,2
TCGA-D8-A27F-01A,-466.99202595385,146.4860517515,-63.2711050422405,2
TCGA-D8-A3Z6-01A,-471.025156304995,152.266949603151,-58.4673266405178,2
TCGA-E2-A10A-01A,-456.3225458612,139.803291270272,-53.434011699552,2
TCGA-E2-A10E-01A,-464.519265505784,141.883005816532,-58.0846173905365,2
TCGA-E2-A14O-01A,-456.001896411149,157.432389817219,-55.0507660282782,2
TCGA-E2-A14V-01A,-469.268942500258,146.953172489705,-56.2514619624087,2
TCGA-E2-A155-01A,-464.144423643907,151.119087603419,-60.5118313649703,2
TCGA-E2-A15A-01A,-465.353717313468,150.931580756779,-54.8727481446755,2
TCGA-E2-A15R-01A,-465.519963948736,148.188877368993,-54.7646933657628,2
TCGA-E2-A15S-01A,-456.082177025489,144.740664805245,-49.5165743905252,2
TCGA-E2-A1B6-01A,-458.010217179697,155.037348750412,-58.5085947556089,2
TCGA-E2-A1II-01A,-455.425362613273,145.575101929309,-48.0329342762276,2
TCGA-E2-A1IU-01A,-451.202152220355,145.520926387616,-62.2011781557092,2
TCGA-E2-A1LA-01A,-459.33185634451,154.777874148716,-57.6670635623093,2
TCGA-E2-A1LH-01A,-455.829002188103,158.764247500537,-62.8477000571577,2
TCGA-E2-A1LI-01A,-453.159738598368,137.046256179583,-49.5979687343076,2
TCGA-E2-A1LS-01A,-452.511457785518,147.92058708746,-57.2171575999787,2
TCGA-E2-A573-01A,-457.775169408744,155.271506074908,-58.3482751516759,2
TCGA-E2-A574-01A,-459.001943417691,156.279758836589,-59.6945191552096,2
TCGA-E9-A1NC-01A,-455.164083390269,156.222950948824,-60.1241843390938,2
TCGA-E9-A1NE-01A,-462.424798348097,137.652198951157,-54.2624677670296,2
TCGA-E9-A1QZ-01A,-449.793306161368,145.416054257597,-62.4694184338504,2
TCGA-E9-A1R7-01A,-456.185374062671,139.649611217621,-56.7743758601693,2
TCGA-E9-A1RE-01A,-463.784256444034,151.627531823644,-54.7910943393045,2
TCGA-E9-A226-01A,-462.362150913928,137.632293152693,-54.1777954468414,2
TCGA-E9-A22A-01A,-450.981580865697,151.497985059299,-58.9922152234211,2
TCGA-E9-A22B-01A,-451.199621891432,152.790166410612,-54.5377461837859,2
TCGA-E9-A22D-01A,-443.147240453691,149.669031226792,-56.1127183102893,2
TCGA-E9-A22E-01A,-452.581836431668,137.560513016453,-51.6826677606949,2
TCGA-E9-A244-01A,-456.523624149461,140.284141803634,-53.1167209122049,2
TCGA-E9-A247-01A,-452.614619803099,137.551917287043,-51.8760418333236,2
TCGA-E9-A54X-01A,-452.366419293085,159.136351284404,-65.9933067977696,2
TCGA-EW-A1IZ-01A,-454.578092260839,144.047876906674,-60.9040837523794,2
TCGA-EW-A1OV-01A,-460.443900178582,152.189976605617,-59.5933400588525,2
TCGA-EW-A1OW-01A,-457.996807157424,151.969822093657,-56.5259932683823,2
TCGA-EW-A1P7-01A,-458.073087575478,146.617440227368,-61.9745991394409,2
TCGA-EW-A1PH-01A,-455.156971702172,147.380238395044,-48.0453825950764,2
TCGA-EW-A2FS-01A,-464.416442656372,151.513044454551,-60.624614118359,2
TCGA-EW-A2FW-01A,-448.698836576311,148.852135556187,-58.1647498833485,2
TCGA-EW-A6SB-01A,-457.825170886473,156.210166036484,-56.1044047402314,2
TCGA-EW-A6SC-01A,-456.00623093875,144.596809325102,-59.6439713043564,2
TCGA-GM-A2D9-01A,-454.762443169231,156.950889198742,-61.5898504708898,2
TCGA-GM-A2DA-01A,-460.987336099311,152.436638553133,-59.1905249566838,2
TCGA-GM-A2DC-01A,-465.530244773949,149.570048519105,-55.0723510236301,2
TCGA-GM-A2DK-01A,-448.684630350822,147.099236079636,-61.8516428266331,2
TCGA-GM-A3XL-01A,-457.814901053366,156.115290048865,-53.8145985312737,2
TCGA-GM-A5PV-01A,-454.172050754282,158.335815004894,-63.5885436388118,2
TCGA-LL-A6FP-01A,-464.694744734707,151.698254420151,-60.6836204359174,2
TCGA-LL-A6FR-01A,-455.012578709773,156.395977599095,-60.5347528425999,2
TCGA-LL-A73Y-01A,-458.813198907737,149.02172754797,-60.6075918647972,2
TCGA-LL-A7T0-01A,-447.689321124014,149.298894802917,-60.3742008986229,2
TCGA-OL-A5RW-01A,-459.610693839872,152.338376595008,-60.0067426693968,2
TCGA-OL-A5RY-01A,-447.725363946759,147.829711938039,-61.9745177085501,2
TCGA-OL-A5RZ-01A,-467.405507811041,152.477249783688,-60.5670621651285,2
TCGA-OL-A5S0-01A,-455.699261688878,156.541153907202,-56.7692285208866,2
TCGA-OL-A66I-01A,-458.514279756825,157.335093151975,-60.5737994484646,2
TCGA-PL-A8LZ-01A,-445.976165504682,149.82646709228,-58.9082762484624,2
TCGA-S3-AA0Z-01A,-449.045735179509,146.357032788595,-62.0004582956635,2
TCGA-S3-AA17-01A,-464.593574242344,151.823565100045,-56.7087582045334,2
TCGA-WT-AB44-01A,-468.145106323362,148.253473262244,-62.4360474668406,2
TCGA-Z7-A8R6-01A,-451.095569975204,151.636378754613,-59.0506144361436,2
TCGA-3C-AALI-01A,-294.64065371189,-245.490153824826,-112.16107657306,3
TCGA-A1-A0SD-01A,-301.073280554311,-241.119649681556,-102.3671105819,3
TCGA-A2-A0CK-01A,-294.928743736996,-244.137699409838,-103.744388112135,3
TCGA-A2-A0CQ-01A,-300.815974672423,-244.299115332256,-103.829483726258,3
TCGA-A2-A0CR-01A,-296.235306875874,-245.75687917421,-106.445491235679,3
TCGA-A2-A0CY-01A,-298.177335318382,-252.491736776534,-106.056642870427,3
TCGA-A7-A3IY-01A,-299.056543602413,-241.953876494922,-110.294456797086,3
TCGA-A7-A4SB-01A,-302.444789274859,-240.973015645743,-104.030584917111,3
TCGA-A7-A56D-01A,-297.919079175546,-250.248009825581,-106.364044842623,3
TCGA-A7-A6VW-01A,-296.368738040314,-238.625825216839,-115.009588822053,3
TCGA-A8-A093-01A,-298.666555970274,-240.057126175376,-113.125172474615,3
TCGA-AC-A3EH-01A,-297.905752979763,-252.332906998223,-105.963671283748,3
TCGA-AC-A3TM-01A,-296.342285586844,-245.68730347146,-108.922609340387,3
TCGA-AC-A3TN-01A,-297.692105716465,-241.497493449327,-111.74208840241,3
TCGA-AC-A3YJ-01A,-296.188080432508,-246.553875401596,-109.465673169677,3
TCGA-AC-A5XS-01A,-300.545702743228,-244.175750940563,-104.945991698873,3
TCGA-AN-A0FX-01A,-302.345141799366,-241.173955513793,-101.60712290999,3
TCGA-AO-A03L-01A,-295.320473144296,-240.406163734401,-112.927840301683,3
TCGA-AO-A0JI-01A,-294.746335202373,-243.82057050135,-103.243847865567,3
TCGA-AO-A0JJ-01A,-294.652734218616,-243.516526802754,-102.808991175679,3
TCGA-AO-A125-01A,-297.157045056673,-244.33493087897,-108.779611457067,3
TCGA-AO-A126-01A,-296.902912447064,-245.245937136496,-106.592538243,3
TCGA-AO-A12H-01A,-294.324501214579,-239.178973732301,-113.171859910113,3
TCGA-AQ-A54O-01A,-297.823564883619,-249.991120295915,-106.387843151912,3
TCGA-AR-A2LJ-01A,-296.439781156194,-239.798698359668,-114.011130964068,3
TCGA-AR-A5QN-01A,-301.682821640949,-241.37061583534,-102.385511184916,3
TCGA-B6-A0WY-01A,-297.862365679357,-252.200390334316,-105.964177888636,3
TCGA-BH-A0B6-01A,-299.662728055085,-246.120582718139,-108.210828232422,3
TCGA-BH-A0DK-01A,-296.287769702963,-241.122479311291,-113.061219875421,3
TCGA-BH-A0HA-01A,-300.595316960107,-243.718682061944,-106.4295564712,3
TCGA-BH-A0HP-01A,-302.77758368873,-240.973832847169,-100.994229343282,3
TCGA-BH-A0HU-01A,-298.451574589503,-247.064979577951,-104.900156313202,3
TCGA-BH-A5J0-01A,-295.453237006192,-242.966414843379,-114.488906258017,3
TCGA-E2-A107-01A,-297.247850646575,-240.629807395438,-112.909438294899,3
TCGA-E2-A10C-01A,-295.246152825,-242.790897229815,-112.660308542947,3
TCGA-E2-A1B4-01A,-299.250646153684,-248.833074045856,-106.739836548982,3
TCGA-E2-A1IK-01A,-295.4695155823,-242.839813183613,-112.664628176764,3
TCGA-E2-A56Z-01A,-299.509628667021,-248.369817846183,-106.879403282685,3
TCGA-E2-A572-01A,-296.172818156933,-246.483018057072,-109.418978858397,3
TCGA-E2-A576-01A,-297.183100946423,-246.083890575767,-106.683915905112,3
TCGA-E9-A3HO-01A,-295.531487628556,-245.483703554096,-110.137771138698,3
TCGA-E9-A3X8-01A,-296.676457541155,-246.342645837984,-106.700339460659,3
TCGA-E9-A5FK-01A,-297.791877386895,-250.77045280317,-106.285637602442,3
TCGA-E9-A6HE-01A,-295.235961840408,-245.09303813006,-111.118938888101,3
TCGA-EW-A1J6-01A,-300.397205260367,-244.597602082762,-104.409841669782,3
TCGA-EW-A3E8-01B,-295.453998667272,-242.846252727061,-114.981307664288,3
TCGA-EW-A423-01A,-297.339077946308,-245.667823377769,-108.048434962875,3
TCGA-GM-A3NW-01A,-300.61634234714,-243.439616569411,-106.991079919451,3
TCGA-GM-A3NY-01A,-300.612506241623,-243.98644830868,-105.505477329372,3
TCGA-GM-A5PX-01A,-302.450870170225,-240.993105704668,-104.080822353911,3
TCGA-LL-A50Y-01A,-300.217275881483,-245.359754776391,-108.17398187984,3
TCGA-LL-A5YL-01A,-298.016337608887,-245.660163934677,-107.55256949826,3
TCGA-LL-A5YO-01A,-294.621845747952,-245.480484829979,-112.223564616336,3
TCGA-LL-A9Q3-01A,-296.858745700755,-240.73608349214,-113.089106897944,3
TCGA-OL-A66H-01A,-294.984518340018,-239.857362612298,-113.083619949178,3
TCGA-OL-A66J-01A,-298.456849956506,-247.037706458475,-104.744507276205,3
TCGA-OL-A66L-01A,-296.337860103152,-245.447022578942,-109.120237790263,3
TCGA-OL-A66N-01A,-299.300455412387,-246.168869302314,-108.120400300085,3
TCGA-OL-A66O-01A,-296.404697073357,-240.406127924443,-113.491549940751,3
TCGA-PE-A5DD-01A,-296.500493069696,-245.460760938294,-106.521142168928,3
TCGA-V7-A7HQ-01A,-296.405388955479,-247.213662463457,-109.889092815163,3
TCGA-WT-AB41-01A,-299.519705331399,-248.109524206282,-106.733539386307,3
TCGA-Z7-A8R5-01A,-297.04586447206,-247.132152489719,-105.607263243917,3
