Sample,X,Y,Z,Cluster
TCGA-3C-AAAU-01A,31.7756193123862,-29.7965495372249,-8.59409375095522,1
TCGA-3C-AALI-01A,35.8433393076286,-45.7024788090877,8.76241108043988,1
TCGA-3C-AALJ-01A,36.2706420888301,-35.6240692030872,7.00911057592203,1
TCGA-5L-AAT0-01A,35.5466697878958,-30.2077322685162,19.5844183277496,1
TCGA-5T-A9QA-01A,7.87299163487042,-63.2722781540944,-6.06354244186443,1
TCGA-A1-A0SE-01A,-31.4325545415053,-41.183146704632,-0.0887653602877877,1
TCGA-A1-A0SG-01A,-17.3876789795681,-54.2034022640712,3.84094997755181,1
TCGA-A1-A0SH-01A,-22.2246733666877,-44.1274279873398,-4.0239732181246,1
TCGA-A1-A0SK-01A,34.3690558559007,-35.8469762264752,-16.2587413771896,1
TCGA-A1-A0SM-01A,-22.4263351191447,-47.9137272187203,-7.82200101688569,1
TCGA-A1-A0SN-01A,34.7029834243221,-26.9784144897898,10.7714260853688,1
TCGA-A1-A0SO-01A,-15.0390333698388,-43.8526853301308,-8.84549124414864,1
TCGA-A1-A0SP-01A,18.7567898389403,-42.4410543688604,-21.3445044318036,1
TCGA-A2-A04N-01A,-0.490459513684452,-67.2700197004889,-3.16019254097083,1
TCGA-A2-A04P-01A,17.4640743457743,-19.6488604501087,-22.8204766000633,1
TCGA-A2-A04R-01A,25.0569770547265,-16.311777069671,-2.77418950801104,1
TCGA-A2-A04T-01A,-4.29023199551204,-49.5301093068641,-10.0154643402343,1
TCGA-A2-A04U-01A,22.3757929814608,-25.8347113388744,-25.3211755475049,1
TCGA-A2-A04V-01A,37.8429816308541,-26.685711185117,5.85816330481113,1
TCGA-A2-A04W-01A,25.9634406685947,-22.2971962108241,-26.7046998158749,1
TCGA-A2-A04X-01A,0.968621717247197,-63.6932655057559,-12.924618184663,1
TCGA-A2-A0CK-01A,36.1488026558729,-21.7588363010478,1.20971433835564,1
TCGA-A2-A0CM-01A,-9.0221656824259,-45.3616091291725,-3.31897989643381,1
TCGA-A2-A0CP-01A,-25.2736358320745,-37.7357785061287,0.273019948651742,1
TCGA-A2-A0CQ-01A,33.4814190262056,-42.7824027911632,-21.3479070643651,1
TCGA-A2-A0CS-01A,29.5681360190461,-18.3090120077328,-1.83993378552022,1
TCGA-A2-A0CT-01A,19.9736649798962,-27.3162259991921,-16.8490789781301,1
TCGA-A2-A0CU-01A,34.6182697191835,-6.99462478695903,-10.894274233352,1
TCGA-A2-A0CV-01A,29.6979259675773,-4.17739112374422,-9.17280630162906,1
TCGA-A2-A0CW-01A,34.6674592166471,-28.4111920417273,-10.8926943551581,1
TCGA-A2-A0CX-01A,17.6929560414094,-28.4960014399119,-16.9152941359446,1
TCGA-A2-A0CY-01A,28.4872289692379,-41.0825909951927,-20.6638370862988,1
TCGA-A2-A0D0-01A,31.4915225586242,-34.9885689138015,13.9286260220981,1
TCGA-A2-A0D1-01A,-4.82527723441797,-60.7585166993853,0.248769699904291,1
TCGA-A2-A0D2-01A,-13.6844286985401,-30.1950695973875,11.1490729671324,1
TCGA-A2-A0D3-01A,6.99960581686567,-56.7077910065145,-12.456914280819,1
TCGA-A2-A0D4-01A,37.0704863814193,-21.8980872686556,-12.8851583021688,1
TCGA-A2-A0EM-01A,5.71958898263727,-63.241441099436,-13.7752392819046,1
TCGA-A2-A0ER-01A,35.558725288724,-28.8847553821811,-3.79821018227256,1
TCGA-A2-A0ET-01A,29.2025521810532,-29.222342256144,-4.71719257202801,1
TCGA-A2-A0EU-01A,37.1533121785547,-27.6011750490046,-16.4876917631009,1
TCGA-A2-A0EV-01A,-18.1499158986125,-40.121713573147,3.96626524515821,1
TCGA-A2-A0EX-01A,-18.2807659890135,-49.5730829959251,-5.48699067501726,1
TCGA-A2-A0EY-01A,32.411373475406,-13.6917350943231,-12.1600582113931,1
TCGA-A2-A0SV-01A,-2.68771132570869,-69.7294893167213,-2.77592062197545,1
TCGA-A2-A0SW-01A,8.8237450856539,-19.9828567112917,-27.2620754502515,1
TCGA-A2-A0T0-01A,-9.8451284910422,-44.8683701564318,0.396693995074371,1
TCGA-A2-A0T1-01A,-30.1822353629469,-37.2174848802043,-5.42733158860938,1
TCGA-A2-A0T2-01A,-0.138856732017432,-39.9660933020068,-10.0097123450234,1
TCGA-A2-A0T3-01A,26.5171706447971,-33.7303460077293,-10.2003379242108,1
TCGA-A2-A0T5-01A,-0.871437138902574,-62.3442465396591,-12.9527523173218,1
TCGA-A2-A0T6-01A,-28.2430642163232,-30.9374809093595,-6.04513997258876,1
TCGA-A2-A0T7-01A,16.8459545821522,-18.3272166507531,-25.2174621587064,1
TCGA-A2-A0YC-01A,39.8461096217097,-28.7611742654541,3.81010749972523,1
TCGA-A2-A0YE-01A,12.0233294686277,-46.4826946987121,-3.30504739505587,1
TCGA-A2-A0YF-01A,25.3503244843513,-37.7027172917786,-19.2937438177726,1
TCGA-A2-A0YG-01A,25.9435504953279,-22.9974705337347,-17.8373377906875,1
TCGA-A2-A0YJ-01A,0.849081190421106,-62.9329487672489,-17.9094469866067,1
TCGA-A2-A0YM-01A,0.280829243834551,-67.1684649544851,-1.68668904667891,1
TCGA-A2-A1FW-01A,42.0610534422694,-39.8978530487671,5.84590613921733,1
TCGA-A2-A1FX-01A,41.1853585133493,-26.9896152003143,-0.493363553642678,1
TCGA-A2-A1G1-01A,-22.3797127158297,-35.4392880603992,-0.552769796637813,1
TCGA-A2-A1G4-01A,30.9051277057989,-22.405861973239,2.61015472546266,1
TCGA-A2-A259-01A,33.4324396318654,-26.6946442670395,18.6390403567449,1
TCGA-A2-A25B-01A,6.39602662842307,-68.0977458856588,-9.13641492608565,1
TCGA-A2-A25E-01A,0.0596369850693536,-39.1514604071567,-13.9873030303347,1
TCGA-A2-A3XS-01A,-7.52753238085295,-49.8652722777212,-5.1535291709183,1
TCGA-A2-A3XT-01A,-9.88015064716957,-36.1884471762881,8.6393984117289,1
TCGA-A2-A3XU-01A,19.0388290468167,-37.008488994317,-12.7219093264271,1
TCGA-A2-A3XV-01A,2.38745451530174,-61.4179876871547,-2.41078728152055,1
TCGA-A2-A3XW-01A,34.9157963484723,-25.6227397152285,0.178049904440225,1
TCGA-A2-A3XX-01A,0.545268542502536,-37.5075524480514,-17.2443905303356,1
TCGA-A2-A3XY-01A,-19.1839500757466,-33.3255306034212,13.8736279886222,1
TCGA-A2-A3Y0-01A,14.7563535253394,-35.3955257714439,-10.5007416441103,1
TCGA-A2-A4RW-01A,29.4149407514878,-8.57335379785056,-9.89172049014575,1
TCGA-A2-A4RX-01A,-14.4280265399157,-50.3569197289777,-2.22718193415105,1
TCGA-A2-A4S0-01A,32.9970604770726,-20.2502416517781,-0.1122860076925,1
TCGA-A2-A4S2-01A,31.3833567263018,-34.3834969817132,15.8630761380756,1
TCGA-A2-A4S3-01A,15.2353110513114,-22.9193864121484,-25.2445235640098,1
TCGA-A7-A0CD-01A,36.295348242071,-34.4314021254122,-10.7195267601524,1
TCGA-A7-A0CE-01A,7.40972254344188,-26.2232855552346,-24.7846811158218,1
TCGA-A7-A0CH-01A,3.54548809234662,-56.8335204312677,-14.931339666193,1
TCGA-A7-A0CJ-01A,39.3838926306671,-35.9001340846307,0.604839789147236,1
TCGA-A7-A0D9-01A,39.1163429013772,-31.4116168267845,6.08328232494083,1
TCGA-A7-A0DA-01A,9.02446228215957,-61.4110672449265,-7.62787993649079,1
TCGA-A7-A0DB-01A,-21.4873368361065,-36.8031818842299,1.3150575449405,1
TCGA-A7-A0DB-01C,-14.3950301994989,-40.8397678209546,-0.969572675841741,1
TCGA-A7-A0DC-01A,28.4622091784408,-39.951647925643,-3.76238058267107,1
TCGA-A7-A0DC-01B,35.0870878345331,-36.5409070278006,1.78684204991342,1
TCGA-A7-A13D-01A,1.48730790199357,-62.9626953874534,-11.9409311957425,1
TCGA-A7-A13D-01B,0.853503749552622,-52.0118729503572,-6.5262875725333,1
TCGA-A7-A13E-01A,-0.825024602197863,-56.8971312004597,-15.6638815134706,1
TCGA-A7-A13E-01B,-13.0543120622241,-45.5463098049748,-8.11111803216504,1
TCGA-A7-A13F-01A,37.9159959549099,-28.9275961777436,5.3869548986668,1
TCGA-A7-A13G-01B,38.6818926598679,-47.1154521715163,1.59152771404165,1
TCGA-A7-A26E-01A,-5.24739020654138,-66.6547540114945,-7.45333591504247,1
TCGA-A7-A26E-01B,-2.21015570472637,-63.8513878288355,-4.05523100732198,1
TCGA-A7-A26H-01A,-20.7136509137244,-49.0257583122335,6.00290366832563,1
TCGA-A7-A26J-01A,2.68407224124327,-60.586195284948,-6.95425088668832,1
TCGA-A7-A26J-01B,3.20202806598437,-48.8834337162816,-17.5778334305926,1
TCGA-A7-A2KD-01A,7.1084135499309,-46.2733241022208,-7.90535508061679,1
TCGA-A7-A3IZ-01A,37.8568438088611,-20.172297701988,-13.9989885095424,1
TCGA-A7-A3J0-01A,6.13941505926993,-30.7452823879645,-25.433142309082,1
TCGA-A7-A3RF-01A,32.3928993560875,-21.6835676463501,-5.82651053180073,1
TCGA-A7-A4SA-01A,34.3477968641903,-34.4071334041993,20.2076531744328,1
TCGA-A7-A4SB-01A,30.0364793245658,-28.5415951091816,16.0321185187691,1
TCGA-A7-A4SD-01A,5.64098949218512,-27.7109069661497,-19.8620647128785,1
TCGA-A7-A4SE-01A,-4.13995463276523,-61.1919132578035,-0.46165034080568,1
TCGA-A7-A4SF-01A,32.3676655798603,-35.0521424164108,-11.8991215885098,1
TCGA-A7-A56D-01A,3.58041130333104,-66.3472999475215,-9.09733039401767,1
TCGA-A7-A5ZV-01A,5.23496923782878,-52.7523673817899,-12.4423566318709,1
TCGA-A7-A6VV-01A,-3.50824869325403,-52.8692878711194,-7.7899411686086,1
TCGA-A7-A6VW-01A,43.5216519384632,-33.9853766405184,-1.97784101757057,1
TCGA-A7-A6VX-01A,-0.065023079631498,-62.2649499940902,-4.53679543291527,1
TCGA-A8-A06N-01A,36.32494859208,-23.516362985023,-8.35362614186142,1
TCGA-A8-A06O-01A,34.4948342799681,-32.526221491628,3.62465292643922,1
TCGA-A8-A06Q-01A,21.0378039091607,-28.2440331263799,-25.553044795466,1
TCGA-A8-A06T-01A,31.4239253861227,-17.3661024958386,-10.2101253458727,1
TCGA-A8-A06U-01A,14.5291487124344,-27.6937455676137,-24.1011397341888,1
TCGA-A8-A06X-01A,34.6446928503363,-25.291297602888,3.32427195843927,1
TCGA-A8-A06Y-01A,29.1349786233897,-22.7956843999113,-16.6722885614354,1
TCGA-A8-A06Z-01A,30.1156233544488,-13.8066494461873,-20.2242001369867,1
TCGA-A8-A075-01A,4.00561005557342,-65.6111560970993,5.1570764599955,1
TCGA-A8-A076-01A,-17.4373865902044,-58.0531056787373,2.95902506377632,1
TCGA-A8-A079-01A,37.0335572108334,-35.9965916396446,3.99318447909824,1
TCGA-A8-A07B-01A,8.74742673675536,-65.4682155440259,-1.21736953699865,1
TCGA-A8-A07C-01A,-22.0152029425486,-29.3151185359124,-2.10849179988815,1
TCGA-A8-A07F-01A,4.19195743311889,-61.6779656224777,1.22158335722469,1
TCGA-A8-A07G-01A,-29.506905284497,-29.3749421951339,1.65177439283705,1
TCGA-A8-A07L-01A,39.5834930321261,-43.8207884403972,3.95785269330103,1
TCGA-A8-A07O-01A,2.75186446922103,-54.9501325152772,-16.1805520327396,1
TCGA-A8-A07P-01A,4.45133396261981,-44.8387372544008,0.29584139858906,1
TCGA-A8-A07R-01A,2.69350566679374,-55.6768553119067,-23.6256762141243,1
TCGA-A8-A07S-01A,26.2099931477472,-27.0084526119598,-9.49722270376097,1
TCGA-A8-A07W-01A,35.4767429676678,-36.7232025653948,-12.6030535270436,1
TCGA-A8-A07Z-01A,31.587894429446,-22.2838751443402,-8.8311203041936,1
TCGA-A8-A081-01A,2.37326178168666,-65.3754050984632,-4.2652243260076,1
TCGA-A8-A082-01A,37.3654865267089,-22.8670607967669,-4.17090964338137,1
TCGA-A8-A083-01A,39.9356730611542,-28.2221579342722,2.57162692597424,1
TCGA-A8-A084-01A,30.0984543248584,-19.5374784064746,-22.851016740563,1
TCGA-A8-A085-01A,36.7098983364624,-30.4667471140211,-6.47856341856075,1
TCGA-A8-A086-01A,27.4249430473802,-36.1154787157695,-3.4694533526642,1
TCGA-A8-A08A-01A,2.01152875195782,-65.4255985159735,-6.54226398512626,1
TCGA-A8-A08B-01A,-0.607409729777434,-61.4421987042448,-3.47832277557014,1
TCGA-A8-A08C-01A,17.97997570004,-32.2832381339047,-11.5486719428933,1
TCGA-A8-A08F-01A,32.9022536821419,-9.12829970136753,-6.69265625467825,1
TCGA-A8-A08G-01A,24.3341508411705,-15.2701999486089,-6.65652333020573,1
TCGA-A8-A08I-01A,20.8061411465242,-15.8902539063461,-8.99070114473424,1
TCGA-A8-A08J-01A,21.5555385008571,-21.0699978413757,-22.781463910965,1
TCGA-A8-A08L-01A,5.96168749324675,-62.3316123420498,-3.28297526419418,1
TCGA-A8-A08O-01A,33.3137231437726,-18.7925943952494,-3.83258779706356,1
TCGA-A8-A08R-01A,6.72193945680657,-55.1759546414673,-6.21896177459605,1
TCGA-A8-A08S-01A,26.5366412532915,-39.5786541821138,-11.1009308068476,1
TCGA-A8-A08T-01A,-0.202239767086276,-66.0985160246453,-4.42866017096166,1
TCGA-A8-A08Z-01A,-24.2412904864279,-35.9067710737161,-5.37257853535836,1
TCGA-A8-A090-01A,-11.6186103774514,-35.3244425766427,11.1178991939502,1
TCGA-A8-A091-01A,35.886408244678,-33.1573508928071,6.87462194482238,1
TCGA-A8-A092-01A,-1.36400465134346,-68.6999268079313,-7.41193024799297,1
TCGA-A8-A093-01A,33.5660385650256,-34.9280751929363,15.2080247666493,1
TCGA-A8-A095-01A,-3.11255009130255,-52.7099341167472,-25.347681129015,1
TCGA-A8-A097-01A,7.77615492253311,-63.614666981152,-3.75531468360012,1
TCGA-A8-A099-01A,-3.1503177127353,-60.6923094069715,-13.7480094005725,1
TCGA-A8-A09A-01A,-22.8583630775229,-41.9086871315023,2.33332571447621,1
TCGA-A8-A09E-01A,38.1498681905244,-40.7521612911771,6.5428114605497,1
TCGA-A8-A09G-01A,21.1372781070267,-19.1452743071308,-16.3035914055253,1
TCGA-A8-A09I-01A,33.2717369407332,-39.6879016067241,0.502985983962445,1
TCGA-A8-A09K-01A,28.5156869397656,-26.245768558748,5.89540962126436,1
TCGA-A8-A09M-01A,38.1260978522806,-35.0080327089961,9.47781981279836,1
TCGA-A8-A09N-01A,45.8055664793,-27.6430034918242,9.24564801262595,1
TCGA-A8-A09R-01A,29.2997218916348,-32.2727056573413,-19.8806000481759,1
TCGA-A8-A09T-01A,7.72925293960126,-55.6365917501861,-19.8571890323793,1
TCGA-A8-A09V-01A,27.6989935984891,-18.8846185753369,-10.1408732425129,1
TCGA-A8-A09W-01A,-20.8029911440221,-49.3303144563191,-1.06617411423902,1
TCGA-A8-A09X-01A,16.3480117660616,-17.5525714131593,-27.5797375181844,1
TCGA-A8-A09Z-01A,37.7731844141085,-44.9411105821063,4.99357705458752,1
TCGA-A8-A0A2-01A,5.76651785801396,-44.9884957551673,-3.77236007118667,1
TCGA-A8-A0A9-01A,39.2707105129093,-44.516956212956,5.78596051286836,1
TCGA-A8-A0AB-01A,26.6231505663086,-40.9147709495672,-14.9375531900752,1
TCGA-A8-A0AD-01A,8.26225024767334,-64.5579514092312,3.17314452839479,1
TCGA-AC-A23C-01A,-4.56512603283491,-27.5724422900791,-0.434114132785468,1
TCGA-AC-A23E-01A,-21.6867963406474,-46.9204543209851,-1.40054520141222,1
TCGA-AC-A23H-01A,19.4285729828884,-20.498974313152,-22.1327991474646,1
TCGA-AC-A2B8-01A,-24.3619183917529,-41.5823573795718,-8.44506435865317,1
TCGA-AC-A2BK-01A,7.29513251099789,-59.9383446758998,-13.3497042407345,1
TCGA-AC-A2BM-01A,29.309950607811,-23.2530634258449,-6.63474482085225,1
TCGA-AC-A2FG-01A,-33.0012652211937,-33.6207800480421,-1.9195241694607,1
TCGA-AC-A2FM-01A,40.2034375006376,-24.4459211044404,-4.77210147272203,1
TCGA-AC-A2FO-01A,-34.1934481921672,-33.2874194578664,2.33169471872286,1
TCGA-AC-A2QH-01B,30.2933102735834,-36.6963447032705,4.48443645203178,1
TCGA-AC-A3EH-01A,21.8510121069052,-19.6973298771917,-21.7228468464993,1
TCGA-AC-A3QP-01A,-10.2946013582998,-46.9886082046023,4.16289736782897,1
TCGA-AC-A3TM-01A,22.2362107628513,-32.557316982366,1.35783198589588,1
TCGA-AC-A3TN-01A,39.0420171497591,-31.0752444810838,-4.07155580164033,1
TCGA-AC-A3YI-01A,-20.9886106664888,-40.2779655480691,3.72393283740614,1
TCGA-AC-A3YJ-01A,17.5068088656166,-33.5017561322295,-18.0488502529965,1
TCGA-AC-A4ZE-01A,31.2988216901728,-24.9256063087038,21.0940807283809,1
TCGA-AC-A5EH-01A,10.6305385771084,-20.7062346304343,-19.8544534489985,1
TCGA-AC-A5XU-01A,26.0468351319682,-26.3192396763322,-8.00256141936917,1
TCGA-AC-A62V-01A,40.965902922659,-34.8741296189512,9.31874635629052,1
TCGA-AC-A62X-01A,30.3279327752562,-21.5623870905921,-5.14881493329915,1
TCGA-AC-A62Y-01A,-17.0760283537071,-54.5242749878144,3.9107328266795,1
TCGA-AC-A6IW-01A,-4.328102993533,-33.8846463787959,-8.46709929356681,1
TCGA-AC-A6NO-01A,34.9420388202977,-21.2525178694343,-14.0723303497087,1
TCGA-AC-A7VB-01A,36.2308831337151,-46.6224683141977,0.603089769882137,1
TCGA-AC-A8OP-01A,33.6805363763059,-28.628501496166,10.0879695877308,1
TCGA-AC-A8OR-01A,30.1610897188104,-31.1933023882876,-5.6004109135763,1
TCGA-AN-A03X-01A,-29.9383079061104,-37.8953882275914,-0.783717647643962,1
TCGA-AN-A03Y-01A,40.8505831402604,-28.1316481289334,-17.9333175865253,1
TCGA-AN-A041-01A,1.47600229571137,-44.5803358406597,-15.1724663331984,1
TCGA-AN-A046-01A,-11.9648970994333,-38.2594866587632,10.6124761327028,1
TCGA-AN-A049-01A,9.91908830149672,-52.7573913156702,-2.09369831370464,1
TCGA-AN-A04A-01A,-23.3589517933427,-50.8352622397259,1.67112286443805,1
TCGA-AN-A04C-01A,8.88815895443378,-61.1802944646794,-7.74137938162264,1
TCGA-AN-A04D-01A,25.2285157519815,-20.91731227761,-17.9490438263792,1
TCGA-AN-A0AJ-01A,5.00817688040084,-61.9924105579901,-14.533163076435,1
TCGA-AN-A0AK-01A,31.0371056691043,-23.7195153145185,-14.0479183147996,1
TCGA-AN-A0AM-01A,44.0554681355383,-37.39135324822,1.82977476357247,1
TCGA-AN-A0AR-01A,17.0069805207494,-37.9563446209867,-4.26004322425094,1
TCGA-AN-A0AS-01A,-17.6396630337466,-50.766672098389,-2.99436606636525,1
TCGA-AN-A0AT-01A,-18.3747630438653,-41.1489920193563,-2.41711804323149,1
TCGA-AN-A0FD-01A,20.8774951540756,-21.3795914227451,-9.54492990468476,1
TCGA-AN-A0FF-01A,34.077966636112,-9.00662784503287,-9.580822148508,1
TCGA-AN-A0FJ-01A,27.4082815202792,-20.02670523926,-9.90578946877758,1
TCGA-AN-A0FK-01A,30.7936486764459,-20.4755341801002,-16.7699562757467,1
TCGA-AN-A0FL-01A,22.1593360747536,-18.5360804324899,-17.3707132919868,1
TCGA-AN-A0FT-01A,4.38697586972585,-64.7331959830404,-4.80629104614711,1
TCGA-AN-A0FV-01A,14.4537398523201,-27.3133026389965,-22.2017326887394,1
TCGA-AN-A0FW-01A,31.43306346906,-32.3864509896521,22.3059188144981,1
TCGA-AN-A0FX-01A,-17.9504470456418,-36.8626306325056,4.92131212140429,1
TCGA-AN-A0FY-01A,31.2941269506026,-34.4795654504082,-1.19052608540914,1
TCGA-AN-A0FZ-01A,28.297937529384,-14.9112479069713,-21.7845922169529,1
TCGA-AN-A0G0-01A,-15.0875432313143,-27.29188149137,-9.41614114532337,1
TCGA-AN-A0XN-01A,-19.7496906043797,-42.4691148284156,-2.73377610713186,1
TCGA-AN-A0XO-01A,26.3017594245033,-27.6523801999608,-20.015529205953,1
TCGA-AN-A0XP-01A,37.0769777593319,-22.1949137997339,-0.22504695617375,1
TCGA-AN-A0XR-01A,25.0448965237699,-36.0495336776636,-20.9403154866028,1
TCGA-AN-A0XS-01A,8.01885094206381,-50.4850535526205,-3.85220407840115,1
TCGA-AN-A0XT-01A,30.6988928649785,-36.4998418845897,14.0618621133683,1
TCGA-AN-A0XU-01A,5.19807535707421,-55.7768003781972,-12.8908418667271,1
TCGA-AN-A0XW-01A,-19.2452397790908,-38.6637850853953,-3.42701091735835,1
TCGA-AO-A03L-01A,46.1293366668955,-23.0838832658108,-6.36341158952074,1
TCGA-AO-A03N-01B,26.1630385691932,-23.1809150749085,-17.4968522621388,1
TCGA-AO-A03O-01A,34.3904426332868,-36.8910488301515,-15.719436307006,1
TCGA-AO-A03P-01A,21.0145579642048,-34.8829451592001,-1.57502464923166,1
TCGA-AO-A03T-01A,30.6350958768793,-10.1002519638284,-3.60901990376835,1
TCGA-AO-A03V-01A,43.7533667475517,-24.2994102793926,5.32641222236712,1
TCGA-AO-A0J2-01A,14.7888910235623,-25.9241461990613,-23.373171050707,1
TCGA-AO-A0J3-01A,35.7644534087734,-25.2335714299393,-11.3207732606001,1
TCGA-AO-A0J4-01A,8.27216663341263,-50.3339939915034,-3.55197647732,1
TCGA-AO-A0J6-01A,-16.0156506565032,-40.2548530003965,-9.91026866620819,1
TCGA-AO-A0J7-01A,37.6083777576244,-29.3780553207587,-11.5299988462694,1
TCGA-AO-A0J8-01A,20.941326717002,-17.9072114366967,-7.90751053722784,1
TCGA-AO-A0JA-01A,-23.6055509930534,-40.5276796892157,-2.94207024433637,1
TCGA-AO-A0JB-01A,10.0980466212952,-23.5895914001917,-23.1299543975033,1
TCGA-AO-A0JD-01A,41.1493390693315,-28.7744889579115,-4.49229111021083,1
TCGA-AO-A0JE-01A,-18.4847951061692,-57.3837182147751,0.457614888433155,1
TCGA-AO-A0JG-01A,32.7634035885519,-26.6071424413456,21.0089541070542,1
TCGA-AO-A0JI-01A,30.227074340452,-29.7484369459763,-3.17757642945212,1
TCGA-AO-A0JL-01A,-16.5485254199574,-46.0503055068933,0.58008821926559,1
TCGA-AO-A0JM-01A,-2.68338585857138,-64.9391706848299,-2.14127568323862,1
TCGA-AO-A124-01A,-4.7808007851002,-56.6277981539137,-18.8049805702138,1
TCGA-AO-A125-01A,32.3867504023041,-25.7083159325581,-6.5315167754765,1
TCGA-AO-A126-01A,38.9456452728143,-33.8706831028911,20.3097901268978,1
TCGA-AO-A129-01A,-17.0572676284095,-29.3126018505789,15.1743100728498,1
TCGA-AO-A12B-01A,29.9882571431597,-16.6725561195558,1.94225003125273,1
TCGA-AO-A12D-01A,-28.9069030203788,-45.9141789964322,-2.98188222624994,1
TCGA-AO-A12G-01A,0.375210619525778,-61.7580898199221,4.80742413515271,1
TCGA-AO-A12H-01A,32.8767052589636,-29.2921576209775,-0.171791237932608,1
TCGA-AO-A1KP-01A,25.5876037552066,-32.0850619638096,-7.02183386149326,1
TCGA-AO-A1KQ-01A,30.1292327944127,-14.7888531303284,-13.8936016394593,1
TCGA-AO-A1KS-01A,36.3268775463617,-34.3287698694296,-6.53793013417681,1
TCGA-AO-A1KT-01A,-12.8595153002241,-40.7468793655904,-7.35547372528483,1
TCGA-AQ-A04H-01B,36.2918761722097,-28.4481348826909,9.34469933786097,1
TCGA-AQ-A04L-01B,3.20432139553961,-59.9108749457124,-6.2355228264828,1
TCGA-AQ-A0Y5-01A,-17.9962782918309,-45.0328685472969,3.39956158555116,1
TCGA-AQ-A1H2-01A,38.1810176547876,-29.4529458199147,6.3292134552635,1
TCGA-AQ-A54N-01A,27.1009055780865,-30.560251907635,-14.8650558785512,1
TCGA-AQ-A54O-01A,38.3400004179728,-29.7961620385945,-9.83753973421047,1
TCGA-AR-A0TP-01A,5.52917883689888,-55.0080118555396,-16.3735733628655,1
TCGA-AR-A0TQ-01A,31.1053331326762,-44.7756151030919,-15.8003435685997,1
TCGA-AR-A0TR-01A,29.1232955746359,-14.1950158511915,-9.81709820016019,1
TCGA-AR-A0TU-01A,19.1465745318838,-29.6033507888386,-7.81928216693932,1
TCGA-AR-A0TV-01A,35.4176504432743,-21.7360387778034,-0.296003265026828,1
TCGA-AR-A0TX-01A,21.5269884821438,-2.06850530290088,-6.5798317338098,1
TCGA-AR-A0TY-01A,36.2197625484376,-21.4954316494388,-1.06567030108071,1
TCGA-AR-A0TZ-01A,36.6170253084474,-40.6433170352617,0.581610827601534,1
TCGA-AR-A0U2-01A,20.0300921121784,-37.1390768659411,-20.4535174453263,1
TCGA-AR-A0U3-01A,39.0600334718412,-23.7076483782494,-16.7039454199176,1
TCGA-AR-A0U4-01A,2.76236979740386,-53.6172161960268,-8.42383246023319,1
TCGA-AR-A1AH-01A,-14.0726717659252,-39.2800047327905,1.2466126625391,1
TCGA-AR-A1AI-01A,-11.9981515595293,-35.7798225901658,-9.57185902487766,1
TCGA-AR-A1AM-01A,32.1006259697372,-5.29692809040711,-7.91008812050605,1
TCGA-AR-A1AP-01A,37.4456702802692,-35.481760950675,7.2592749537939,1
TCGA-AR-A1AQ-01A,-16.0721383993225,-34.3445548323364,-0.624296589683515,1
TCGA-AR-A1AS-01A,33.4878916561558,-29.3125560752384,-6.31969833451119,1
TCGA-AR-A1AV-01A,43.4699044918247,-21.5014390734875,-18.7955477873407,1
TCGA-AR-A1AY-01A,6.90237084705408,-55.2191538789155,-19.5871301329133,1
TCGA-AR-A24H-01A,-3.24372335877912,-63.680694170449,-11.1841189192859,1
TCGA-AR-A24K-01A,12.9806195166555,-30.476077976514,-5.42801964774578,1
TCGA-AR-A24L-01A,22.35259241178,-1.93658007775318,-3.33450892381087,1
TCGA-AR-A24M-01A,-3.30433874138466,-62.2680563137406,2.24943142432223,1
TCGA-AR-A24N-01A,6.13909971694537,-51.9488614258429,-1.16672170225828,1
TCGA-AR-A24P-01A,12.7207969198552,-30.9380127840637,-20.4919483038666,1
TCGA-AR-A24Q-01A,-5.57935226577258,-45.9873447471144,-6.14505763091873,1
TCGA-AR-A24R-01A,33.7692022702528,-33.1251833572956,19.0198645253304,1
TCGA-AR-A24S-01A,-22.1628056993555,-35.0649446290212,-0.913698974921224,1
TCGA-AR-A24W-01A,-26.9276716858714,-30.9199098336195,2.7050913174215,1
TCGA-AR-A24X-01A,2.64471321478937,-25.2356178122411,-20.8242195573947,1
TCGA-AR-A24Z-01A,35.9629132834298,-14.1493880885358,-7.1563477640698,1
TCGA-AR-A250-01A,-20.5329505677921,-49.5391365198912,6.1099835901105,1
TCGA-AR-A251-01A,-13.7132243044899,-44.7873954637287,0.874210359404109,1
TCGA-AR-A254-01A,-19.4225953362817,-46.0046545825162,-3.66797099528673,1
TCGA-AR-A255-01A,-16.0868260173079,-57.6261089921648,-2.54974684715236,1
TCGA-AR-A256-01A,2.69972211390932,-60.9666648632579,-7.60346504485684,1
TCGA-AR-A2LE-01A,34.3481762662522,-38.1995505689711,11.5011438811536,1
TCGA-AR-A2LK-01A,20.8976248785068,-31.2963289349263,-17.9437533925009,1
TCGA-AR-A2LL-01A,38.029512776659,-36.427939200056,-2.33647215861338,1
TCGA-AR-A2LR-01A,8.02910795513834,-48.9109486085183,-8.56075918547705,1
TCGA-B6-A0I1-01A,28.7263813189115,-36.3876074225206,-14.5611034780746,1
TCGA-B6-A0I2-01A,12.5006658807462,-24.8575350750586,-16.3469236637624,1
TCGA-B6-A0I5-01A,26.0525179213828,-37.039118964669,-21.1513335810013,1
TCGA-B6-A0I6-01A,4.8263203447928,-53.849105068446,-11.7420858617548,1
TCGA-B6-A0I8-01A,27.2556174297683,-25.2754838704323,-25.0898130745725,1
TCGA-B6-A0I9-01A,37.9808988537324,-37.8887907713368,-1.30475763553564,1
TCGA-B6-A0IA-01A,26.0372331023157,-32.0939012025796,-19.7746931394845,1
TCGA-B6-A0IB-01A,27.135548221654,-22.9074458046122,-9.54382218758467,1
TCGA-B6-A0IC-01A,33.34033634259,-33.7638948637268,-10.0634895272667,1
TCGA-B6-A0IE-01A,25.2310628683161,-34.3522158942197,-15.12635398459,1
TCGA-B6-A0IG-01A,4.86210085403653,-44.9157292139859,-9.62081276372441,1
TCGA-B6-A0IJ-01A,-2.26016429719104,-56.314225114353,-11.5486264391201,1
TCGA-B6-A0IK-01A,5.08481668984054,-69.6552786796561,-9.17958137991879,1
TCGA-B6-A0IM-01A,29.1935296628402,-19.333846498089,-16.2126417970277,1
TCGA-B6-A0IO-01A,31.7440740209915,-19.538475120695,-17.6096187819996,1
TCGA-B6-A0IP-01A,34.1246409246791,-18.2880791587816,-10.6785777515024,1
TCGA-B6-A0IQ-01A,34.0442048051038,-41.265966243438,-10.5199432190586,1
TCGA-B6-A0RE-01A,-10.1291753408008,-41.3698629670707,-4.96484855665825,1
TCGA-B6-A0RG-01A,35.5203157834498,-25.4215758304967,-7.12581692579562,1
TCGA-B6-A0RH-01A,23.7297935611253,-21.8200157671703,-11.8354170019738,1
TCGA-B6-A0RI-01A,30.2388623253129,-15.5615987863831,-3.59020087240919,1
TCGA-B6-A0RL-01A,33.9307698518694,-22.7471395628519,-5.01392701199727,1
TCGA-B6-A0RM-01A,37.2496099895406,-27.3726875544059,-12.9967016601896,1
TCGA-B6-A0RN-01A,-4.00095499568507,-58.0666205963414,-9.30086891714916,1
TCGA-B6-A0RO-01A,19.4274444446967,-36.1120220345751,-12.0706420271534,1
TCGA-B6-A0RP-01A,-18.7584531538605,-40.9021862128456,-3.158967622317,1
TCGA-B6-A0RS-01A,6.80147502377637,-25.4710786994244,-22.9761234492304,1
TCGA-B6-A0WT-01A,-11.4046648987359,-40.2997738013243,-8.47663095157863,1
TCGA-B6-A0WV-01A,32.8065217744307,-28.8525088268973,-8.92107891581525,1
TCGA-B6-A0WW-01A,42.2487652395316,-34.6347655370572,7.95150157527344,1
TCGA-B6-A0WX-01A,-12.1905105838482,-34.2123671882759,-8.81598981874954,1
TCGA-B6-A0WY-01A,23.6997101785844,-7.83154072024474,-9.5676977086196,1
TCGA-B6-A0WZ-01A,18.3570968574122,-31.3551522622954,-18.7061659810068,1
TCGA-B6-A0X0-01A,31.5419715316221,-22.2316136275743,-16.1418335535542,1
TCGA-B6-A0X1-01A,29.0328003933103,-40.8686371413983,2.63054532958043,1
TCGA-B6-A0X4-01A,30.5792918742623,-19.7004447536285,-8.45082425012168,1
TCGA-B6-A0X5-01A,32.290224808076,-28.8059157075784,-0.162951873506425,1
TCGA-B6-A1KC-01B,27.0053981932618,-26.2570851263366,-1.00933657272315,1
TCGA-B6-A1KF-01A,-6.37703197677868,-63.2577104357297,-0.500001880444672,1
TCGA-B6-A1KN-01A,32.7247591616669,-39.9689890996298,1.45779441950025,1
TCGA-B6-A2IU-01A,30.798342768604,-15.7985872435868,-2.50330873852493,1
TCGA-B6-A400-01A,9.21592155483634,-55.2931277734444,-6.83200181558079,1
TCGA-B6-A401-01A,-5.75597373385849,-47.1178754171362,-10.1669647899173,1
TCGA-B6-A402-01A,21.7492492324152,-35.0095296496203,-12.056004290738,1
TCGA-B6-A408-01A,31.0562836381944,-14.3138738958711,-3.15583703523917,1
TCGA-B6-A409-01A,-2.60352724013403,-56.7304741173167,1.90762087753267,1
TCGA-B6-A40B-01A,22.8708859868833,-41.0556733364992,-18.007544546201,1
TCGA-B6-A40C-01A,2.29098792144966,-69.5058535401644,-5.3219692855302,1
TCGA-BH-A0AV-01A,-12.3404819867109,-38.3206456794088,-5.5481379333098,1
TCGA-BH-A0B3-01A,-9.44129762662001,-47.4443988914472,-1.06119161824348,1
TCGA-BH-A0B4-01A,28.9231112875418,-27.7609274636708,21.819146855625,1
TCGA-BH-A0B5-01A,33.0834706014623,-12.3660273674384,-6.03613196364962,1
TCGA-BH-A0B8-01A,33.3753840957375,-28.2583589848566,2.51086390856331,1
TCGA-BH-A0B9-01A,20.6710814443177,-37.4367252241625,-11.7336870888083,1
TCGA-BH-A0BA-01A,32.1101340906128,-2.56441391042306,-6.20273433569989,1
TCGA-BH-A0BG-01A,-12.8127314440611,-46.3927770082855,-11.0757411669611,1
TCGA-BH-A0BM-01A,-10.6413145473516,-32.7992713071489,-9.73035653238995,1
TCGA-BH-A0BT-01A,1.40379235327062,-70.799433743397,-3.18877823779316,1
TCGA-BH-A0BV-01A,35.4535401317406,-27.2789195628348,11.3036664448103,1
TCGA-BH-A0BW-01A,-0.982706271349797,-47.3892104407871,-3.72205663997263,1
TCGA-BH-A0C0-01A,27.0584814597333,-32.4454218045632,-20.0113531152096,1
TCGA-BH-A0C7-01B,44.8680045668153,-38.9553926399755,9.33605695790644,1
TCGA-BH-A0DD-01A,34.7110734450301,-30.3518735045472,3.13986823153201,1
TCGA-BH-A0DH-01A,-1.31371704722816,-52.0816071534944,-11.3993891817592,1
TCGA-BH-A0DL-01A,28.2635341549571,-14.4745323874951,-19.8900443330365,1
TCGA-BH-A0DS-01A,-16.352846054062,-33.344817920806,-9.40546775394968,1
TCGA-BH-A0DZ-01A,4.80540357775041,-67.3812511459539,-3.57353501890103,1
TCGA-BH-A0E0-01A,18.1236118732595,-38.5564276214618,-10.8826619146478,1
TCGA-BH-A0E2-01A,-16.7551920889021,-33.550215980455,11.1815554724203,1
TCGA-BH-A0E6-01A,16.6513474544963,-29.8294269252789,-12.3542214965572,1
TCGA-BH-A0E7-01A,10.2733127258768,-64.2582841566575,-7.34155245615133,1
TCGA-BH-A0EB-01A,-21.3665129160675,-53.4345708570533,2.27044268358457,1
TCGA-BH-A0EE-01A,26.4010504456122,-40.3480777712784,-14.1200419942454,1
TCGA-BH-A0GY-01A,25.6683037393084,-23.6049871246901,-22.8181176998631,1
TCGA-BH-A0H0-01A,33.0751741310967,-16.2912978175297,-6.9537474951332,1
TCGA-BH-A0H6-01A,0.821173827878043,-55.1544842001149,-6.7041852202385,1
TCGA-BH-A0H7-01A,11.6930738220882,-16.1860213579332,-17.3279628252473,1
TCGA-BH-A0H9-01A,44.8377889394691,-21.1655353081696,0.936936202333707,1
TCGA-BH-A0HB-01A,34.043786619576,-24.1993633931647,-14.360523891843,1
TCGA-BH-A0HI-01A,28.1350210049212,-19.5782622450333,-18.0283673099623,1
TCGA-BH-A0HL-01A,33.1590904224814,-31.2719627913178,1.80105821776047,1
TCGA-BH-A0HN-01A,18.8031069882439,-36.5971132837274,-17.0553011961384,1
TCGA-BH-A0HQ-01A,7.32469061577898,-27.4797571220896,-20.904615224866,1
TCGA-BH-A0HU-01A,24.7948330979465,-24.8288919396773,-23.7111420057038,1
TCGA-BH-A0HW-01A,38.1532965037511,-28.6118509389669,3.50329667079379,1
TCGA-BH-A0HY-01A,4.39059921408083,-59.4976358175311,-13.1555016455107,1
TCGA-BH-A0W3-01A,35.769149702078,-20.9337725588534,-15.277876937783,1
TCGA-BH-A0W4-01A,38.6419189740021,-21.1520593567503,2.30839031988153,1
TCGA-BH-A0WA-01A,4.97959469529469,-55.9729962106082,-13.2035016921151,1
TCGA-BH-A18I-01A,-24.8677287365153,-46.1452858335092,6.31614917817701,1
TCGA-BH-A18J-01A,16.1176305488029,-23.8625614706172,-18.2464068371714,1
TCGA-BH-A18K-01A,-20.1699069971797,-58.154916977414,-4.99878977661821,1
TCGA-BH-A18L-01A,40.1503571482578,-30.6258066646825,-16.8649189287396,1
TCGA-BH-A18N-01A,41.7513594047978,-24.8679609542133,-4.22217373351388,1
TCGA-BH-A18P-01A,37.5868307238352,-40.8704818013937,5.22975726310099,1
TCGA-BH-A18Q-01A,-9.53640733292549,-35.9061704876928,-2.35129819132977,1
TCGA-BH-A18R-01A,35.3330906438724,-25.0912131856385,-5.83972603433936,1
TCGA-BH-A18S-01A,1.00475749233439,-63.4977784561195,-4.49613806902033,1
TCGA-BH-A18T-01A,19.3959827618218,-37.0145141368735,-13.0172753653087,1
TCGA-BH-A18U-01A,7.576918418743,-64.7218668769603,-10.2865001717453,1
TCGA-BH-A18V-01A,3.17966001459288,-46.729732255214,-4.61452988563486,1
TCGA-BH-A1EO-01A,-17.7546460410412,-45.4786046541003,3.166785863432,1
TCGA-BH-A1ES-01A,38.8792812090965,-25.8101674464705,-1.13264436247918,1
TCGA-BH-A1EV-01A,12.2773104306664,-20.1600609773419,-16.1910289809705,1
TCGA-BH-A1EW-01A,-33.9737831642325,-40.4199707392909,-2.73778071525792,1
TCGA-BH-A1EX-01A,-27.7854450668206,-34.5751678977505,-3.44285612512541,1
TCGA-BH-A1EY-01A,-27.5392266168923,-30.7485320551678,-5.61946413221965,1
TCGA-BH-A1F2-01A,-20.9235920413359,-39.7636517982397,-5.35247646539141,1
TCGA-BH-A1F5-01A,19.361478116019,-34.1076996893801,-14.7592965644441,1
TCGA-BH-A1F8-01A,41.299504910164,-16.8468937211332,2.13577134088517,1
TCGA-BH-A1FC-01A,0.673690421119751,-60.6434549578682,-11.9335023119048,1
TCGA-BH-A1FD-01A,39.7895827449452,-22.5167374194663,4.9929148495664,1
TCGA-BH-A1FG-01A,35.6998853919916,-18.9903644121135,-3.67403335286699,1
TCGA-BH-A1FJ-01A,16.8084408520901,-30.4206941763568,-14.7924707421723,1
TCGA-BH-A1FL-01A,32.3248934867545,-24.4614472931794,-10.5346287808273,1
TCGA-BH-A1FM-01A,6.90042105362547,-53.3808046069654,-4.93268609483546,1
TCGA-BH-A1FN-01A,3.74048552198429,-49.1862944266958,-9.73412820848325,1
TCGA-BH-A1FR-01A,40.7353902776037,-34.6884218185671,4.97765919800085,1
TCGA-BH-A201-01A,-19.2177311457977,-31.8016946703939,7.34053966714964,1
TCGA-BH-A202-01A,0.881723361850345,-62.2115025189436,1.17613421752703,1
TCGA-BH-A203-01A,14.7515870272558,-21.0418405737114,-21.6470436489357,1
TCGA-BH-A204-01A,30.7642489922101,-29.3000856055334,13.2993575608502,1
TCGA-BH-A209-01A,-29.5475895684514,-40.9608184358869,3.83197437774762,1
TCGA-BH-A28Q-01A,32.4969710408975,-25.3500790659409,8.32157536585229,1
TCGA-BH-A42T-01A,35.7874425913706,-37.3490218514456,-1.91912588951104,1
TCGA-BH-A5IZ-01A,21.2153555586104,-43.7442652343185,-21.7552919947871,1
TCGA-BH-A5J0-01A,38.7683488709397,-20.3745443144806,-1.22284247401237,1
TCGA-BH-A6R8-01A,26.91174995422,-12.861050974269,-15.7695315009828,1
TCGA-BH-A6R9-01A,-18.6930446562176,-36.0269245862695,-4.16725442754034,1
TCGA-BH-A8FY-01A,24.1500112962791,-22.3076626526782,-4.47028488652005,1
TCGA-BH-A8FZ-01A,4.87200989076151,-67.5480691248887,-3.29787983671588,1
TCGA-BH-AB28-01A,37.2236986463301,-33.4178157433685,9.93773839354821,1
TCGA-C8-A12K-01A,-2.95866697499183,-44.3983905832586,-14.1073069801174,1
TCGA-C8-A12L-01A,6.11498148691403,-60.5589725443692,-18.1662023553687,1
TCGA-C8-A12M-01A,41.9208442372649,-39.3944906227521,5.34207531039685,1
TCGA-C8-A12N-01A,13.2812781930006,-46.2669542232667,-9.89364674422714,1
TCGA-C8-A12O-01A,2.71898799261476,-58.4492403803837,-3.90241119000636,1
TCGA-C8-A12P-01A,40.5581638161326,-40.4577544213197,-0.651588323718746,1
TCGA-C8-A12Q-01A,-19.2069758088522,-47.66295922555,-5.15854202825668,1
TCGA-C8-A12T-01A,8.41711216869244,-25.5023045119001,-16.5884005339289,1
TCGA-C8-A12U-01A,26.8637164021469,-23.9708159034479,-7.31586449910798,1
TCGA-C8-A12W-01A,-19.2446615869606,-57.616485811763,6.99613776227852,1
TCGA-C8-A12X-01A,25.3460402080521,-18.810257871419,-9.21695583495992,1
TCGA-C8-A12Y-01A,34.1893184899085,-23.1317046957333,-7.01719144018815,1
TCGA-C8-A12Z-01A,24.4671896589936,-17.4483359457102,-18.2144372827753,1
TCGA-C8-A130-01A,-14.3493871333919,-40.0605619656443,7.00687476940659,1
TCGA-C8-A131-01A,8.11850705993673,-48.8751110744293,-11.9323568522962,1
TCGA-C8-A133-01A,30.390529737709,-14.5796121285161,-14.1100481124929,1
TCGA-C8-A134-01A,7.71440562435012,-46.7770801354557,-15.2403503925917,1
TCGA-C8-A135-01A,-26.3990844486666,-53.717620127789,1.04461108466734,1
TCGA-C8-A137-01A,1.56129757927113,-60.3580758849435,-8.6469062254531,1
TCGA-C8-A1HE-01A,41.1543648034018,-28.9666877303296,10.0830678765851,1
TCGA-C8-A1HF-01A,13.4180886799398,-25.9286325883851,-23.5641680134646,1
TCGA-C8-A1HG-01A,19.0642430007234,-32.7836302522285,-4.40722399059576,1
TCGA-C8-A1HI-01A,31.9215260229815,-6.83769707218475,-4.07966653426004,1
TCGA-C8-A1HK-01A,5.98640328549424,-61.0053235361888,-8.65343256944467,1
TCGA-C8-A1HM-01A,20.9659429893761,-19.243438907968,-20.6442706448224,1
TCGA-C8-A1HN-01A,30.377562495226,-40.9311605239563,-7.08515386102273,1
TCGA-C8-A1HO-01A,31.9625860093913,-30.6877623663311,-7.08634629454458,1
TCGA-C8-A26V-01A,38.828576661867,-33.9407213649293,6.60244518894381,1
TCGA-C8-A26W-01A,37.7568470212434,-23.915327086215,-21.5013881491297,1
TCGA-C8-A26X-01A,-2.96790126993452,-68.1036436052179,5.96863108935741,1
TCGA-C8-A26Y-01A,9.82942655931072,-69.5534976093351,-12.3100693969666,1
TCGA-C8-A26Z-01A,40.1293741042842,-18.7198148952049,-4.77800681052836,1
TCGA-C8-A274-01A,32.6214359835216,-25.6450582208689,-20.7762546437313,1
TCGA-C8-A275-01A,-1.57046620297288,-65.9697713370159,-1.21670133472314,1
TCGA-C8-A278-01A,-22.57857093223,-47.6771120163596,-6.5058377185791,1
TCGA-C8-A27A-01A,23.4805570710908,-33.5977299467989,-21.0393814526243,1
TCGA-C8-A27B-01A,4.41191928333828,-60.0353931874173,5.00231822150678,1
TCGA-C8-A3M8-01A,34.8642179500181,-10.6252085776942,-1.65383462951479,1
TCGA-C8-A8HP-01A,4.48370328455504,-70.1248411965529,-8.32378834449515,1
TCGA-C8-A8HQ-01A,7.21314481023379,-48.7813783567751,-2.7852394128357,1
TCGA-D8-A13Y-01A,26.2788047753661,-35.6732109301186,-12.1056813666299,1
TCGA-D8-A13Z-01A,-12.7893427246867,-58.7433833190592,-3.69452326405039,1
TCGA-D8-A140-01A,39.5494770877211,-25.303164871871,8.75821539367506,1
TCGA-D8-A141-01A,-26.8528896111122,-29.1815154255769,-9.57353303771002,1
TCGA-D8-A142-01A,-16.8660921048106,-42.2595812965548,-7.84927531023774,1
TCGA-D8-A143-01A,-19.812382349644,-40.9260325194953,-2.90639238499245,1
TCGA-D8-A146-01A,-27.575112265813,-41.4561710432255,-6.92889946983101,1
TCGA-D8-A147-01A,6.20079472557955,-65.0088812061226,-11.3182998921552,1
TCGA-D8-A1J8-01A,2.42016450098265,-62.3454265723968,1.71461934479836,1
TCGA-D8-A1J9-01A,2.0356698765087,-61.1903743824252,7.99251065711683,1
TCGA-D8-A1JA-01A,-13.7568402979393,-50.6359628060643,-0.380298255958092,1
TCGA-D8-A1JC-01A,10.4356118848807,-21.2141192576432,-22.879622658344,1
TCGA-D8-A1JD-01A,4.76663954380175,-64.8883567751827,0.742032735979459,1
TCGA-D8-A1JF-01A,-0.0147631556159361,-61.7754764576195,5.71126752440737,1
TCGA-D8-A1JG-01B,-25.8422281554913,-57.3217244965692,5.02504668929967,1
TCGA-D8-A1JI-01A,34.7898769591924,-20.3702095987878,1.09591772489553,1
TCGA-D8-A1JJ-01A,-19.6332603047038,-44.1747326355997,-5.41705682709367,1
TCGA-D8-A1JK-01A,-22.8763623227491,-48.5705302470555,5.71969860196852,1
TCGA-D8-A1JM-01A,18.324518638675,-30.8442569201414,-17.5146953124211,1
TCGA-D8-A1JN-01A,19.8412398429337,-20.6180225411451,-18.5828432500517,1
TCGA-D8-A1JP-01A,0.373352977088805,-65.732780316946,1.26402431385027,1
TCGA-D8-A1JT-01A,26.262696936748,-29.7221606851273,-12.84221847773,1
TCGA-D8-A1X5-01A,-12.862055589341,-36.8478324730831,7.3514797438802,1
TCGA-D8-A1X6-01A,26.0789313767467,-14.6909344674428,-10.2939750964624,1
TCGA-D8-A1X7-01A,4.60428269508709,-64.9911122714844,3.34672200729533,1
TCGA-D8-A1X9-01A,-18.5592014378357,-42.5638832989437,-3.46477428995505,1
TCGA-D8-A1XA-01A,43.8823080716901,-33.8567664516116,6.96062242221826,1
TCGA-D8-A1XB-01A,-18.2400708529835,-36.4510201640787,-2.036868935765,1
TCGA-D8-A1XC-01A,26.2154126192864,-36.0110548569266,-13.1797657662114,1
TCGA-D8-A1XD-01A,33.5676788393579,-25.3822649337263,-11.5273828770942,1
TCGA-D8-A1XF-01A,14.2500437173134,-29.5657498315072,-15.4032329575805,1
TCGA-D8-A1XG-01A,24.655414822729,-41.1442406762543,-7.55322030592303,1
TCGA-D8-A1XJ-01A,4.97517529424601,-62.460814348161,-9.75528564719815,1
TCGA-D8-A1XK-01A,-11.2753305487086,-35.9668016246556,-4.54721890368756,1
TCGA-D8-A1XL-01A,18.8909239648846,-29.7356817296083,-15.7699802172779,1
TCGA-D8-A1XO-01A,-27.3840800225502,-50.8342094850566,1.41679224523346,1
TCGA-D8-A1XQ-01A,-15.388805041477,-45.6119593157657,-7.71185278982795,1
TCGA-D8-A1XR-01A,0.0194990232445228,-58.0068231128766,-6.94711008641001,1
TCGA-D8-A1XS-01A,2.9583178442012,-44.7466044324444,-2.67405318765067,1
TCGA-D8-A1XT-01A,-13.5715775083931,-32.0319281681172,14.1924000412482,1
TCGA-D8-A1XU-01A,-18.1187588426105,-49.8994659562129,-0.951722512764262,1
TCGA-D8-A1XV-01A,21.4712108417733,-40.505224419457,-8.73730506930324,1
TCGA-D8-A1XW-01A,-14.3782598344582,-44.9001927619611,-6.56635530925838,1
TCGA-D8-A1XY-01A,-12.6579734576761,-44.1531093329975,-4.78900228299176,1
TCGA-D8-A1XZ-01A,1.82924889895562,-64.5249327938868,0.161546493514656,1
TCGA-D8-A1Y2-01A,-21.1898497025485,-35.5914738987051,-6.50512035394397,1
TCGA-D8-A1Y3-01A,8.01154362091945,-60.5487319527611,-11.8012009512154,1
TCGA-D8-A27E-01A,29.1881472785054,-17.1667715196015,3.55799116497757,1
TCGA-D8-A27F-01A,3.71505048261708,-49.6941333889035,-1.68301791823437,1
TCGA-D8-A27H-01A,-7.99087984133723,-38.9154316022462,7.30173102638155,1
TCGA-D8-A27K-01A,-13.3169690220533,-35.2232387103596,8.36766880436872,1
TCGA-D8-A27L-01A,-31.7267405257283,-35.122025743535,0.57862200649175,1
TCGA-D8-A27N-01A,-14.1780289231887,-51.6961855163776,1.92565402176575,1
TCGA-D8-A27P-01A,21.0529790483313,-29.3821800090539,-14.6108609292227,1
TCGA-D8-A27V-01A,-23.4226551180869,-51.1117591547787,5.99459455306172,1
TCGA-D8-A3Z6-01A,32.1192017266405,-16.4994636801688,-6.63283815133369,1
TCGA-D8-A73X-01A,-0.931592094142691,-57.4997708352376,-16.7565394125665,1
TCGA-E2-A105-01A,37.0184269908665,-38.0806714590749,0.180679433396102,1
TCGA-E2-A106-01A,28.1433530662401,-13.6929893405678,-17.6848636265553,1
TCGA-E2-A107-01A,35.356737186975,-12.7000043569184,-8.24599136808727,1
TCGA-E2-A109-01A,36.0976125940034,-32.7073541864514,-2.03181793516208,1
TCGA-E2-A10A-01A,41.5077953101671,-33.6460880389521,-1.66772494834717,1
TCGA-E2-A10B-01A,26.9304736149035,-8.28517327169021,-4.49501178453105,1
TCGA-E2-A10C-01A,27.7283603116872,-21.6616617991657,-12.2157958809113,1
TCGA-E2-A10E-01A,38.7380684943885,-46.5052584222136,-2.54712298751948,1
TCGA-E2-A14N-01A,17.1651576732227,-32.6050235610914,-12.3766407344915,1
TCGA-E2-A14O-01A,33.3190503476126,-19.5798310795536,-9.01368900765786,1
TCGA-E2-A14R-01A,20.691070511865,-40.4659348808671,-12.1450417820408,1
TCGA-E2-A14T-01A,34.122632945738,-17.0852678283656,-11.0745425407628,1
TCGA-E2-A14V-01A,6.89187289930091,-62.5183338050484,-17.04115423333,1
TCGA-E2-A14W-01A,28.9548209926719,-27.7873055652358,-12.9625239708901,1
TCGA-E2-A14Y-01A,4.10801722657154,-66.7666773747603,-17.7892458078419,1
TCGA-E2-A14Z-01A,-34.3981714505811,-40.6939929180652,-0.00505723917896773,1
TCGA-E2-A150-01A,-17.5877398415027,-41.0068550443376,2.62507005349761,1
TCGA-E2-A152-01A,3.7091361946704,-63.761834514228,0.547873716560627,1
TCGA-E2-A153-01A,-31.9249727342705,-41.1149061398943,-5.40331729828086,1
TCGA-E2-A154-01A,21.9745885325507,-21.5062183851467,-19.2737846029341,1
TCGA-E2-A155-01A,36.9987557054851,-27.9466908197761,-7.40416846914137,1
TCGA-E2-A156-01A,30.416433895094,-38.0432734898259,-13.8966189708535,1
TCGA-E2-A158-01A,17.3077423730921,-34.0479658012239,-11.7856513626998,1
TCGA-E2-A159-01A,-22.9325349465263,-36.9305239958799,-8.93888122544634,1
TCGA-E2-A15A-01A,32.1248024360632,-2.50512642095979,0.397523139605426,1
TCGA-E2-A15C-01A,8.88317574338345,-51.3975283919877,-13.7398499398971,1
TCGA-E2-A15F-01A,35.1235764723716,-20.5637236332145,-1.79906169097291,1
TCGA-E2-A15G-01A,32.9990940087736,-29.7692820541927,-11.8234030492815,1
TCGA-E2-A15H-01A,19.7238280151009,-13.8491856318855,-14.4389368091874,1
TCGA-E2-A15I-01A,-5.22749738771571,-26.607398416271,-10.1232973897002,1
TCGA-E2-A15J-01A,30.4553531270829,-26.7870696813912,-17.6277604116598,1
TCGA-E2-A15K-01A,28.2763106426293,-21.5304026004046,-3.89811767700128,1
TCGA-E2-A15L-01A,5.27719416666517,-57.9015561573937,-2.53850621354297,1
TCGA-E2-A15O-01A,31.0275869978819,-18.453007583923,-14.867206553846,1
TCGA-E2-A15R-01A,24.1177336677084,-27.9023634359954,-8.17030879904225,1
TCGA-E2-A15S-01A,36.2224406807616,-31.2902079231992,2.26565062747498,1
TCGA-E2-A15T-01A,31.5906856117439,-25.4922880837509,-3.65089694329123,1
TCGA-E2-A1B0-01A,3.86723407284547,-63.8363814725815,3.62695734259705,1
TCGA-E2-A1B4-01A,29.6121169274115,-37.1694913537881,-20.8336777687617,1
TCGA-E2-A1B6-01A,-6.930329089695,-31.5792787375884,19.1849660768759,1
TCGA-E2-A1BC-01A,1.79389076157203,-61.0100561466289,-2.97818750133153,1
TCGA-E2-A1BD-01A,32.7444207915814,-16.3002396444753,-1.75538888031588,1
TCGA-E2-A1IE-01A,34.7295435898538,-24.7474134068295,-3.10782658347707,1
TCGA-E2-A1IF-01A,-20.3692107302108,-50.9355817176323,-3.06663410138813,1
TCGA-E2-A1IG-01A,26.8199124999142,-38.5596481710948,-7.7463512762971,1
TCGA-E2-A1IH-01A,-30.5315289495174,-32.0983057461857,-5.04201072474086,1
TCGA-E2-A1II-01A,-4.86677544179225,-28.0399956499754,-7.69598819110698,1
TCGA-E2-A1IL-01A,34.3744813309316,-9.45679741017169,-7.78728578341577,1
TCGA-E2-A1IN-01A,-12.9735444126866,-56.3194367669162,-4.69233129708318,1
TCGA-E2-A1IU-01A,16.277616668089,-32.3036719232332,-9.69390465986706,1
TCGA-E2-A1L6-01A,-9.32696866926859,-31.9407832108531,0.367639010308538,1
TCGA-E2-A1L7-01A,38.1812753128765,-33.0256330952841,6.21088110186485,1
TCGA-E2-A1L8-01A,-6.34006968320637,-27.7144342079046,1.13339710107334,1
TCGA-E2-A1L9-01A,-18.8406483310384,-39.7555625802768,-1.35299502087435,1
TCGA-E2-A1LA-01A,24.9229636953414,-41.7520232772312,-17.5350851256078,1
TCGA-E2-A1LB-01A,10.3644824095963,-24.1211510615626,-22.3311821094491,1
TCGA-E2-A1LG-01A,22.9760143976258,-34.8796916778166,-22.1017064135679,1
TCGA-E2-A1LH-01A,-1.69165016927082,-59.8316355240187,4.2963582875175,1
TCGA-E2-A1LI-01A,0.484921177593694,-52.5998614788176,-21.9776788592398,1
TCGA-E2-A1LK-01A,23.5294269190548,-34.6237325453766,-16.8550417005278,1
TCGA-E2-A1LS-01A,10.9742292796722,-33.5530417301905,-13.2972488789759,1
TCGA-E2-A2P5-01A,24.0566728547629,-28.3333019235753,-16.955436253167,1
TCGA-E2-A2P6-01A,-15.4606049429541,-39.6478143060795,9.00233370285437,1
TCGA-E2-A56Z-01A,38.4070074790047,-34.0076611988785,-4.10124692390937,1
TCGA-E2-A570-01A,-21.5294961850974,-37.2286457708833,-5.3110995856438,1
TCGA-E2-A572-01A,29.6340992578565,-32.9347300151353,-5.34036036745262,1
TCGA-E2-A573-01A,-15.982514799929,-40.6064636095499,-6.90352859695929,1
TCGA-E2-A574-01A,24.1991982164345,-28.6069167279498,-19.4395966346388,1
TCGA-E2-A576-01A,21.7843403098572,-44.1800667994819,-14.1264144583209,1
TCGA-E2-A9RU-01A,23.5923182323001,-35.7178638598427,-18.9618516371748,1
TCGA-E9-A1N3-01A,25.1000315471267,-21.510851825937,-14.1707148158878,1
TCGA-E9-A1N6-01A,-32.8601985476229,-28.2124421343739,-2.67143792578793,1
TCGA-E9-A1N8-01A,27.4163687987713,-32.9028567836405,-12.0327451113874,1
TCGA-E9-A1N9-01A,-21.9237593091298,-52.8193502470691,1.00755206914327,1
TCGA-E9-A1NH-01A,-22.7392486319979,-39.2245676080466,-7.25802801486478,1
TCGA-E9-A1NI-01A,42.5086656218366,-18.8118821510326,-0.380615049013499,1
TCGA-E9-A1R2-01A,33.705729161723,-23.1204591649041,-2.39606238315956,1
TCGA-E9-A1R3-01A,-12.9463467643219,-38.8599803740456,9.54268748858126,1
TCGA-E9-A1R4-01A,-22.9841569182486,-52.8179098381981,-3.37090419125969,1
TCGA-E9-A1R5-01A,-17.3881969200573,-31.4799120800201,13.4542773009614,1
TCGA-E9-A1R6-01A,34.4374106795822,-26.2322836799742,-6.01892925789837,1
TCGA-E9-A1R7-01A,25.7990969642104,-9.68723812599621,-12.0025409953048,1
TCGA-E9-A1RA-01A,39.3415129263393,-38.471140841854,0.664760093436066,1
TCGA-E9-A1RB-01A,30.5900124912951,-26.9928321812207,-6.5996382688212,1
TCGA-E9-A1RC-01A,40.7138708584191,-23.4993526837002,-13.9569707618625,1
TCGA-E9-A1RD-01A,14.2022048639795,-34.9328013045814,-4.09569177800534,1
TCGA-E9-A1RE-01A,43.9611992204298,-28.3394878152376,-21.4924005028634,1
TCGA-E9-A1RF-01A,-15.7596338722428,-32.1008043088441,6.54722670400118,1
TCGA-E9-A1RG-01A,42.7760957198196,-24.6447763266862,-21.5013993368721,1
TCGA-E9-A1RH-01A,5.20629386149069,-66.4217974592803,2.14941692156277,1
TCGA-E9-A226-01A,2.69877589332655,-66.6624153658383,-2.13505508966963,1
TCGA-E9-A228-01A,32.0252074172238,-39.1962059574228,-15.9979758810498,1
TCGA-E9-A22D-01A,25.6295223005781,-15.9066407527712,-8.04084326118979,1
TCGA-E9-A22G-01A,1.29711827411847,-48.0162064729834,-12.9645968081501,1
TCGA-E9-A22H-01A,11.4934795519288,-32.3674190608223,-5.13388607884275,1
TCGA-E9-A243-01A,-29.4637509855541,-37.6807392879976,-9.48341733004469,1
TCGA-E9-A244-01A,-6.22573059507059,-66.1585890348559,-3.12441767707675,1
TCGA-E9-A245-01A,24.3756645170691,-28.8679231112945,-8.32151437148433,1
TCGA-E9-A247-01A,30.8005273775173,-27.6048005255517,-14.0241601034869,1
TCGA-E9-A248-01A,8.36476135511702,-57.351207251274,1.3405342024772,1
TCGA-E9-A249-01A,18.3549001228172,-28.5790183755377,-8.7842641418964,1
TCGA-E9-A24A-01A,-0.829438950370533,-56.0916360700856,5.18539896892829,1
TCGA-E9-A2JS-01A,22.4543970158807,-20.5456591726751,-19.410325430583,1
TCGA-E9-A3HO-01A,27.6875057638241,-14.6429347968932,-5.19499214793307,1
TCGA-E9-A3QA-01A,-15.568396922716,-34.1415024356013,-5.04308537912615,1
TCGA-E9-A3X8-01A,-13.1982809892901,-31.9624360221041,-7.34406443962438,1
TCGA-E9-A54X-01A,22.9720619388042,-35.1275817131066,-17.5800815489344,1
TCGA-E9-A54Y-01A,41.3139673358355,-31.7822209569263,-12.1041149063671,1
TCGA-E9-A5FL-01A,10.5424080365229,-20.8726974893909,-18.6147064511033,1
TCGA-E9-A5UO-01A,33.6949097956365,-27.1852870782887,1.5946789638315,1
TCGA-E9-A5UP-01A,31.7081321637758,-29.1488224082429,-1.53471057207237,1
TCGA-E9-A6HE-01A,5.42324983463653,-46.8669442108298,-7.99421362225236,1
TCGA-EW-A1J1-01A,27.268289986898,-18.9513981223367,-11.5598985368969,1
TCGA-EW-A1J3-01A,27.4164751643498,-36.0575760981483,-23.7965405729949,1
TCGA-EW-A1J6-01A,38.8704982254832,-26.9481360565026,-3.18438698447024,1
TCGA-EW-A1OW-01A,-0.688781999980202,-44.8862258025677,-5.61856787560452,1
TCGA-EW-A1OX-01A,26.3203079002503,-27.6167630024226,-7.83645738903339,1
TCGA-EW-A1OY-01A,24.5457450522592,-23.8124660812147,-17.8800553137315,1
TCGA-EW-A1OZ-01A,0.760197442869645,-68.4188360391165,-2.9067593725839,1
TCGA-EW-A1P0-01A,33.1098387625129,-24.9298072579779,5.61288063568371,1
TCGA-EW-A1P3-01A,36.0695537544762,-23.972858116449,8.94968251577316,1
TCGA-EW-A1P4-01A,-10.7528873792315,-31.9734772142564,-3.94070205985474,1
TCGA-EW-A1P5-01A,35.4006305581821,-36.9797218031673,5.11323045177879,1
TCGA-EW-A1P6-01A,2.080624064358,-67.7601600245165,-1.92979421638372,1
TCGA-EW-A1P8-01A,-2.1473064795451,-56.1418616833944,7.02782254155658,1
TCGA-EW-A1PA-01A,38.4816793592493,-29.1139543792884,19.6929560850524,1
TCGA-EW-A1PC-01B,22.146047599162,-25.0195118567315,-16.4814909405805,1
TCGA-EW-A1PD-01A,-8.22108387570063,-35.9916174136297,19.5659746701092,1
TCGA-EW-A1PH-01A,4.56616044089131,-48.898375787584,-11.1349464760439,1
TCGA-EW-A2FR-01A,-27.7213849966789,-39.6504158331315,-8.90814675124004,1
TCGA-EW-A2FS-01A,29.9626317402663,-8.95841927415704,-1.97069986322826,1
TCGA-EW-A2FW-01A,28.2684370588061,-23.8504313507691,-5.48766879064893,1
TCGA-EW-A423-01A,32.2380006586987,-29.2218723689001,-21.9847832998791,1
TCGA-EW-A424-01A,31.3940574434007,-42.2558222933136,-20.028801109962,1
TCGA-EW-A6S9-01A,36.2318551166328,-43.3050865866415,10.146950748348,1
TCGA-EW-A6SA-01A,33.1553562459248,-29.4181949331994,2.59074865096218,1
TCGA-EW-A6SB-01A,22.8885767936637,-36.7283359828931,-14.7385538128118,1
TCGA-EW-A6SD-01A,1.98742788976076,-67.6566741567881,3.26343476867827,1
TCGA-GI-A2C9-01A,-16.5955325076648,-46.9067841686577,4.42225335934848,1
TCGA-GM-A2D9-01A,36.541831245171,-29.5938162528247,-15.1741218446395,1
TCGA-GM-A2DB-01A,38.5329664081903,-25.5803371841641,-11.201543223673,1
TCGA-GM-A2DC-01A,30.0461246939338,-24.1381862993341,-9.20940436770958,1
TCGA-GM-A2DH-01A,43.3620627164358,-30.0303953045122,-19.1087869958632,1
TCGA-GM-A2DL-01A,-30.2540265432647,-36.1434069049491,-5.91780842265309,1
TCGA-GM-A2DM-01A,22.0354170894529,-24.4827615733933,-16.0793003942861,1
TCGA-GM-A2DN-01A,26.7131177352458,-4.93184961475755,-1.56129629952759,1
TCGA-GM-A2DO-01A,29.3263463335479,-25.4756955671525,11.9961697119914,1
TCGA-GM-A3NW-01A,34.301902718548,-15.4241457886855,-3.81869042411799,1
TCGA-GM-A3NY-01A,21.760975003973,-24.3027332827985,-13.9976526396936,1
TCGA-GM-A3XL-01A,18.6915357718389,-36.5926009093935,-14.8273505720449,1
TCGA-GM-A5PV-01A,22.8844390424223,-36.2128573904921,-7.8635382503442,1
TCGA-HN-A2NL-01A,31.3022673411753,-32.8269698540134,-7.563751636855,1
TCGA-JL-A3YW-01A,-36.3831057468778,-39.1706854956194,-1.27811201364592,1
TCGA-JL-A3YX-01A,23.8049949737297,-16.903800891461,-6.73567280954667,1
TCGA-LD-A66U-01A,32.3992296984719,-35.2272829462474,1.50532622807952,1
TCGA-LD-A7W6-01A,32.1160786256668,-10.2274422880766,-3.46917277615304,1
TCGA-LL-A50Y-01A,21.8710325739457,-38.4761010403143,-19.8601719170557,1
TCGA-LL-A5YL-01A,-0.0894078032433324,-71.0918313148461,-14.0543013637382,1
TCGA-LL-A5YM-01A,30.3309593633189,-44.933212840853,8.78139747615444,1
TCGA-LL-A5YN-01A,24.9662723386659,-12.124884016882,-9.58189841348589,1
TCGA-LL-A5YO-01A,-25.0033723573469,-35.575134368356,-6.31035336366807,1
TCGA-LL-A6FP-01A,24.2226443158347,-34.3801099917089,-19.2531509387521,1
TCGA-LL-A6FQ-01A,30.3226489938888,-41.7376168599551,-6.96580917802452,1
TCGA-LL-A6FR-01A,-0.124694082562553,-55.3296608071027,-6.24161595852626,1
TCGA-LL-A7SZ-01A,25.7459138479574,-16.7944977710303,2.4927180760508,1
TCGA-LL-A7T0-01A,33.5801189471714,-30.5264308615344,-8.82461690549172,1
TCGA-LL-A8F5-01A,2.75633647219041,-56.1808151148639,-17.9315631545005,1
TCGA-LL-A9Q3-01A,36.455158815321,-20.3892101453994,-10.9572004391658,1
TCGA-LQ-A4E4-01A,29.7469272392934,-14.5075304663357,-2.13482285501179,1
TCGA-OL-A5D6-01A,-17.7136480096679,-56.1529615128086,5.32805325765957,1
TCGA-OL-A5D7-01A,37.2136028047016,-24.6384817259606,-11.3294850427556,1
TCGA-OL-A5D8-01A,35.3581899254743,-27.1511722013024,-5.73028557263035,1
TCGA-OL-A5DA-01A,36.9242343597058,-31.1408727205151,-7.6577877112227,1
TCGA-OL-A5RU-01A,-24.7273054562813,-45.0745392727728,3.21002300381077,1
TCGA-OL-A5RW-01A,37.2097636007756,-43.1348920644747,-0.218812679271633,1
TCGA-OL-A5RZ-01A,9.76244380426197,-62.1057500899041,-10.1835885861696,1
TCGA-OL-A5S0-01A,-13.9554095648439,-35.2966988799531,0.0229896977889433,1
TCGA-OL-A66I-01A,-6.42081375273903,-28.0256905549517,-3.09984268822982,1
TCGA-OL-A66K-01A,7.64779742426511,-26.4207030739751,-21.4892949530833,1
TCGA-OL-A66O-01A,39.7689696250181,-32.6752813437488,2.32687799810825,1
TCGA-OL-A6VO-01A,22.8964025525708,-33.635149051445,-11.9583461047637,1
TCGA-OL-A6VR-01A,28.0886932813578,-18.0078491310446,-15.0986089264585,1
TCGA-OL-A97C-01A,41.6150903909596,-30.7455889883639,10.2121842992975,1
TCGA-PL-A8LV-01A,3.07636608801732,-47.4844243944417,-4.61912914549531,1
TCGA-PL-A8LX-01A,38.9736854966937,-25.3901744639647,-3.6225898420122,1
TCGA-S3-A6ZF-01A,24.6641464246441,-7.34528317547967,-1.10013393248011,1
TCGA-S3-A6ZG-01A,41.2333376208565,-39.5534613442005,-4.02034963350835,1
TCGA-S3-A6ZH-01A,26.3097072111015,-16.1738418702173,-11.2137103353452,1
TCGA-S3-AA0Z-01A,7.21767451995546,-63.2495059771711,-15.3263367185712,1
TCGA-S3-AA10-01A,-2.57945803387025,-40.8678670902996,-7.71340513776708,1
TCGA-S3-AA11-01A,34.0868099042849,-38.6095726339394,4.65714636423432,1
TCGA-S3-AA12-01A,28.4361908016438,-29.9173715364958,-19.6951963083096,1
TCGA-S3-AA14-01A,45.1959300105854,-24.520829890995,-1.68910980614833,1
TCGA-UL-AAZ6-01A,28.5664755880146,-14.9811711718644,-16.0510493686137,1
TCGA-UU-A93S-01A,34.6704226900929,-32.9612069344782,-5.77700265283122,1
TCGA-V7-A7HQ-01A,21.5783311497183,-39.6697460876927,-14.3202446553018,1
TCGA-WT-AB41-01A,24.8038940391791,-23.2725176549405,-10.5071268100955,1
TCGA-WT-AB44-01A,22.9539797310735,-27.7224639403025,-16.4432520135558,1
TCGA-Z7-A8R6-01A,40.0886484709363,-27.5541685698174,-6.88700915221633,1
TCGA-4H-AAAK-01A,-74.7469119946973,82.9347869344815,-9.23621605689511,2
TCGA-5L-AAT1-01A,-75.2293190604829,81.9444780759487,-13.8744688565983,2
TCGA-A1-A0SD-01A,-74.0983212872363,84.9665916562366,-15.7277846858401,2
TCGA-A2-A0CZ-01A,-82.5954392495305,81.4348084043298,-15.2718190208311,2
TCGA-A2-A0YD-01A,-84.1735850397089,79.0208450143664,-3.66607729480876,2
TCGA-A2-A0YI-01A,-87.7646598862142,78.4298771065073,2.3654537635544,2
TCGA-A2-A1FZ-01A,-89.5446956805006,75.2400411790841,-2.65931361972263,2
TCGA-A2-A25C-01A,-80.3305399049976,82.0354682135229,-10.9945318042061,2
TCGA-A2-A4S1-01A,-81.9987050276026,76.0233839137319,-9.72481839487778,2
TCGA-A7-A0CG-01A,-86.3151090767759,82.9429157809648,-1.44866045406564,2
TCGA-A7-A26F-01B,-81.9078572964282,72.4687242443087,-7.24087477651405,2
TCGA-A7-A26I-01B,-84.1919125852535,64.0871589494419,-6.11340193928144,2
TCGA-A7-A3IY-01A,-83.3414355098358,66.2141273171581,-9.37512287353636,2
TCGA-A7-A5ZW-01A,-85.4377527183502,64.6085793018859,-7.74530289402224,2
TCGA-A8-A06P-01A,-85.4189100371895,82.1441360237151,-11.7043303274867,2
TCGA-A8-A06R-01A,-77.0021430791009,73.3949648221384,-5.98419800079034,2
TCGA-A8-A07I-01A,-87.5717927032685,74.1998458278239,-10.6770830625255,2
TCGA-A8-A07J-01A,-93.8088636530034,71.2597648042252,-7.39458258415532,2
TCGA-A8-A08P-01A,-83.8568383292421,70.904448265861,-10.7218028480513,2
TCGA-A8-A094-01A,-90.2274609107688,76.2155685140438,-4.26178473057438,2
TCGA-A8-A096-01A,-78.9362987523322,79.7806017450612,-11.2999507676974,2
TCGA-A8-A09D-01A,-87.6907515262715,103.186144915255,-14.1517052648089,2
TCGA-A8-A09Q-01A,-84.3015239747577,79.7765443920999,-12.4738946157251,2
TCGA-A8-A0A1-01A,-83.327757831295,74.6316316087484,-11.4707845317177,2
TCGA-A8-A0A4-01A,-76.3218513307869,81.1982093578396,-6.55718814023624,2
TCGA-A8-A0A6-01A,-91.9730624915266,69.2373111394668,-7.92259876921081,2
TCGA-A8-A0A7-01A,-85.0648027510216,75.9972452346721,-10.5021995869721,2
TCGA-AC-A3W5-01A,-85.9178104370864,73.5092192333911,-8.09904791080985,2
TCGA-AC-A5XS-01A,-90.2166850530602,72.1805050867849,-12.8407647105619,2
TCGA-AC-A7VC-01A,-82.3936798644358,77.0847674731758,-6.54889592794885,2
TCGA-AN-A0AL-01A,-85.9143936712898,74.4302450914492,-10.3318504967135,2
TCGA-AN-A0FN-01A,-94.6804409735765,73.353165821906,-11.7312316492424,2
TCGA-AN-A0FS-01A,-89.2074677587527,71.0977787515677,-7.07603198787784,2
TCGA-AO-A0JF-01A,-88.5196591325084,72.7995555680566,-3.19901168837809,2
TCGA-AO-A12C-01A,-80.8696278082449,81.3927634023362,-5.66156037823422,2
TCGA-AQ-A04J-01A,-84.7058015527344,74.9787494523406,-15.3825144154771,2
TCGA-AR-A0TS-01A,-86.3930409132592,77.8389754978645,-8.19471492408705,2
TCGA-AR-A1AO-01A,-88.8128837322238,78.3003360179728,-3.77463234591486,2
TCGA-AR-A1AR-01A,-89.7192294000364,67.3770484966543,-10.9010252879788,2
TCGA-AR-A1AW-01A,-87.6485441366525,76.2534081177329,-13.4743042498735,2
TCGA-AR-A1AX-01A,-83.0271925107927,82.7799368687461,-14.7045069422605,2
TCGA-AR-A24O-01A,-89.2153004137678,71.3415970523216,-9.60575530834814,2
TCGA-AR-A24T-01A,-84.3799821633366,72.6759489242242,-5.06535317030145,2
TCGA-AR-A24U-01A,-89.6936439635312,74.6368422407313,-6.67867917300113,2
TCGA-AR-A2LM-01A,-92.5801313616562,77.5613612814829,-2.70123743861966,2
TCGA-B6-A0RU-01A,-86.7194543893577,64.236306433692,-9.2925881240514,2
TCGA-BH-A0AY-01A,-88.9321774222314,79.3383886438914,-17.6833154615603,2
TCGA-BH-A0B2-01A,-86.7077460872923,75.2897701996768,-10.2320877168845,2
TCGA-BH-A0BF-01A,-85.8273488181754,83.337698603887,-9.46876961769879,2
TCGA-BH-A0BL-01A,-87.7951507530726,70.3962017081471,-10.324675369293,2
TCGA-BH-A0BO-01A,-82.2378973016311,78.9015360354951,-8.28685455018301,2
TCGA-BH-A0BR-01A,-91.6090680762022,72.3036780519326,1.63425615774852,2
TCGA-BH-A0BZ-01A,-84.7619250410699,75.5860782795275,-12.8532516004189,2
TCGA-BH-A0DG-01A,-87.7718055673845,81.4645441165999,-12.9364799802553,2
TCGA-BH-A0DP-01A,-82.2568074525671,60.7655584329533,-11.3440997330115,2
TCGA-BH-A0HF-01A,-76.603763777172,76.1089821420726,-19.7091764951684,2
TCGA-BH-A0W5-01A,-78.8610046676099,82.2654358394409,-10.2766303584004,2
TCGA-BH-A18F-01A,-86.934296553557,73.6898269722294,1.03109280074556,2
TCGA-BH-A1ET-01A,-84.086534017842,63.7233859416514,-11.3456626101947,2
TCGA-BH-A1F6-01A,-86.5499218983829,71.2441209727101,-16.153986157307,2
TCGA-BH-A1FB-01A,-93.8385159635603,69.6678834502796,-10.6742304059896,2
TCGA-BH-A1FE-01A,-86.3209991765203,79.0351524339358,-4.5240255074679,2
TCGA-BH-A1FU-01A,-84.1522549173564,76.2611648017158,-2.94357009804708,2
TCGA-BH-A208-01A,-88.8393753549235,77.1422037690569,-6.37915557528428,2
TCGA-C8-A132-01A,-76.4535534034257,80.0324636118404,-8.42425950540453,2
TCGA-D8-A1JE-01A,-85.7627950877523,70.4537450586086,-5.67841207233122,2
TCGA-D8-A1JH-01A,-77.5937096390965,75.3071990524904,-8.96571027163617,2
TCGA-D8-A1JL-01A,-84.8089076464143,69.5874467875646,-11.331669681727,2
TCGA-D8-A1JU-01A,-86.4302687345053,76.3464715070817,-11.5484981984298,2
TCGA-D8-A1X8-01A,-71.9911339295457,81.312787663169,-13.9732663067601,2
TCGA-D8-A1XM-01A,-90.1686851101527,70.8921568355758,-4.99550827554315,2
TCGA-D8-A1Y1-01A,-86.41613211149,68.0688910809828,-16.9793869838152,2
TCGA-D8-A27G-01A,-82.1794306891468,66.3214558357798,-8.86884847877366,2
TCGA-D8-A27M-01A,-87.2197837298733,66.6845791388155,-9.63369436132645,2
TCGA-E2-A108-01A,-85.866565475085,76.4890694057701,-5.36462300994041,2
TCGA-E2-A10F-01A,-92.6721813233755,63.6707579465249,-11.7186860461441,2
TCGA-E2-A15E-01A,-76.3806893917083,74.7164577063119,-7.20601467855288,2
TCGA-E2-A1AZ-01A,-86.5690218387464,73.2014665911678,-10.8360786531891,2
TCGA-E2-A1B1-01A,-88.0950634833571,71.3375414056907,1.06325183357625,2
TCGA-E2-A1IJ-01A,-93.4272558236015,66.8413760494696,-3.82345776622158,2
TCGA-E2-A1LL-01A,-89.0392899961426,82.1716487597482,-2.05725303676412,2
TCGA-E9-A1N4-01A,-92.6907073449187,73.2046600963757,-4.48740536131859,2
TCGA-E9-A1NA-01A,-79.7219117983788,81.8357993718752,-12.2246582005316,2
TCGA-E9-A1NC-01A,-77.9846428041033,72.0920825168837,-9.8226504013418,2
TCGA-E9-A1NF-01A,-92.4172842449844,78.2594988558241,0.451515223485121,2
TCGA-E9-A1NG-01A,-88.890355112437,77.6759726858521,-10.3709223892032,2
TCGA-E9-A1RI-01A,-80.7564821541735,72.5668069200456,-6.0348428189999,2
TCGA-E9-A22A-01A,-90.5584142853768,74.931070008486,-8.89152504192783,2
TCGA-E9-A22E-01A,-88.6179898304425,82.0677493864358,-10.1912464282717,2
TCGA-EW-A1IY-01A,-90.2056636876304,70.9904789836682,-12.1531115986735,2
TCGA-EW-A1PG-01A,-85.0422106698083,66.270635440546,-10.5652652279165,2
TCGA-GI-A2C8-01A,-82.4708628657145,80.8299005845729,-16.3470716422894,2
TCGA-GM-A2DA-01A,-80.1293704301951,77.5081873228465,-11.5087295292386,2
TCGA-LD-A9QF-01A,-88.307032194113,80.6563832605041,-5.6060982194139,2
TCGA-LL-A5YP-01A,-82.8972232712474,87.5427245818919,-8.29738710307027,2
TCGA-LL-A73Y-01A,-84.4653773672698,75.4839064364821,-8.16473766509234,2
TCGA-LL-A73Z-01A,-82.7511506353,73.4483818936684,-5.79414241311242,2
TCGA-LL-A740-01A,-86.6182283135903,81.5190223480054,-7.67277652243403,2
TCGA-3C-AALK-01A,-10.9768621485385,75.1502838227985,30.1391121193877,3
TCGA-A1-A0SB-01A,4.76799648508765,90.4194115348047,22.5221492590412,3
TCGA-A1-A0SF-01A,-0.507964185977705,66.0015354616353,18.9496898814387,3
TCGA-A1-A0SI-01A,-20.1452659064764,73.8767590453293,8.27584997898321,3
TCGA-A1-A0SJ-01A,-12.5480231997184,86.2319119522065,29.8330952664183,3
TCGA-A1-A0SQ-01A,6.74681050111798,71.6751355783529,17.2579840774979,3
TCGA-A2-A04Q-01A,-14.1736822289708,76.0348702728594,17.7064340252364,3
TCGA-A2-A04Y-01A,0.512495988105137,89.2983345949802,29.3099542830473,3
TCGA-A2-A0CL-01A,-18.2280121477576,86.8608216305386,20.8342285338276,3
TCGA-A2-A0CO-01A,-6.98070629076574,79.6667720038755,15.3396000590326,3
TCGA-A2-A0CR-01A,-8.67918854702326,77.8468023151019,32.2084107795816,3
TCGA-A2-A0EN-01A,-7.67593459355623,80.6392310887887,7.70689792183453,3
TCGA-A2-A0EO-01A,-1.97883332546245,80.9703588509757,24.4758114330957,3
TCGA-A2-A0EP-01A,-13.2086504331499,84.2308609833807,17.9396797655711,3
TCGA-A2-A0EQ-01A,-22.695478894527,83.724438844788,76.2843797212213,3
TCGA-A2-A0ES-01A,-17.5645040162769,79.7993159802189,14.5967168758135,3
TCGA-A2-A0EW-01A,-6.69548834835825,83.6593842712262,18.2822918628019,3
TCGA-A2-A0ST-01A,-15.2050046308577,77.7111696074559,20.9439468887187,3
TCGA-A2-A0SU-01A,-2.803505480848,81.4186387267528,17.6029125043634,3
TCGA-A2-A0SX-01A,-13.9566604215826,65.7597821735985,10.32149565662,3
TCGA-A2-A0SY-01A,-11.958903101988,82.5580988606811,24.9302065512807,3
TCGA-A2-A0T4-01A,-16.1673799959123,79.9088488990749,20.2258813214667,3
TCGA-A2-A0YH-01A,0.788855009322448,78.3358407218871,11.7660506573326,3
TCGA-A2-A0YK-01A,-0.737016307703616,74.9228156541703,21.9796932991438,3
TCGA-A2-A0YL-01A,-5.9888061250854,80.2466537635302,26.451037212175,3
TCGA-A2-A0YT-01A,0.296766789930606,70.788970715393,6.88062793554055,3
TCGA-A2-A1FV-01A,2.19433003206304,75.9324189049403,28.6376338519782,3
TCGA-A2-A1G0-01A,-1.48242754868501,72.6356863877862,17.5682873491393,3
TCGA-A2-A1G6-01A,-20.3543320587102,81.3486193620837,23.9264625678959,3
TCGA-A2-A25A-01A,-13.3886333045979,79.607436713949,22.3577926683372,3
TCGA-A2-A25D-01A,4.62377085099509,77.7629386609434,21.8170918714626,3
TCGA-A2-A25F-01A,-20.328849615619,72.9273128544715,15.6900458141409,3
TCGA-A2-A3KC-01A,-3.76430642021109,88.1972588866762,32.1983586249032,3
TCGA-A2-A3KD-01A,-8.54277036044572,86.8596434964395,21.2617625394596,3
TCGA-A2-A3XZ-01A,13.9596282793792,71.9540843766933,11.5998243209327,3
TCGA-A2-A4RY-01A,-8.18209376722887,83.9401172222585,28.4668223828083,3
TCGA-A7-A13H-01A,1.39346854907701,76.1994120844816,12.0861907142549,3
TCGA-A7-A26G-01A,-20.192931947558,79.8075211325882,21.0261395277096,3
TCGA-A7-A3J1-01A,-4.11619115517684,67.8796459215586,17.667655309624,3
TCGA-A7-A425-01A,-3.05539075162511,72.1273078778889,13.7924841250097,3
TCGA-A7-A426-01A,1.87204279047621,73.5270048043166,23.9928814447421,3
TCGA-A7-A4SC-01A,-3.33189503434054,82.4273470953711,20.2814836474889,3
TCGA-A7-A5ZX-01A,-1.72150675579763,86.7483848378404,26.8202275027231,3
TCGA-A7-A6VY-01A,-19.8101813392607,72.4033685861565,13.3877238516663,3
TCGA-A8-A07E-01A,-20.5249498310442,78.5928834196642,10.834397616718,3
TCGA-A8-A07U-01A,-24.2184370550395,79.4699320185519,16.5336140162584,3
TCGA-A8-A08H-01A,-12.3458924153226,82.6813687365212,10.7413212651665,3
TCGA-A8-A08X-01A,-25.3309543289144,87.4256377575481,67.0479171406547,3
TCGA-A8-A09B-01A,-4.86168439557286,79.3773436307155,27.044907107853,3
TCGA-AC-A23G-01A,-23.222275019143,78.8120651699839,11.2578333354593,3
TCGA-AC-A2FB-01A,-9.01219837191438,80.6271190051368,26.5704877345402,3
TCGA-AC-A2FE-01A,-17.9322459086419,90.899506721444,26.9936768847486,3
TCGA-AC-A2FF-01A,-9.47879435029468,83.0132118987792,14.9585560728523,3
TCGA-AC-A2FK-01A,-21.5600582072564,71.4475209732759,16.7626751323593,3
TCGA-AC-A2QI-01A,-19.9388268386013,81.0236351716006,69.7992783833308,3
TCGA-AC-A2QJ-01A,-15.8677760623833,80.876661659592,26.4474265944147,3
TCGA-AC-A3BB-01A,-5.28719931330963,74.0157428622908,15.3905473755607,3
TCGA-AC-A3HN-01A,-13.1200059458704,88.5668947778814,26.9153063707956,3
TCGA-AC-A3OD-01B,-10.8511925821059,81.7112498461614,26.6797448362014,3
TCGA-AC-A3QQ-01B,-1.62621714660256,78.5090430608898,38.1243167663115,3
TCGA-AC-A3W6-01A,-9.54710257602368,81.1323152566004,19.4611119528709,3
TCGA-AC-A3W7-01A,15.1413980601744,71.1227957445465,17.9503807766581,3
TCGA-AC-A6IV-01A,-17.5335753135991,90.0525234930114,27.8526635109962,3
TCGA-AC-A6IX-01A,-9.1479252528778,84.5440230800119,32.6079633331222,3
TCGA-AC-A8OQ-01A,-9.01491640235312,78.1250356145473,20.50384367774,3
TCGA-AC-A8OS-01A,-7.5959001017172,74.9125780380182,12.4010280276119,3
TCGA-AN-A0XL-01A,-8.90408440330122,78.7913395722004,17.4901718745366,3
TCGA-AN-A0XV-01A,-11.6687696419127,87.5161925878511,10.6308090083788,3
TCGA-AO-A03M-01B,4.55217307987742,67.8983222846706,14.7129665770785,3
TCGA-AO-A03R-01A,-7.83134052461538,76.3893146956486,33.43895521103,3
TCGA-AO-A03U-01B,-9.86633859760184,77.1311904270684,16.7931859440725,3
TCGA-AO-A0J5-01A,-20.0467087477996,88.7421863540086,19.9593183752869,3
TCGA-AO-A0J9-01A,-5.8548850060388,79.8254871076722,22.4322378831435,3
TCGA-AO-A0JC-01A,-20.1830134124857,90.1281452335994,17.9703872966107,3
TCGA-AO-A0JJ-01A,-3.6305366068175,82.7968502071382,18.8018697370888,3
TCGA-AO-A128-01A,-11.1242138095721,89.5456830516086,19.2639106625232,3
TCGA-AO-A12A-01A,-5.92437261364201,82.7814849279121,19.0513319617785,3
TCGA-AO-A12E-01A,-12.5188178217187,77.2596907129588,15.9319236547108,3
TCGA-AO-A12F-01A,-14.7172187007771,68.733911373383,14.331284560186,3
TCGA-AO-A1KO-01A,-13.6017211518447,86.5361296321743,17.1372658104283,3
TCGA-AO-A1KR-01A,-9.72598072191736,80.5012302927804,21.2414428605325,3
TCGA-AQ-A1H3-01A,-6.85103652807914,73.3662721223469,17.4795756355545,3
TCGA-AQ-A7U7-01A,-20.0160501407406,80.8240331309797,20.8928084791046,3
TCGA-AR-A0TT-01A,-0.928394961747709,71.4989645994369,15.6349388568288,3
TCGA-AR-A0TW-01A,4.89158359042476,73.4614149025732,19.5390753825667,3
TCGA-AR-A0U0-01A,2.48991796219073,81.207425057011,16.7589761913168,3
TCGA-AR-A1AJ-01A,-12.1059529282479,77.4169850612616,19.0334387827204,3
TCGA-AR-A1AK-01A,-5.09880683646499,79.1980599031527,22.2935798583895,3
TCGA-AR-A1AL-01A,-11.3416684614757,76.2368236087941,8.99062783421175,3
TCGA-AR-A1AN-01A,-30.5023876396852,81.8833495630653,70.4977988320291,3
TCGA-AR-A1AT-01A,-22.0068036752193,86.8528692106762,72.2695946755236,3
TCGA-AR-A1AU-01A,-1.20164810241915,72.7379206070357,19.6828940309937,3
TCGA-AR-A24V-01A,-6.31760081463445,73.3016469913172,6.49142399604485,3
TCGA-AR-A252-01A,-21.8024190491598,77.3191221177532,18.2498293213744,3
TCGA-AR-A2LH-01A,-4.65288956944337,89.549764906254,26.5717520325341,3
TCGA-AR-A2LJ-01A,-9.40073769099643,72.2840151849655,29.2665879573659,3
TCGA-AR-A2LN-01A,-13.3896808184965,80.6552784818796,13.555868322825,3
TCGA-AR-A2LO-01A,-6.69694401795028,82.0390080887918,28.2974672814783,3
TCGA-AR-A2LQ-01A,-11.7912627732319,77.4871983926529,9.06434547768039,3
TCGA-AR-A5QM-01A,7.35371370418295,74.9049767788418,14.7011365945868,3
TCGA-AR-A5QN-01A,3.79387164044188,72.6479550356035,16.6651523391549,3
TCGA-AR-A5QP-01A,-6.65474538825979,79.4304955849347,27.9755772712696,3
TCGA-AR-A5QQ-01A,-10.080039009492,83.6244797787317,18.7059817663024,3
TCGA-B6-A0IH-01A,-15.1926926516834,78.6868754881647,12.526383269489,3
TCGA-B6-A0IN-01A,-13.9673449260282,78.9948787304925,17.0257413346874,3
TCGA-B6-A0RQ-01A,-4.60231555387315,86.5289743145095,22.6115527357375,3
TCGA-B6-A0RT-01A,-15.6377672447701,75.670659014733,12.898044040221,3
TCGA-B6-A0RV-01A,10.1960931521262,70.8338166806395,11.2472437752051,3
TCGA-B6-A0WS-01A,-2.89778099099999,79.1816415813402,22.6960486530171,3
TCGA-B6-A0X7-01A,-4.14385453019926,79.36369646884,24.5675820484143,3
TCGA-B6-A1KI-01A,-2.13268634709463,79.1914445115269,19.8553303831904,3
TCGA-B6-A3ZX-01A,-14.8265344534859,82.3772660522129,19.4684177085479,3
TCGA-BH-A0AU-01A,-1.01079212035202,68.5763540168947,18.7916893281931,3
TCGA-BH-A0AW-01A,-21.1657360991688,74.4149540869898,9.65895820184726,3
TCGA-BH-A0AZ-01A,-14.1417545511528,79.2015505467672,17.1214775040044,3
TCGA-BH-A0B0-01A,-18.6816225236932,77.3218044999775,20.2776948534423,3
TCGA-BH-A0B1-01A,-0.0282799727885948,72.8728896786105,16.7560778973113,3
TCGA-BH-A0B6-01A,-10.7151517960483,76.282132597461,19.8450308332815,3
TCGA-BH-A0B7-01A,-6.9923062492646,78.0342437305442,8.03373817339138,3
TCGA-BH-A0BC-01A,-4.16038022092234,80.5984248175544,17.8714441507808,3
TCGA-BH-A0BD-01A,-5.78451310810467,76.7955396937728,28.1344646494525,3
TCGA-BH-A0BJ-01A,-17.9240312762283,74.0450624931401,13.9162385039435,3
TCGA-BH-A0BP-01A,-3.787238533833,81.9494667757759,33.1761505228103,3
TCGA-BH-A0BQ-01A,-2.80566861579335,74.6014708226737,16.0151590581134,3
TCGA-BH-A0C1-01B,-26.0446774035232,87.2907163655822,75.4230574266163,3
TCGA-BH-A0C3-01A,-9.13071241550775,81.254600443063,25.0855213836769,3
TCGA-BH-A0DE-01A,-20.2388115117842,91.1444532637456,20.8578612680657,3
TCGA-BH-A0DI-01A,-14.8212560275194,80.6640995608131,14.8039150109215,3
TCGA-BH-A0DK-01A,-12.1565145535363,79.0774640100759,28.6191801483201,3
TCGA-BH-A0DO-01B,2.64681434824688,73.675822705194,13.3916867784581,3
TCGA-BH-A0DQ-01A,-6.51844788432009,81.3564504570774,15.6128756674694,3
TCGA-BH-A0DT-01A,3.95670560463531,77.0340676720078,21.2213372284423,3
TCGA-BH-A0DV-01A,-13.4095387745307,85.3389384606898,14.3161360399038,3
TCGA-BH-A0DX-01A,1.92334522678309,73.4537704341501,18.8963153131177,3
TCGA-BH-A0E1-01A,-9.26616315369563,72.8551548895801,18.5005627966596,3
TCGA-BH-A0E9-01B,-12.2037337880706,85.1465458669736,24.3729357810309,3
TCGA-BH-A0EA-01A,-2.89544340545231,77.2553401363384,20.690615275988,3
TCGA-BH-A0EI-01A,-21.7680388178883,88.5512470738675,27.3224292065516,3
TCGA-BH-A0GZ-01A,-0.556429683320879,81.2082104520077,36.2954392255925,3
TCGA-BH-A0H3-01A,-6.48952521011925,79.799836336105,21.5862951707751,3
TCGA-BH-A0H5-01A,-15.5904638059307,88.174052863393,17.195438828272,3
TCGA-BH-A0HA-01A,-1.19943044862076,70.4303847843171,19.4534568744047,3
TCGA-BH-A0HK-01A,-1.59574841605974,76.1209899856656,23.8865282095205,3
TCGA-BH-A0HO-01A,-26.1079038130113,82.3671044601641,77.5843786706261,3
TCGA-BH-A0HP-01A,0.931106121486484,72.4153888806363,17.0821410198854,3
TCGA-BH-A0HX-01A,-11.5586377724632,90.01459009763,31.3301543158295,3
TCGA-BH-A0RX-01A,-20.7766689197304,72.4792526203674,14.8527738265744,3
TCGA-BH-A0W7-01A,-5.4501843671237,77.3419896837077,7.92799062903233,3
TCGA-BH-A18G-01A,-6.32380579311486,81.5790084509379,15.3516782445193,3
TCGA-BH-A18H-01A,0.294702012814798,73.8492041228683,17.7709370154943,3
TCGA-BH-A18M-01A,-1.3935583491025,79.3006001688714,26.3431280131865,3
TCGA-BH-A1EN-01A,-0.88932834472765,80.3375366738552,30.7743719376092,3
TCGA-BH-A1EU-01A,-5.84724833394056,81.092379724461,22.9435581218782,3
TCGA-BH-A1F0-01A,-22.0404048597099,72.0203883893364,13.5702569743229,3
TCGA-BH-A1FH-01A,-14.6407017311237,75.7961936199127,15.7162589757758,3
TCGA-BH-A28O-01A,-12.0470691336925,82.210912079923,20.5922520809443,3
TCGA-BH-A2L8-01A,-0.0425140168952287,68.7679455330719,18.0894916016525,3
TCGA-BH-A42U-01A,-21.6254965074472,78.7538805267776,13.7917524663835,3
TCGA-BH-A42V-01A,-7.9930030488739,70.7538910720459,18.8392239241385,3
TCGA-BH-A8G0-01A,-12.1295796710845,83.7730383683382,9.60857230537079,3
TCGA-C8-A12V-01A,-7.23970530824172,84.3490468769444,16.9589266566735,3
TCGA-C8-A138-01A,-21.7554003258668,68.6049685256672,11.7027066696975,3
TCGA-C8-A1HJ-01A,5.80180408395932,80.2698707241736,22.0217742460226,3
TCGA-C8-A1HL-01A,-2.01322953609412,74.28743042427,18.2601672178745,3
TCGA-C8-A273-01A,15.1900858413796,76.022167554451,13.8105470359717,3
TCGA-C8-A3M7-01A,-9.0155847130913,81.5858777220177,22.958666142465,3
TCGA-C8-A8HR-01A,-9.23294678679441,83.7394197447956,26.7347218028688,3
TCGA-D8-A145-01A,-4.54655937648015,76.5039667446574,19.3572700837491,3
TCGA-D8-A1JB-01A,-17.6112752194791,84.0138901172436,12.2533578704362,3
TCGA-D8-A1JS-01A,-7.09871046244247,77.4951857188941,30.3483731227362,3
TCGA-D8-A1Y0-01A,-5.10896138922697,73.7820950222447,16.5698501947201,3
TCGA-D8-A27I-01A,-14.6924250712212,75.6546771091329,17.7275711284782,3
TCGA-D8-A27R-01A,-6.66390882816013,75.7475429119433,28.5084916765611,3
TCGA-D8-A27T-01A,-4.99935274678162,78.8912464093047,25.4260265563207,3
TCGA-D8-A27W-01A,-2.34652557500155,78.4280809352456,13.0556565896861,3
TCGA-D8-A3Z5-01A,7.41764880848884,77.2073642222026,18.3168944223351,3
TCGA-D8-A4Z1-01A,-16.9178321202552,77.5295146064615,13.3399974874428,3
TCGA-D8-A73U-01A,-15.4027199595112,76.249412158942,9.03258621083604,3
TCGA-D8-A73W-01A,-3.60899045099389,78.0535763392717,29.3730266218202,3
TCGA-E2-A14P-01A,-22.5806216959692,70.5623530611947,16.051661185623,3
TCGA-E2-A14Q-01A,-0.704710742889812,73.2265223137547,16.9793913784174,3
TCGA-E2-A14U-01A,-2.87470560887187,75.1653482572147,17.0197705776439,3
TCGA-E2-A14X-01A,1.14039590379468,79.5381941849257,20.670728879716,3
TCGA-E2-A15D-01A,-3.61872863087088,74.8482743359231,23.4295608331219,3
TCGA-E2-A15M-01A,-15.3370943594459,76.6897025328411,12.0921860511613,3
TCGA-E2-A15P-01A,-2.98145853698236,77.877569932095,18.9179742252017,3
TCGA-E2-A1B5-01A,-6.31417033126656,83.2031286854165,19.6860518554287,3
TCGA-E2-A1IK-01A,2.70937923742356,70.0883776244552,14.6444478071399,3
TCGA-E2-A1IO-01A,-5.71892059408913,79.0386717104981,16.3914539542234,3
TCGA-E2-A1LE-01A,-18.6893020771721,69.536182990465,9.26127429857175,3
TCGA-E2-A3DX-01A,-14.9391947409326,86.0280955408436,16.0275796806887,3
TCGA-E9-A1N5-01A,-4.19556034861031,82.950150560964,31.9287279238826,3
TCGA-E9-A1ND-01A,-13.9941371083991,72.8236810654795,20.3053574877298,3
TCGA-E9-A1NE-01A,-8.59296939169153,81.7132306419282,18.1142965459399,3
TCGA-E9-A1QZ-01A,-9.62397072438271,80.635735066405,29.1921268515523,3
TCGA-E9-A1R0-01A,-7.72823903921512,78.9371374577361,26.6045295115341,3
TCGA-E9-A227-01A,-11.0704618582525,77.2757354482516,25.4199718920971,3
TCGA-E9-A229-01A,-20.2752834345245,72.0700214294567,18.037078131922,3
TCGA-E9-A22B-01A,9.30812397348293,64.1701250514755,18.7240650984783,3
TCGA-E9-A295-01A,-11.383248988318,83.5183716520341,24.306276100901,3
TCGA-E9-A2JT-01A,-19.4983590918583,79.5782086893143,21.1103704311284,3
TCGA-E9-A3Q9-01A,-5.23976141430268,77.7401800464525,26.3846299263908,3
TCGA-E9-A5FK-01A,3.40594564845528,76.1407548659724,20.8340966401168,3
TCGA-EW-A1IW-01A,-12.5126820613993,74.9329434535177,28.4785334139738,3
TCGA-EW-A1IX-01A,-21.7864281232318,90.6002407351924,76.6412827461441,3
TCGA-EW-A1IZ-01A,-0.598379488785085,84.5654618219252,17.3363270108321,3
TCGA-EW-A1J2-01A,-2.4589212479954,83.3820661887796,12.4408175851633,3
TCGA-EW-A1J5-01A,-0.318889204860079,70.4414601905449,21.7933812556598,3
TCGA-EW-A1OV-01A,-7.52033166220209,74.3133182716734,15.1793264418347,3
TCGA-EW-A1P1-01A,-14.4040850279008,81.7472711476671,19.9644067066496,3
TCGA-EW-A1P7-01A,-19.0423956961246,83.2223507006847,12.4866230277824,3
TCGA-EW-A1PB-01A,-10.1074549469905,80.891221466316,17.1691227096581,3
TCGA-EW-A1PE-01A,14.8864409895709,74.5269954828919,17.889730832194,3
TCGA-EW-A1PF-01A,1.31736199221783,77.9755708002637,9.35514208625719,3
TCGA-EW-A2FV-01A,-11.8851552985841,82.981454669974,20.54502000162,3
TCGA-EW-A3E8-01B,0.563043170067436,79.75752640819,26.2972218610914,3
TCGA-EW-A3U0-01A,-17.514390762035,88.0532739427347,28.1461030527525,3
TCGA-EW-A6SC-01A,-10.2300053587687,73.0952294981678,24.0993907661333,3
TCGA-GM-A2DD-01A,-17.0184288908002,72.9544417644949,13.6392926598851,3
TCGA-GM-A2DF-01A,-23.3165510549869,90.5008724919964,68.4075308536198,3
TCGA-GM-A2DI-01A,-16.9477350021927,79.7429670586472,14.8177630690152,3
TCGA-GM-A2DK-01A,-1.31824594804978,76.2914936225146,19.5545180364411,3
TCGA-GM-A3XG-01A,-8.26229893724016,81.2336968494654,19.0094755623462,3
TCGA-GM-A3XN-01A,-8.82701034487158,84.0954237152808,27.2295027990098,3
TCGA-GM-A4E0-01A,-12.3127613631544,85.0745358354821,17.3428820165201,3
TCGA-GM-A5PX-01A,-16.4663833101997,79.3901903298308,19.3555983370687,3
TCGA-HN-A2OB-01A,-14.6615384035529,82.7772832339613,17.2502914115131,3
TCGA-LD-A74U-01A,-1.5048196272094,71.0921817930433,14.7314134869786,3
TCGA-LL-A440-01A,-16.2151088907393,88.4522868308611,21.929547164765,3
TCGA-LL-A441-01A,-13.7974134283856,87.4121532314446,25.4322975052096,3
TCGA-LL-A442-01A,6.77576438088446,72.9063202027183,18.2443679840039,3
TCGA-MS-A51U-01A,-1.89537542455368,79.8004998933603,30.3643416631533,3
TCGA-OK-A5Q2-01A,-10.6477759868364,87.6606528324786,22.1019769383874,3
TCGA-OL-A5RV-01A,8.73399870080398,72.9706880853658,18.0598678911729,3
TCGA-OL-A5RX-01A,2.74989611837741,66.9938212278599,8.95750607220344,3
TCGA-OL-A5RY-01A,-21.9749966183918,77.0115148699732,20.3772113095389,3
TCGA-OL-A66H-01A,-3.75370531468034,80.3443755965718,26.8259116335956,3
TCGA-OL-A66J-01A,-0.784120313419318,79.2387055506716,27.0319183756301,3
TCGA-OL-A66L-01A,-4.16406785641602,73.045767176935,31.5594291210414,3
TCGA-OL-A66N-01A,-6.23050923651162,73.1127179414367,28.4289016523902,3
TCGA-OL-A66P-01A,-1.56895182596851,77.7003206303287,18.0790907773406,3
TCGA-OL-A6VQ-01A,-14.0312420793004,73.3495138533522,7.70287266665679,3
TCGA-PE-A5DC-01A,14.4205591239279,64.3559480600819,14.6741794122296,3
TCGA-PE-A5DD-01A,3.12427269728285,74.1360407649156,11.3866139328348,3
TCGA-PE-A5DE-01A,0.679509515606274,67.9995722125553,23.3930689045694,3
TCGA-PL-A8LY-01A,6.65416691493941,89.9759980048511,27.5239455333986,3
TCGA-PL-A8LZ-01A,-18.9298562555398,80.1404196611064,20.7342745955321,3
TCGA-S3-AA15-01A,-14.9907095801009,82.5318922818716,20.735466921724,3
TCGA-S3-AA17-01A,-1.10172131948323,69.8019834813924,11.7545840738608,3
TCGA-W8-A86G-01A,-4.22512803195316,71.0174200981086,17.1182953198525,3
TCGA-XX-A899-01A,-9.68257160617031,78.5624151111487,9.26289417786807,3
TCGA-XX-A89A-01A,-4.24913324953367,82.6296893422087,17.5339276067754,3
TCGA-Z7-A8R5-01A,-20.9398697459279,83.4218892162277,15.5068999043399,3
