Sample,X,Y,Z,Cluster
TCGA-3C-AAAU-01A,6.58233611348161,98.5204949233937,-20.6333399517137,1
TCGA-3C-AALI-01A,16.7436148610881,87.1920613712927,-13.0467854745466,1
TCGA-5T-A9QA-01A,15.9791296831678,93.6498289297627,-12.6038012282919,1
TCGA-A1-A0SO-01A,8.46739728756174,100.236545719101,-1.05454408007803,1
TCGA-A1-A0SQ-01A,8.91451418954128,81.5897994290372,-13.5679491854834,1
TCGA-A2-A04Q-01A,18.9850680847789,93.1916679217041,-5.45360091247372,1
TCGA-A2-A04X-01A,16.928091242155,88.3240171817742,-5.29722501531717,1
TCGA-A2-A0CQ-01A,-0.330163716796026,94.1249927222194,-2.73687727825386,1
TCGA-A2-A0CS-01A,0.350022039754384,101.275302025045,7.49406353465042,1
TCGA-A2-A0CT-01A,6.50103786122766,102.779096108957,0.0985502364020988,1
TCGA-A2-A0CY-01A,13.8435031010706,82.345589016321,-16.1562557119774,1
TCGA-A2-A0D1-01A,23.124964533341,97.1491459821006,-8.39924721851855,1
TCGA-A2-A0D3-01A,21.7960084624398,86.660458338079,2.03798530122486,1
TCGA-A2-A0D4-01A,17.0198738444655,89.4041277098648,-8.64607404040389,1
TCGA-A2-A0EQ-01A,18.038910827862,90.8864669084914,-7.91808406775737,1
TCGA-A2-A0ER-01A,9.56510878112454,103.976871383204,-6.62102000353592,1
TCGA-A2-A0ET-01A,15.5387640098924,101.780980893701,-3.28963808986055,1
TCGA-A2-A0SU-01A,16.175713734314,105.953761841402,-7.4639736286041,1
TCGA-A2-A0YF-01A,9.85449691981207,92.5512506334799,-13.1019097819418,1
TCGA-A2-A0YG-01A,6.69950695368892,102.001571951744,-2.84902575821584,1
TCGA-A2-A0YT-01A,14.711658456322,94.3799932457358,-16.4140644089209,1
TCGA-A2-A1FV-01A,9.52880936530574,101.794206421322,-9.35312604600157,1
TCGA-A2-A1FW-01A,18.9860282315973,92.5409805204954,-9.82299618544434,1
TCGA-A2-A1G1-01A,2.38612646973374,104.153675452554,6.74074305085454,1
TCGA-A2-A1G4-01A,13.6315449128448,92.6774861940565,-18.088358898129,1
TCGA-A2-A259-01A,13.8520934426787,99.7309479527239,-9.17847830907894,1
TCGA-A2-A25D-01A,20.3551801830427,94.6059671998531,-7.58991338059636,1
TCGA-A2-A25E-01A,11.322485535549,107.211769878632,-1.66683302809804,1
TCGA-A2-A3KD-01A,10.2897692603974,84.9269510771804,-10.5811180749294,1
TCGA-A2-A3XT-01A,6.03851291496578,90.6438463633257,-6.64660354687692,1
TCGA-A2-A3XW-01A,11.8831557926493,82.8938275390297,-10.1080117741081,1
TCGA-A2-A3XZ-01A,10.0822997186605,91.2701757040085,-3.16025747311052,1
TCGA-A2-A3Y0-01A,12.3863619211517,83.5591020883104,-14.7392492448775,1
TCGA-A2-A4S0-01A,9.91543349258969,84.6745606131765,-18.4821512395783,1
TCGA-A2-A4S3-01A,22.0597335018659,82.8559618004589,-2.2700530526797,1
TCGA-A7-A0CD-01A,-1.20963738484185,100.022689192521,7.76489015039117,1
TCGA-A7-A0CH-01A,11.8968984016214,106.165782852806,1.58887934644083,1
TCGA-A7-A0CJ-01A,11.3982624634999,95.0277653616092,-14.4196209346222,1
TCGA-A7-A0DC-01A,8.98964351174801,100.835819749608,-1.76329005345479,1
TCGA-A7-A0DC-01B,17.3845192002396,94.1001222095492,-7.99873547417016,1
TCGA-A7-A13D-01A,19.6617876524186,80.9955200118743,-1.1242375099876,1
TCGA-A7-A13D-01B,14.1821372417199,78.7434422761144,-1.7543706597413,1
TCGA-A7-A13F-01A,6.11087410088531,100.230546520999,8.33262328058845,1
TCGA-A7-A13G-01B,2.58923126176683,104.673366827479,1.46723664533808,1
TCGA-A7-A26E-01A,3.05535938581557,104.064996032122,7.12211767333433,1
TCGA-A7-A26J-01A,7.55119256742453,98.9352910495761,-2.12426616632808,1
TCGA-A7-A26J-01B,10.0332332095959,103.528097430363,-5.37426463534615,1
TCGA-A7-A3IZ-01A,8.47680865078387,87.3988979392161,-11.6801777287242,1
TCGA-A7-A3J0-01A,11.10676813703,88.5337955784751,-16.3455254377889,1
TCGA-A7-A3RF-01A,20.4334583286479,96.6167990636616,-10.6228745782047,1
TCGA-A7-A4SF-01A,14.2060233936895,86.556818445327,-8.09196172166564,1
TCGA-A8-A06N-01A,16.9706600640888,97.8165483717855,-13.2759028511316,1
TCGA-A8-A06Q-01A,8.82965045910672,97.0972006544806,-15.1641364674467,1
TCGA-A8-A06U-01A,10.8843031919026,104.295116042691,5.87279989915401,1
TCGA-A8-A06X-01A,20.614010879025,84.3447071486863,-11.4132399749955,1
TCGA-A8-A06Y-01A,7.02378872550663,104.545936179329,-5.51818158259131,1
TCGA-A8-A06Z-01A,6.09425438954845,79.8640208956744,-18.80955020857,1
TCGA-A8-A079-01A,13.6153852889737,94.8719606207471,-12.6335375621166,1
TCGA-A8-A07B-01A,13.6741667931063,100.944451606771,-10.7835310287899,1
TCGA-A8-A07O-01A,7.70751575548462,93.0795346927048,-13.0382865131469,1
TCGA-A8-A07S-01A,-1.57993717142127,97.3209221690921,-4.05563259359801,1
TCGA-A8-A07U-01A,5.98007830151631,91.6494333274077,-21.6498919363324,1
TCGA-A8-A07W-01A,10.8304821316826,98.3628166567097,0.384909619419538,1
TCGA-A8-A07Z-01A,10.3755419898505,94.4642687241066,-17.8519584404191,1
TCGA-A8-A081-01A,14.8419449609497,92.4035123099481,-8.28249545558862,1
TCGA-A8-A082-01A,2.89355073983502,102.091695466764,1.1635524934118,1
TCGA-A8-A083-01A,11.3513219578919,101.514881094962,-14.4373568528681,1
TCGA-A8-A084-01A,9.60556308165571,103.772329751954,2.52594075265295,1
TCGA-A8-A08A-01A,0.305700238912116,99.4464448822406,4.31458503807368,1
TCGA-A8-A08B-01A,13.4971267827474,90.5117944235342,-12.2461264049552,1
TCGA-A8-A08C-01A,6.15679786827765,102.705969175172,2.5589311317109,1
TCGA-A8-A08F-01A,10.8970499934635,106.933188557324,5.06604892215299,1
TCGA-A8-A08I-01A,6.23458770446786,94.4018603961045,-11.7086963593173,1
TCGA-A8-A08S-01A,3.15678449060319,97.4208405114149,2.43467318086998,1
TCGA-A8-A090-01A,9.52565562836683,98.9024759172613,4.71130752364742,1
TCGA-A8-A091-01A,7.25185038156632,97.4738099424985,1.03503638412829,1
TCGA-A8-A094-01A,7.5766241298489,97.9543283735854,0.19249887965361,1
TCGA-A8-A095-01A,5.09798948214265,93.2569914832005,4.68183234842677,1
TCGA-A8-A099-01A,7.86242602557533,105.534113023258,-2.72110829994728,1
TCGA-A8-A09E-01A,8.78793519397342,102.690874616898,5.45990794493162,1
TCGA-A8-A09G-01A,15.692824424411,92.0183779446435,-3.78715754213449,1
TCGA-A8-A09I-01A,8.75035370821836,97.7444417933666,0.619419830220551,1
TCGA-A8-A09K-01A,11.5096046597071,99.0530134030002,-13.8857240090632,1
TCGA-A8-A09N-01A,10.6637347262928,97.0079378615581,0.504683144966634,1
TCGA-A8-A09Q-01A,11.4480386365135,102.233086839085,4.7999903083775,1
TCGA-A8-A09R-01A,2.64059482740262,100.771636026581,6.82608023566548,1
TCGA-A8-A09T-01A,13.0951212697392,94.9271602314254,-2.15597108907268,1
TCGA-A8-A09Z-01A,9.71887661820086,92.7998282370596,-14.6786873744254,1
TCGA-A8-A0A9-01A,14.9326571803801,93.6766122559703,-16.6349471737167,1
TCGA-A8-A0AB-01A,13.7379746441755,101.80230106743,-2.72947827707008,1
TCGA-AC-A23H-01A,3.2673454224472,105.059866215619,7.95377324520537,1
TCGA-AC-A2BM-01A,3.17673353843813,103.660347769376,5.63563403139487,1
TCGA-AC-A2FM-01A,16.2184528067997,97.8001046083299,-9.82008663043229,1
TCGA-AC-A3OD-01B,17.1076313808327,86.3809375160508,-8.75751008945876,1
TCGA-AC-A3YJ-01A,19.1226533861377,96.8066240792261,-14.8143231093167,1
TCGA-AC-A4ZE-01A,18.1018420784864,92.5692892153057,-9.45909570616245,1
TCGA-AC-A7VB-01A,19.9944848642195,95.253040828194,-13.8800595801054,1
TCGA-AC-A8OR-01A,11.138844599397,86.7012561090953,-10.4698223718512,1
TCGA-AN-A03Y-01A,5.80509997781607,95.9560011883834,3.31430302177023,1
TCGA-AN-A04C-01A,11.8780459232293,82.7010860540001,-3.99833715262082,1
TCGA-AN-A0AK-01A,8.63820885617618,91.3694558913635,-4.52999140939976,1
TCGA-AN-A0AM-01A,11.9969282555528,76.8462491182226,0.526782215001716,1
TCGA-AN-A0AT-01A,10.8732416801223,101.205169567274,-0.330647552429806,1
TCGA-AN-A0FF-01A,-0.0445783033080179,99.9100544331422,1.49005473857666,1
TCGA-AN-A0XP-01A,-0.112288638445441,99.7237688962182,-4.34817323147617,1
TCGA-AN-A0XT-01A,12.5331728384875,87.6842398083876,-17.381172236555,1
TCGA-AO-A03O-01A,12.978187487333,101.159171423721,-6.48752991882674,1
TCGA-AO-A03P-01A,0.104910676044953,95.5260864342435,-0.234616051174677,1
TCGA-AO-A03U-01B,9.50325459735395,100.459289898749,0.527976554392114,1
TCGA-AO-A0J2-01A,12.798389988899,76.8346044459672,3.85805448655368,1
TCGA-AO-A0J3-01A,18.4911568889447,89.8302256991036,-8.43787504998876,1
TCGA-AO-A0J6-01A,12.8943521568363,99.8014776206839,-9.32124612847501,1
TCGA-AO-A0J7-01A,3.22810348419308,97.921781388651,3.45406434154747,1
TCGA-AO-A0J8-01A,8.36970017940094,100.219424648497,0.396715955929559,1
TCGA-AO-A0JC-01A,22.8255972823391,97.6869872122146,-10.1385310035824,1
TCGA-AO-A0JD-01A,15.4591300842263,101.907766170761,-10.3147923255669,1
TCGA-AO-A0JI-01A,13.0393675181274,94.4653761292776,-8.32256367193849,1
TCGA-AO-A125-01A,17.9137367175445,94.30748693473,-10.7733270723151,1
TCGA-AO-A12B-01A,6.84327658243624,89.685073457063,-9.47964010766658,1
TCGA-AO-A12H-01A,15.2767540498448,100.934450552654,-14.6580989285705,1
TCGA-AQ-A04H-01B,7.29076230486021,97.1969223161441,-7.62677872341667,1
TCGA-AQ-A1H2-01A,14.2048849341254,93.0657197555846,-16.5873788097725,1
TCGA-AR-A0TQ-01A,21.923847776574,97.5264278962751,-9.52029946192725,1
TCGA-AR-A0TR-01A,6.87996373395494,101.065755581048,-11.8641298873413,1
TCGA-AR-A0TV-01A,6.2616779043072,88.3007868762146,-11.5296597345436,1
TCGA-AR-A0TW-01A,10.8661955227508,98.6605574582711,-4.67736248663074,1
TCGA-AR-A0TY-01A,8.7548860701453,93.5591533172,-8.20460192296028,1
TCGA-AR-A0U0-01A,17.9444215250254,96.96230964183,1.345188698999,1
TCGA-AR-A0U2-01A,18.9140951518282,97.268861366343,-7.24556381361921,1
TCGA-AR-A0U3-01A,9.46951986471528,92.4650970323158,-13.0579093874937,1
TCGA-AR-A1AP-01A,12.1270483278848,81.5190909905763,0.783787760103851,1
TCGA-AR-A1AR-01A,10.5242397950004,99.6387759504723,-9.74645084871921,1
TCGA-AR-A1AS-01A,11.0991914625324,102.661455542175,0.078984309086726,1
TCGA-AR-A1AT-01A,12.0641973618547,109.093825487581,-4.04143185375707,1
TCGA-AR-A24H-01A,15.8881579808027,91.7302308823069,-9.044491758626,1
TCGA-AR-A24K-01A,2.76316407655228,102.488596284503,5.91307880691439,1
TCGA-AR-A24M-01A,4.85235090337294,100.450721118651,10.0166527690531,1
TCGA-AR-A24Z-01A,10.1820647092539,81.2749950898571,-15.9537946734097,1
TCGA-AR-A2LE-01A,2.72084203472645,100.669655232785,3.05299298103503,1
TCGA-B6-A0I9-01A,13.1097939612279,85.8783743897978,-18.4815447209176,1
TCGA-B6-A0IA-01A,12.1814725010437,97.0435998990434,-13.7111941916103,1
TCGA-B6-A0IB-01A,11.8657506780204,86.960071687869,-14.0886174558602,1
TCGA-B6-A0IC-01A,11.6953918305211,96.1756799701026,-2.87793890243592,1
TCGA-B6-A0IK-01A,4.69118499979493,90.1114687209584,-8.26552559919041,1
TCGA-B6-A0IO-01A,17.9402051679507,96.6955665099739,-16.0069687889827,1
TCGA-B6-A0IP-01A,1.34743112071605,100.272387172756,5.83511972923196,1
TCGA-B6-A0RL-01A,19.0439285810435,89.8223028414514,-9.11471656542107,1
TCGA-B6-A0RM-01A,16.7014512935017,92.2102580589186,-13.5510198492891,1
TCGA-B6-A0RO-01A,16.4003572934501,95.2765420695598,-1.60680125867496,1
TCGA-B6-A0RS-01A,16.4225020962844,81.9408407165047,0.859904802477385,1
TCGA-B6-A0WV-01A,8.36913208973629,102.360959249877,-13.3047261602732,1
TCGA-B6-A0X0-01A,6.74595375532957,87.2773814305509,-9.88495458405418,1
TCGA-B6-A0X1-01A,8.51099744074937,94.5848223890071,-12.6312578415879,1
TCGA-B6-A0X4-01A,6.17119940935423,88.287141407267,-15.0476846236331,1
TCGA-B6-A1KC-01B,14.0640417753554,104.04105561281,-5.86149398234803,1
TCGA-B6-A2IU-01A,2.4245588115187,92.9246163755872,1.79805735423063,1
TCGA-B6-A400-01A,12.726576173782,99.4723070773592,-2.96775831737709,1
TCGA-B6-A408-01A,-2.50157942580148,92.1976289018725,4.46896595545269,1
TCGA-BH-A0BD-01A,3.91576489252724,94.6934752602347,3.04348385804839,1
TCGA-BH-A0BW-01A,12.5219866315845,91.1580496612056,-7.55108067049406,1
TCGA-BH-A0C0-01A,11.8824176725207,92.0292389592143,-12.2034704820758,1
TCGA-BH-A0DL-01A,13.410405904634,97.4520357549963,-11.7088853344406,1
TCGA-BH-A0E0-01A,7.62122695012333,92.5399550513775,-6.22004419309411,1
TCGA-BH-A0EE-01A,14.5858411370629,89.7092335426689,-7.32328983558226,1
TCGA-BH-A0H0-01A,17.4027916340147,94.1197292799278,-4.10191420189936,1
TCGA-BH-A0H9-01A,3.29837242598008,91.4355373943802,7.55487488145505,1
TCGA-BH-A0HL-01A,7.18864239556169,97.3067433917801,-13.7032059039314,1
TCGA-BH-A0HN-01A,17.8480569762132,97.8708533944356,-13.5422468344073,1
TCGA-BH-A0HO-01A,8.18384617052992,104.79857500372,-5.0685036929307,1
TCGA-BH-A0HW-01A,14.8220631927735,91.772161982647,-13.9373318032716,1
TCGA-BH-A0W3-01A,12.769996424291,90.3192810377523,-18.5169386662923,1
TCGA-BH-A18H-01A,7.70783709330115,87.7357352948127,-11.747962441586,1
TCGA-BH-A18L-01A,9.20499716884947,86.5888930515532,-9.45572592462444,1
TCGA-BH-A18N-01A,4.30506919253804,93.9853702009478,-6.0219751327631,1
TCGA-BH-A18P-01A,5.90369936483514,101.704888277757,-0.00394722617576601,1
TCGA-BH-A18R-01A,18.1644115301926,92.44499388264,-8.13066896881588,1
TCGA-BH-A18S-01A,9.31423153971519,89.1284942856262,-14.3493542695974,1
TCGA-BH-A18T-01A,3.79007815090727,93.3306402964916,-9.64585622774753,1
TCGA-BH-A18U-01A,7.57797348484442,101.184159090421,2.00235039312175,1
TCGA-BH-A18V-01A,10.5852335472899,92.0542048710708,-10.3300366735244,1
TCGA-BH-A1EN-01A,10.9776838812535,85.0523420876603,-14.6669233433289,1
TCGA-BH-A1FC-01A,15.4760251515566,89.8700377799494,-14.033404848266,1
TCGA-BH-A1FG-01A,6.9974975779482,98.2439797637031,2.67418084296695,1
TCGA-BH-A1FJ-01A,2.36047077727892,101.100762005229,6.03166707342174,1
TCGA-BH-A1FN-01A,12.5583612969136,100.600598391706,-10.5877197659557,1
TCGA-BH-A1FR-01A,10.0643681124998,95.9904182110707,-6.81184360293178,1
TCGA-BH-A202-01A,15.3894573651875,101.915054483458,-0.10314246828596,1
TCGA-BH-A203-01A,4.67681949235662,102.576769501839,1.84330708485928,1
TCGA-BH-A204-01A,9.49508622949678,102.974849767553,-3.61842245728037,1
TCGA-BH-A209-01A,13.9873716727975,105.592524605217,-5.1949624935478,1
TCGA-BH-A8FY-01A,16.3566519877521,96.4614830631962,-15.3455187195139,1
TCGA-C8-A12L-01A,14.391061791778,102.462553472436,-5.48405768674316,1
TCGA-C8-A12M-01A,17.9045269749689,100.147010281594,-8.84640319030478,1
TCGA-C8-A12U-01A,11.2191711115258,91.1096328942929,-12.0219655386625,1
TCGA-C8-A12X-01A,10.8207626208498,97.131139842735,-4.76682350193585,1
TCGA-C8-A133-01A,4.62501417817209,94.9878727656551,-10.2975272056807,1
TCGA-C8-A1HE-01A,4.22223315336754,95.079376096185,5.49384485578526,1
TCGA-C8-A1HK-01A,13.5746990905155,85.3195820153885,-19.6405236541554,1
TCGA-C8-A1HM-01A,14.5233936234368,90.6393067739142,-15.7828343141763,1
TCGA-C8-A26V-01A,2.46518822146165,96.59281036585,3.37801128944247,1
TCGA-C8-A26X-01A,15.721428584762,83.2477175281237,3.53542878608557,1
TCGA-C8-A26Y-01A,8.74473930372396,83.2946403835802,-12.50892190792,1
TCGA-C8-A274-01A,14.0543871840704,92.1507580460791,-11.2885207958621,1
TCGA-C8-A275-01A,19.3490169138817,97.3419432638315,-12.2887093909154,1
TCGA-C8-A27A-01A,10.7391022657495,103.342421060841,-10.5154454172904,1
TCGA-C8-A8HP-01A,13.184760508661,83.1989087880712,-11.5600323507734,1
TCGA-D8-A13Y-01A,19.1395741575712,89.6682898553458,-7.64636224671769,1
TCGA-D8-A13Z-01A,18.151815057071,79.9310256452561,-5.67747520433845,1
TCGA-D8-A142-01A,7.80770954534638,94.793938418979,2.42825712856913,1
TCGA-D8-A1J8-01A,12.7258901350774,104.147869856607,-0.76316061289436,1
TCGA-D8-A1JA-01A,9.71007738981905,100.672951459194,-5.5767746618993,1
TCGA-D8-A1JI-01A,14.0313893501468,94.3329832357684,-7.86364791202593,1
TCGA-D8-A1JN-01A,8.15940338680953,92.6078902514195,-6.18022768969855,1
TCGA-D8-A1JS-01A,7.17604963880663,100.413004906811,-13.0650388645058,1
TCGA-D8-A1JT-01A,6.00078293417626,97.4028390059743,-12.4752689112253,1
TCGA-D8-A1X6-01A,16.2160494632393,98.7069611968036,-14.551049737783,1
TCGA-D8-A1X8-01A,16.5702883097285,107.400097144582,-5.24278513302882,1
TCGA-D8-A1XA-01A,10.1045007752817,94.0121470652894,1.87809284998675,1
TCGA-D8-A1XC-01A,8.42311307534423,83.3326802907602,-11.0026616768686,1
TCGA-D8-A1XF-01A,16.6629862675934,93.3823541592198,-10.9404800421469,1
TCGA-D8-A1XG-01A,11.3556722049083,88.0101758674119,-10.8379630599513,1
TCGA-D8-A1XL-01A,16.9772417392081,85.927313242601,-10.6006452044893,1
TCGA-D8-A1XV-01A,5.55555241386094,86.0039999513904,-12.3862014900157,1
TCGA-D8-A1Y0-01A,5.03871716313354,96.9033198258971,1.51407537376189,1
TCGA-D8-A1Y3-01A,1.08444436831268,94.0183353208658,-0.0769629925119532,1
TCGA-D8-A27E-01A,7.61920982230132,94.8535295325951,-15.0218717829507,1
TCGA-E2-A105-01A,0.39847144574836,95.7686124703261,4.93114134082933,1
TCGA-E2-A106-01A,25.0642409268045,90.188907202964,-7.39537959272922,1
TCGA-E2-A107-01A,14.1560802822552,98.4955309204889,-14.6408762130541,1
TCGA-E2-A10A-01A,2.85642836055744,95.4237396543886,-2.20614666584348,1
TCGA-E2-A10E-01A,3.26082822520731,99.5560253522898,2.31664729027474,1
TCGA-E2-A14O-01A,6.05932424349164,99.6267197622435,0.930206691871591,1
TCGA-E2-A14P-01A,12.5282847914104,84.4285922336424,-2.36869406907296,1
TCGA-E2-A14V-01A,11.9735738662461,87.7097103930319,-22.6902778516325,1
TCGA-E2-A14Y-01A,17.1186843238323,95.4886121285081,0.604403994028537,1
TCGA-E2-A154-01A,7.17732627912592,97.1891310875633,1.68102063355958,1
TCGA-E2-A155-01A,13.1278825338647,100.462824635239,-14.1482188132407,1
TCGA-E2-A156-01A,9.72216402826924,95.3047638066789,-10.45007064648,1
TCGA-E2-A159-01A,16.9293024114567,92.3013849492462,-13.4030998285895,1
TCGA-E2-A15F-01A,14.5873482777827,99.5072106781324,5.74776666236849,1
TCGA-E2-A15G-01A,7.54275399389254,97.1862143378668,-10.08942151984,1
TCGA-E2-A15J-01A,8.75347975366837,94.3169586662124,-11.9071129430335,1
TCGA-E2-A15O-01A,11.8173914850239,91.0922228913171,-11.0073822559345,1
TCGA-E2-A15R-01A,9.38081396169865,100.642308720315,-11.6546103466343,1
TCGA-E2-A15S-01A,12.0643348431444,90.4837629026563,-5.10436111520446,1
TCGA-E2-A15T-01A,18.2109072074457,88.3518522682041,-8.85752435838516,1
TCGA-E2-A1IK-01A,9.52130007470858,86.5862085191502,-12.2193833127835,1
TCGA-E2-A572-01A,13.7920788483248,92.0637291331183,-7.05419234885552,1
TCGA-E2-A9RU-01A,4.45383403172883,96.6965162122135,-2.34214912280202,1
TCGA-E9-A1N3-01A,12.1308474925568,95.2740936962739,-18.7261085589644,1
TCGA-E9-A1ND-01A,7.70212703848314,96.567478765373,7.9984410242035,1
TCGA-E9-A1R3-01A,4.94911487532226,93.6387383862178,9.63527953828423,1
TCGA-E9-A1R4-01A,10.8395508260258,94.5326495349818,-16.1797002246959,1
TCGA-E9-A1R7-01A,11.9071346969274,96.0994966322504,-4.03070846757955,1
TCGA-E9-A1RB-01A,8.81514502088762,97.1024828019888,-6.85336882007254,1
TCGA-E9-A1RC-01A,1.16110335066895,96.9426212026474,-0.254232201386867,1
TCGA-E9-A1RD-01A,0.402397263178892,103.859759218184,8.91726526879309,1
TCGA-E9-A1RE-01A,13.671574648583,102.435314803245,-9.66715745677115,1
TCGA-E9-A1RH-01A,10.7870094387162,86.7871176751622,-4.48093503364751,1
TCGA-E9-A228-01A,16.8376814510075,93.7730118529614,-15.4842528128151,1
TCGA-E9-A22H-01A,11.8041667487144,104.804359115824,-4.57509943054935,1
TCGA-E9-A245-01A,11.3457603326325,81.6769129309676,-19.4058078671476,1
TCGA-E9-A247-01A,-2.19364622762764,100.880690002284,-0.997377047672552,1
TCGA-E9-A248-01A,20.7130013759069,83.1045015773821,-2.52571696599894,1
TCGA-E9-A249-01A,12.805100935741,98.523269365998,-7.66448126839186,1
TCGA-E9-A3HO-01A,13.4765465723428,90.297016234462,-13.6466434815424,1
TCGA-E9-A3Q9-01A,7.00051193613695,92.5932758425015,-19.4827716411173,1
TCGA-E9-A54X-01A,5.49287916387198,94.8334551970225,-13.6682699410972,1
TCGA-E9-A54Y-01A,14.7906128665868,84.0404630122206,-6.31608616538312,1
TCGA-E9-A5UO-01A,14.7449861949992,95.877663096948,-13.8686056408605,1
TCGA-E9-A5UP-01A,9.60376410015854,88.3586416726166,-6.69234339385398,1
TCGA-EW-A1IZ-01A,14.7796077736848,91.3015722319652,-12.4547198656138,1
TCGA-EW-A1J1-01A,10.4547790668964,80.5415404304235,-12.4406813717413,1
TCGA-EW-A1J5-01A,16.9999576970916,90.9534037005897,-12.0536232258106,1
TCGA-EW-A1OX-01A,20.7505206560489,92.2243264032952,-15.6396859538092,1
TCGA-EW-A1OY-01A,6.46093795928132,94.5118202211949,-11.981621233892,1
TCGA-EW-A1P5-01A,7.46870687458812,97.1775802598156,-7.66139591341704,1
TCGA-EW-A1PA-01A,1.39273523428584,97.7989420036021,-5.51588086603526,1
TCGA-EW-A1PB-01A,12.7693389573632,86.762310410081,-8.71736130664273,1
TCGA-EW-A1PC-01B,6.52859738647562,86.5484945856598,-10.0590507850295,1
TCGA-EW-A1PE-01A,12.1021262478434,101.585561722385,2.078555680939,1
TCGA-EW-A1PH-01A,9.60707811917341,96.7658873043626,-8.84630481763538,1
TCGA-EW-A6SA-01A,9.70722297257527,88.9357725412097,-16.648096562176,1
TCGA-EW-A6SD-01A,14.7264536849874,83.5553323949355,-0.135592710585188,1
TCGA-GM-A2DH-01A,9.92517964971331,94.8979585165208,-9.85866282904559,1
TCGA-GM-A2DM-01A,11.8201179782741,85.1185812000572,-19.2925782474475,1
TCGA-GM-A2DO-01A,12.4231508807278,88.5177294659829,-3.77964381426001,1
TCGA-GM-A3XL-01A,13.2887773935772,91.6885710687428,-10.3932097340385,1
TCGA-LL-A442-01A,13.4578617041378,85.8754859563899,-11.8097344493217,1
TCGA-LL-A50Y-01A,16.0422658866987,90.4935450635772,-14.1578854056822,1
TCGA-LL-A6FP-01A,16.5966827517955,98.4536088682403,-3.19947187044152,1
TCGA-LL-A6FQ-01A,4.48637665425953,94.7118761186903,-1.29700379688691,1
TCGA-LQ-A4E4-01A,21.8753932135994,92.4032711940206,-13.5230272894189,1
TCGA-OL-A5D8-01A,1.36059554682126,97.022855829285,5.1752421265536,1
TCGA-OL-A5RZ-01A,16.6678611075507,97.1939156449231,-15.1833655109809,1
TCGA-OL-A66H-01A,10.3883517307454,82.706254247003,-20.818864574606,1
TCGA-OL-A97C-01A,17.6118937794688,93.0277370585249,-11.3974835919318,1
TCGA-PE-A5DC-01A,18.8244660593261,85.7400765231642,-7.81208559409629,1
TCGA-PL-A8LX-01A,10.2044371526093,90.8345424265223,-16.730234310503,1
TCGA-S3-A6ZF-01A,11.1531441478101,103.590646992913,2.86868566758593,1
TCGA-S3-A6ZG-01A,6.8968298547911,81.5335922767315,-21.0573693848604,1
TCGA-S3-A6ZH-01A,11.7022546979101,82.4046886046042,-2.02626962912301,1
TCGA-S3-AA11-01A,5.07633403732343,100.232156491146,2.17924414962545,1
TCGA-S3-AA12-01A,22.9549682366183,94.2584592847356,-16.3255621983763,1
TCGA-S3-AA17-01A,20.6377948870726,88.2216912662038,-11.154468292141,1
TCGA-UL-AAZ6-01A,14.1118990066088,93.9500312657442,-11.4069316709564,1
TCGA-UU-A93S-01A,19.9957125237822,87.3033322473424,-8.54124947306673,1
TCGA-WT-AB41-01A,4.32871402883586,98.1530053907095,0.903214005516814,1
TCGA-Z7-A8R6-01A,-4.10758047202144,96.9471447183328,-2.84230604945452,1
TCGA-A1-A0SB-01A,22.8920652724603,50.1074173401168,41.9962031160549,2
TCGA-A1-A0SK-01A,23.8878861875182,42.8357006118968,33.8356983941534,2
TCGA-A1-A0SP-01A,25.9326634090494,52.0946534095198,39.8715930964693,2
TCGA-A2-A04P-01A,22.7662823105244,41.3210691442781,29.1449057385543,2
TCGA-A2-A04T-01A,29.7609359466465,44.1748305706636,27.13602525114,2
TCGA-A2-A04U-01A,35.8236897510935,43.0435888799827,33.0729565090473,2
TCGA-A2-A0CM-01A,23.297960158038,53.0665926351151,33.1810234184642,2
TCGA-A2-A0D0-01A,32.4369602121985,50.6456003291255,38.4353253106949,2
TCGA-A2-A0D2-01A,28.9501757455828,31.3220096318315,27.2615884013211,2
TCGA-A2-A0ES-01A,26.5626047341434,49.1934199712679,26.4840772736515,2
TCGA-A2-A0ST-01A,21.0304534962686,40.1766720174255,35.0541328778565,2
TCGA-A2-A0T0-01A,25.1387223560632,49.2151270797519,43.9707450590086,2
TCGA-A2-A0T2-01A,26.6670584586312,41.7701295732304,40.2041171250768,2
TCGA-A2-A0YH-01A,22.3271139664612,36.0866836150764,29.6554212038062,2
TCGA-A2-A0YJ-01A,24.412903074023,43.5449601551193,26.9142249799926,2
TCGA-A2-A0YK-01A,27.410744827775,43.2399515979383,36.7451166646481,2
TCGA-A2-A0YL-01A,25.8962079702764,33.2349597055534,18.7711041280936,2
TCGA-A2-A0YM-01A,23.0087388396012,52.5891816062989,45.3460239997041,2
TCGA-A2-A1G6-01A,21.7667300746739,38.6064000225496,26.8572686210397,2
TCGA-A2-A3XS-01A,23.8272764712761,40.7541570934417,35.8253223624838,2
TCGA-A2-A3XX-01A,32.2538327107645,41.4557841700575,30.145591344715,2
TCGA-A2-A4RX-01A,27.8029944978518,39.7094395115729,22.8366365054287,2
TCGA-A2-A4RY-01A,19.7501224467792,37.9104144249657,30.0249949975062,2
TCGA-A7-A0CE-01A,21.6793167986712,41.8752580167648,32.4820586775576,2
TCGA-A7-A0DA-01A,28.1084178732257,43.7911223876526,42.0103449062673,2
TCGA-A7-A13E-01A,18.5404395854253,42.0781357512557,44.5007055598493,2
TCGA-A7-A13E-01B,23.6636289344252,41.2839179825658,17.9167519511337,2
TCGA-A7-A26F-01B,21.6961262125061,48.9892983715735,46.8920577788757,2
TCGA-A7-A3IY-01A,20.7109065637302,51.9233851390131,36.6923990560571,2
TCGA-A7-A5ZV-01A,28.7954848894346,43.2741778437932,39.4713321454955,2
TCGA-A7-A6VV-01A,26.3099537731952,32.8269877587187,21.1308070083981,2
TCGA-A7-A6VW-01A,28.4751723640285,48.4185429656362,35.6281428667905,2
TCGA-A7-A6VY-01A,28.9866281376767,47.4427176140584,44.6967806107649,2
TCGA-A8-A07C-01A,18.0269159418062,47.2800219260811,36.3742907279544,2
TCGA-A8-A07R-01A,24.2169668815082,45.5128639889962,38.1778944306496,2
TCGA-A8-A08R-01A,23.278759862302,44.0638367184287,39.4043324548628,2
TCGA-A8-A0A4-01A,21.3816130749448,53.6228707918203,35.2849608922404,2
TCGA-A8-A0A6-01A,20.1237045824703,45.135272166936,40.1820364782578,2
TCGA-AC-A2BK-01A,26.3127343988934,45.8516749217115,38.3995736094214,2
TCGA-AC-A2FB-01A,19.4107751971103,40.4608634934852,36.1310372045727,2
TCGA-AC-A2FG-01A,25.547452823139,37.8389414560023,29.8458441153095,2
TCGA-AC-A2FK-01A,17.6241610581891,45.7496579813592,27.160707498001,2
TCGA-AC-A2QH-01B,24.9327998330211,36.5767561383416,34.1193902494246,2
TCGA-AC-A62X-01A,23.6068399313088,39.9125576955816,29.9514572628436,2
TCGA-AC-A6IW-01A,26.7066737191335,38.7278829173545,31.5547543094989,2
TCGA-AN-A04D-01A,31.7444598373299,46.758457339064,37.4199692357191,2
TCGA-AN-A0AR-01A,27.0596821699768,41.8433331102015,43.1473038026257,2
TCGA-AN-A0FJ-01A,18.6853921946969,33.901682038745,15.2358054037485,2
TCGA-AN-A0FL-01A,30.4282139650655,44.1771356074466,31.8155923981422,2
TCGA-AN-A0FX-01A,20.0761305946869,37.3122924907714,36.7309506181881,2
TCGA-AN-A0G0-01A,24.7087102305857,44.5109767705567,34.331372190181,2
TCGA-AN-A0XU-01A,26.4651298861922,37.4772675501815,39.7214717896106,2
TCGA-AO-A03M-01B,24.3875429109852,42.2436610857454,47.3359252908054,2
TCGA-AO-A03R-01A,23.3033943387071,52.5442011824547,42.5705020534462,2
TCGA-AO-A03T-01A,20.9565380091578,37.2190835510784,29.7963401002707,2
TCGA-AO-A0J4-01A,25.376132538608,50.3824846158874,39.7018934341175,2
TCGA-AO-A0JB-01A,17.7383214092213,31.8842475972724,19.1709444309848,2
TCGA-AO-A0JL-01A,19.6403780113768,38.8667440645786,34.1133480199519,2
TCGA-AO-A124-01A,26.1974026609888,42.7887452451856,45.6284386830113,2
TCGA-AO-A128-01A,30.7056081463512,45.5107707048928,35.2674129985821,2
TCGA-AO-A129-01A,34.4704529695,40.8618476739831,42.6992017442078,2
TCGA-AO-A12E-01A,20.8044055189498,41.567869193201,37.7408484633926,2
TCGA-AO-A12F-01A,28.9027034377002,48.8086070385507,40.0267597429369,2
TCGA-AO-A1KO-01A,28.3683095503799,39.0793713996268,37.2259584351436,2
TCGA-AO-A1KR-01A,26.1002555550228,55.7148034671018,43.2126227183316,2
TCGA-AQ-A04J-01A,30.8334827290653,46.2398854036591,35.40043492126,2
TCGA-AQ-A54N-01A,33.9238650438453,44.7029662372689,39.8952998262351,2
TCGA-AR-A0TP-01A,15.9778392533118,44.7311933253848,34.0260258389226,2
TCGA-AR-A0TS-01A,31.7147791183146,48.8566319708361,26.9417794942668,2
TCGA-AR-A0TU-01A,25.9777799061748,47.5212322636896,34.0473897767544,2
TCGA-AR-A0U4-01A,27.7904942840202,46.8056703636409,39.1505483424758,2
TCGA-AR-A1AH-01A,27.2652023586476,45.071671181466,35.7566635059706,2
TCGA-AR-A1AI-01A,24.603119183003,43.3900926864899,38.3033143397114,2
TCGA-AR-A1AJ-01A,22.9289202790059,45.5196439416856,49.320091497397,2
TCGA-AR-A1AK-01A,19.7367955301979,52.9912631396711,35.6115074406679,2
TCGA-AR-A1AO-01A,27.2917248839326,34.5579449920625,27.6128332409884,2
TCGA-AR-A1AQ-01A,25.341006474781,34.019120609076,22.7967312619068,2
TCGA-AR-A1AU-01A,23.5942648811091,42.1608913500717,39.5246869062492,2
TCGA-AR-A1AY-01A,28.4405189400746,44.0908360792342,39.4429934586838,2
TCGA-AR-A24Q-01A,30.4181113954384,39.2355091812429,34.1246592756753,2
TCGA-AR-A24W-01A,25.8498049355375,35.3470020845186,33.0075675665869,2
TCGA-AR-A251-01A,24.5929718303271,47.0958042484222,38.3677757146747,2
TCGA-AR-A252-01A,19.3238967006166,47.5375183680934,35.433760321652,2
TCGA-AR-A256-01A,30.964602746817,42.0116779423007,29.7855771957224,2
TCGA-AR-A2LH-01A,27.2432904601996,45.7539538952202,30.5254863973435,2
TCGA-AR-A2LR-01A,26.4864776768009,46.3810702267568,41.9735339340239,2
TCGA-AR-A5QQ-01A,26.9497553341911,34.3195555781438,27.267292529396,2
TCGA-B6-A0I1-01A,28.6922397774327,36.1548667307609,29.1795086118454,2
TCGA-B6-A0I2-01A,31.8412206090722,49.8164237351097,45.4209703575729,2
TCGA-B6-A0I6-01A,25.9781022182327,36.0281710478424,33.0430433585635,2
TCGA-B6-A0IJ-01A,25.3852946684962,52.7883584894631,36.0498658559059,2
TCGA-B6-A0IQ-01A,25.5934066133017,43.5224627727864,41.2778732042433,2
TCGA-B6-A0RE-01A,25.0168194773497,44.7355210532941,32.1647783823137,2
TCGA-B6-A0RQ-01A,25.9856705373948,39.1388408664859,32.9934190385364,2
TCGA-B6-A0RT-01A,23.4545264969417,45.2023416759499,42.0755876012622,2
TCGA-B6-A0RU-01A,20.9701333011852,39.4998256246069,35.6130348859922,2
TCGA-B6-A0RV-01A,27.7578038462621,53.3612079389335,40.4711339576463,2
TCGA-B6-A0WY-01A,24.4091257906856,41.0857868410254,22.2121451080335,2
TCGA-B6-A1KF-01A,25.2205788089427,44.6159739344572,39.2803132222617,2
TCGA-B6-A3ZX-01A,30.0054427177187,46.8025138242715,28.8790889981251,2
TCGA-B6-A402-01A,31.8675087487372,46.6613209013856,39.1961532559758,2
TCGA-B6-A409-01A,28.2095693443195,43.7118559801851,30.7739587151243,2
TCGA-BH-A0AV-01A,31.0879671553822,37.9154333404278,39.979992269423,2
TCGA-BH-A0B3-01A,29.7746507124028,36.8238760904677,38.0176336660405,2
TCGA-BH-A0B9-01A,27.2338608269107,43.0421699243713,39.9144817807814,2
TCGA-BH-A0BA-01A,17.6722628948599,42.8666767804951,21.8721603064624,2
TCGA-BH-A0BG-01A,19.2665963010709,38.0075918659461,32.1816353608496,2
TCGA-BH-A0DO-01B,19.0666705604363,44.2015923070663,19.8440453399343,2
TCGA-BH-A0E6-01A,24.4570602942077,34.2631409537842,30.3844109684089,2
TCGA-BH-A0E9-01B,17.3669998564373,54.2408616985061,30.2633089681176,2
TCGA-BH-A0H5-01A,26.3673451615365,39.6630756208973,30.5909177197488,2
TCGA-BH-A0RX-01A,19.4238446633973,33.9647962467838,21.2253032118095,2
TCGA-BH-A0WA-01A,18.0928023405622,40.5619564836939,42.6627199230403,2
TCGA-BH-A18G-01A,23.3872671595323,36.0856270700212,29.5770753241178,2
TCGA-BH-A18Q-01A,22.9742379464471,41.616824903292,29.6543129274264,2
TCGA-BH-A1F0-01A,27.9623342018706,37.4939341383798,26.4760518914375,2
TCGA-BH-A1F6-01A,29.9457621811532,39.8248290289903,33.4223223892337,2
TCGA-BH-A1FB-01A,21.5369497570116,47.3744756999395,27.0243871860443,2
TCGA-BH-A28O-01A,28.9435853785838,44.1899343310263,25.2906301767492,2
TCGA-BH-A42U-01A,18.4722821244676,32.4380675399877,23.024045157052,2
TCGA-BH-A5IZ-01A,26.674520541293,44.3652155004492,40.8436846702352,2
TCGA-BH-A8FZ-01A,24.7719958139439,43.9874799064165,27.3505195311346,2
TCGA-C8-A12K-01A,26.3547830996617,43.5757317837741,39.0238712853969,2
TCGA-C8-A12V-01A,21.9967586859016,40.3821193824732,33.3897436777939,2
TCGA-C8-A134-01A,30.7011625159979,46.0082306334004,35.1787111093541,2
TCGA-C8-A1HI-01A,27.2467045186423,37.5576075581153,20.4653773259154,2
TCGA-C8-A1HJ-01A,27.0147287850811,35.7412765367953,38.8374472196698,2
TCGA-C8-A27B-01A,29.5407022298907,42.0811555461869,41.0716000160553,2
TCGA-D8-A143-01A,34.2750883842396,39.2069431246765,40.3071192062034,2
TCGA-D8-A147-01A,29.6781282011991,33.6408856541576,33.7329366570805,2
TCGA-D8-A1JB-01A,20.3818936582526,39.4344999870931,29.129446529483,2
TCGA-D8-A1JK-01A,26.0078911287474,49.2392407903867,45.1166796417845,2
TCGA-D8-A1JL-01A,30.2248880198146,40.7692857214799,32.1975790395932,2
TCGA-D8-A1JM-01A,21.68133378142,42.1208389052831,34.6827321023273,2
TCGA-D8-A1XK-01A,25.1998689434783,42.7441906048137,44.5534475269262,2
TCGA-D8-A1XQ-01A,25.5847520680967,39.3311654767174,38.4125861835055,2
TCGA-D8-A1XW-01A,22.9057072715065,37.9888094311511,36.9912445723357,2
TCGA-D8-A27F-01A,28.4658234858494,41.1123470224168,34.6077603978773,2
TCGA-D8-A27H-01A,25.9215493107643,41.0195543915767,29.7683626214054,2
TCGA-D8-A27M-01A,21.4502934496834,43.0247545215033,24.169750383222,2
TCGA-D8-A3Z5-01A,22.8091182606588,47.7230366792209,40.3205136214971,2
TCGA-E2-A14N-01A,21.9198130296799,35.1074196609454,26.200457748163,2
TCGA-E2-A14R-01A,22.3124045354935,39.2840234454779,33.1323629187575,2
TCGA-E2-A14U-01A,19.9817003129679,52.1778582320092,45.0032983382079,2
TCGA-E2-A14X-01A,26.8375292177237,41.4436705316482,26.1143244769918,2
TCGA-E2-A150-01A,31.5462506151343,43.8690531450561,31.0508944609271,2
TCGA-E2-A158-01A,31.1657903886545,44.2967941631384,40.3324116929962,2
TCGA-E2-A15E-01A,24.591180749642,39.766559290536,30.173074714812,2
TCGA-E2-A1B0-01A,28.5985846784497,40.8427498783557,45.9488247816862,2
TCGA-E2-A1B6-01A,23.4725262344495,55.4773032399195,40.5077538717033,2
TCGA-E2-A1II-01A,32.4888693048283,45.6322085364736,44.9535060169864,2
TCGA-E2-A1IU-01A,21.818056118376,47.1860740785691,41.1161172997812,2
TCGA-E2-A1LG-01A,20.3426512027257,44.3578358179688,41.1222644883625,2
TCGA-E2-A1LH-01A,23.4748762463584,40.9707641177098,21.3944313076572,2
TCGA-E2-A1LI-01A,24.9626989034362,42.887771221876,36.6174979406851,2
TCGA-E2-A1LK-01A,22.3159570154074,40.1226295209652,28.7735647858926,2
TCGA-E2-A1LL-01A,27.3705454431324,47.7975943146906,39.7563499646796,2
TCGA-E2-A1LS-01A,31.9914427111185,43.7222960969281,31.2661234109296,2
TCGA-E2-A573-01A,22.0032240395508,50.0744641061649,45.9471883815029,2
TCGA-E2-A574-01A,28.6539746245399,46.0816434117654,41.2268165159772,2
TCGA-E9-A1N8-01A,23.355571219919,50.2414166911473,37.4451048819657,2
TCGA-E9-A1NC-01A,27.6551174959746,33.4827251918768,32.3222945534124,2
TCGA-E9-A1NE-01A,25.3658035052282,43.7209992822964,29.6209266360859,2
TCGA-E9-A1QZ-01A,27.8602822184632,36.2509519542115,41.6483205138856,2
TCGA-E9-A22G-01A,26.6219569438444,41.4579863807818,35.025097990144,2
TCGA-E9-A244-01A,20.5777611120051,45.2234232237474,43.4342062564389,2
TCGA-E9-A3QA-01A,28.7493525383407,47.3828937623004,35.2134200663319,2
TCGA-EW-A1OW-01A,29.7731084472677,47.5014206250523,39.5224312543025,2
TCGA-EW-A1P4-01A,26.9870657545048,39.4609658532535,34.7880878402675,2
TCGA-EW-A1P7-01A,26.4237965436407,36.7257498365412,30.1397448160429,2
TCGA-EW-A1P8-01A,22.7869681330511,31.6140791111383,24.7010380259497,2
TCGA-EW-A1PG-01A,23.0804132880599,46.3170289200362,46.3029374865913,2
TCGA-EW-A2FV-01A,28.3195424084258,32.8616480862676,35.4607267958946,2
TCGA-EW-A3U0-01A,16.5665384875901,39.8933370025349,49.2768827311082,2
TCGA-EW-A6SB-01A,30.2020463402449,47.8115919427581,37.1591319155159,2
TCGA-GI-A2C9-01A,16.6470410561632,37.9491313421028,30.0711516770572,2
TCGA-GM-A2DF-01A,22.4462238397606,36.2659793611918,23.5224749871585,2
TCGA-GM-A3NW-01A,22.1606105969152,44.8343623435664,36.5772503210888,2
TCGA-GM-A3XG-01A,18.228327266836,35.8420091497319,31.6971707836321,2
TCGA-GM-A5PV-01A,22.8259538399427,46.0832358716801,43.1789802052974,2
TCGA-HN-A2NL-01A,23.469758656982,36.0854163722902,29.3362509104558,2
TCGA-LL-A441-01A,29.8105412382858,45.2279634077469,39.966435486278,2
TCGA-LL-A5YP-01A,26.219299804612,42.3875360396378,33.4768522785582,2
TCGA-LL-A73Y-01A,21.6915342606708,37.1213786796667,37.4669959300918,2
TCGA-LL-A73Z-01A,25.6070562490715,40.0032252240201,23.1907703618274,2
TCGA-LL-A8F5-01A,16.634947547569,45.9937050277595,36.2067374277041,2
TCGA-OL-A5D7-01A,23.2785854645964,50.5262099235594,44.2366715127303,2
TCGA-OL-A5RV-01A,21.3143234812245,38.2406096506378,26.4115625278248,2
TCGA-OL-A5RW-01A,18.8687432629216,34.1240911851918,24.5625369889483,2
TCGA-OL-A5RX-01A,23.685726711893,41.9488477094294,25.9815880192567,2
TCGA-OL-A6VO-01A,28.0562793453589,40.1612635913275,40.288354931683,2
TCGA-OL-A6VR-01A,18.5011509379065,52.7697588899621,29.1980419442556,2
TCGA-PL-A8LV-01A,24.6021442772941,36.007486051738,19.2344973756089,2
TCGA-PL-A8LY-01A,30.1086957975742,44.7971698212022,34.3760339929159,2
TCGA-PL-A8LZ-01A,34.4479401898797,41.1832985845416,38.5272696939898,2
TCGA-S3-AA0Z-01A,23.0881970664077,48.4209414277139,43.5886743686542,2
TCGA-S3-AA10-01A,23.4295815070007,45.247104309259,39.9913418505402,2
TCGA-W8-A86G-01A,26.9527621685807,38.0331963820654,31.2802533592601,2
TCGA-Z7-A8R5-01A,29.8106771373778,44.7247638823662,32.6122636034984,2
TCGA-A1-A0SJ-01A,-18.0319482860891,39.8684038856153,5.90647613674355,3
TCGA-A2-A0CW-01A,-24.515116209999,27.0911937045441,-0.452173247634917,3
TCGA-A2-A0EU-01A,-23.4613266462065,31.272128753835,2.44244777308066,3
TCGA-A2-A0EY-01A,-26.1228842547307,39.5657439461045,3.37217819622636,3
TCGA-A2-A0YC-01A,-26.5064488579454,25.5890694256567,0.364337153341669,3
TCGA-A2-A1FX-01A,-29.8387673312009,32.8759678454106,0.348835788858352,3
TCGA-A2-A25B-01A,-23.6842672894385,36.9009516891573,2.65590440162819,3
TCGA-A2-A4S1-01A,-25.6757580103206,35.6928429214585,8.3425116919825,3
TCGA-A7-A26I-01B,-15.4673767385356,36.6466908395464,6.6646616699917,3
TCGA-A8-A06O-01A,-17.604409911046,34.0064233319608,4.61528645060619,3
TCGA-A8-A06T-01A,-17.3988954205817,34.96217709715,1.60606102696316,3
TCGA-A8-A08L-01A,-17.5488405468062,34.2094203720608,5.36061041094037,3
TCGA-A8-A08P-01A,-24.9055496513812,31.5331369859216,6.65653125059017,3
TCGA-A8-A09M-01A,-30.2878594427636,14.3844251611681,3.09729669015763,3
TCGA-A8-A0A1-01A,-25.3207559419489,33.7318398059112,4.41979989129945,3
TCGA-AC-A2B8-01A,-42.6039938441894,-148.00611490383,3.75978896373685,3
TCGA-AC-A2QJ-01A,-16.8961373441635,39.502224244103,7.65687410475281,3
TCGA-AC-A3QQ-01B,-25.8464098558769,19.6771791652584,-0.761563659910716,3
TCGA-AC-A62V-01A,-31.9146246898716,11.0728044681311,1.48627538746881,3
TCGA-AC-A7VC-01A,-20.1099736705925,40.3068506262411,15.8131455096282,3
TCGA-AC-A8OP-01A,-27.6802988399586,20.089272164263,1.91101501327445,3
TCGA-AN-A046-01A,-19.7098477157388,34.9641985443303,1.11004102916682,3
TCGA-AN-A0FK-01A,-25.2174410029543,34.9114373102726,-1.34682653791928,3
TCGA-AO-A12D-01A,-16.345446341821,35.925978878296,7.4602989431105,3
TCGA-AQ-A04L-01B,-25.6267625459748,25.0268521146672,-2.26938253766989,3
TCGA-AR-A0TZ-01A,-19.1870276238225,42.5681961946046,0.830252608681395,3
TCGA-AR-A1AW-01A,-22.5518691393524,41.0381261285683,11.5875941449733,3
TCGA-AR-A24U-01A,-16.7397883098232,34.9575819682437,3.59711507224976,3
TCGA-AR-A2LK-01A,-23.6203132118254,28.4135724539162,1.36710851178271,3
TCGA-AR-A2LL-01A,-28.3177174370725,26.4969201134702,8.33153178201697,3
TCGA-B6-A0IM-01A,-26.3769339607983,32.6439398914546,4.91705707807587,3
TCGA-BH-A0B1-01A,-18.5870697925444,32.4176348081855,-2.55310764847245,3
TCGA-BH-A0B8-01A,-29.5940112518796,15.6035756936291,-2.35673144056602,3
TCGA-BH-A0BO-01A,-19.5445472466022,31.1812715478382,10.7913109746544,3
TCGA-BH-A0BV-01A,-20.3749990591248,32.3301419067112,-4.79839519385484,3
TCGA-BH-A0DD-01A,-19.425147539738,37.4055864221197,3.99305281926653,3
TCGA-BH-A0EI-01A,-23.165006314065,32.1071203221798,8.43288085616411,3
TCGA-BH-A0HI-01A,-21.6503029967123,26.6300672032605,2.74365044099756,3
TCGA-BH-A0HK-01A,-27.2933418524755,20.6745268982815,-3.34106454000196,3
TCGA-BH-A1EW-01A,-15.7903453522938,33.3546463492436,9.22239351274765,3
TCGA-BH-A1F8-01A,-27.7723276592627,30.1532191418529,-0.881436760514834,3
TCGA-BH-A1FD-01A,-22.3051572062114,28.9522548874796,3.50496601373201,3
TCGA-C8-A1HO-01A,-18.0955667102495,36.374987535239,6.718888414655,3
TCGA-C8-A278-01A,-23.1315047693487,28.1880339620873,6.67197539321261,3
TCGA-D8-A140-01A,-16.3200317677048,45.1610756496609,6.04412782349365,3
TCGA-D8-A1J9-01A,-22.1488812150898,33.5388392592041,10.5374402157743,3
TCGA-D8-A1JE-01A,-28.7662270536065,29.7366135803415,-2.18709278630556,3
TCGA-D8-A1JG-01B,-17.3423620794858,25.4973681029286,-0.154928800222813,3
TCGA-D8-A1X7-01A,-27.1177763995004,34.0589786086779,11.0078591500399,3
TCGA-D8-A1X9-01A,-25.2103519583195,38.6626747550071,2.93453549707385,3
TCGA-D8-A1XJ-01A,-23.6693502868935,37.0795334221989,6.84691776032328,3
TCGA-D8-A1XZ-01A,-20.9761202350652,25.9175459741489,4.82645744571219,3
TCGA-D8-A27W-01A,-20.4866283039871,35.0215942031243,6.2930873989085,3
TCGA-D8-A73W-01A,-25.1834558675722,42.3924348477206,10.7843251740493,3
TCGA-E2-A15P-01A,-18.159636054487,34.5271095972341,7.68408088766696,3
TCGA-E2-A1AZ-01A,-18.1815220795564,32.0388280500652,2.1663111490637,3
TCGA-E2-A1IE-01A,-24.8379615763372,38.9955068761069,10.9111316781774,3
TCGA-E2-A56Z-01A,-30.3395411628694,20.0158049655016,-5.25317625609915,3
TCGA-E2-A576-01A,-25.635660172426,15.8267447915429,-1.26660199225152,3
TCGA-E9-A1N4-01A,-23.8858194397286,32.5727816731382,0.652434031631197,3
TCGA-E9-A1N6-01A,-22.1533103720597,21.5020755060583,4.08558437060729,3
TCGA-E9-A1R6-01A,-29.9293613270807,28.3029697478366,7.86334545271043,3
TCGA-E9-A22D-01A,-21.2254233924255,32.4041063118116,3.63949065630551,3
TCGA-E9-A2JS-01A,-28.966946867431,31.1288876830223,6.46393412341908,3
TCGA-EW-A1J6-01A,-24.8661946346859,16.02821799623,4.79641020622885,3
TCGA-EW-A1OV-01A,-27.5721941514556,42.610770730788,14.8804354434026,3
TCGA-EW-A1P0-01A,-18.7801008658924,41.9986869930772,8.04638421222498,3
TCGA-EW-A2FS-01A,-26.7463833864375,20.7747890358609,3.23735559779713,3
TCGA-EW-A2FW-01A,-21.1102531681975,29.8894801502576,8.9380690798674,3
TCGA-EW-A423-01A,-23.5008714425757,13.0782606102066,5.53572451006057,3
TCGA-GM-A2DB-01A,-22.3848291280296,22.4520813472828,6.27284853748804,3
TCGA-LL-A7SZ-01A,-25.1767667760407,24.3648244153347,4.96231706735267,3
TCGA-LL-A7T0-01A,-27.4125808508998,13.012203849134,3.69676151513762,3
TCGA-OL-A5RU-01A,-25.6582309624046,39.3079789278862,9.29707668007299,3
TCGA-3C-AALK-01A,-32.9785020521439,-96.8033483277331,-18.8874894605017,4
TCGA-A2-A04V-01A,-39.5563042730948,-93.1365775429237,-17.1343954954581,4
TCGA-A2-A0CK-01A,-27.2742966056833,-95.6543525614965,-16.0916108217043,4
TCGA-A2-A0CO-01A,-32.8238156478038,-101.591811348547,-15.5592527065264,4
TCGA-A2-A0CU-01A,-46.828954087078,-100.320181397868,-19.4661649415576,4
TCGA-A2-A0CX-01A,-38.452081167297,-99.1553551686684,-16.7813527281185,4
TCGA-A2-A0EP-01A,-39.3013021705719,-101.867493954463,-24.7499654686376,4
TCGA-A2-A0EX-01A,-39.1369733301998,-101.236889670532,-31.0561568187076,4
TCGA-A2-A0SV-01A,-44.9056494588721,-92.9345716056063,-18.0224991274049,4
TCGA-A2-A0SW-01A,-46.3651663196323,-98.0916394296345,-26.3210717072714,4
TCGA-A2-A0SX-01A,-38.9896160242185,-102.283569668516,-21.797767985322,4
TCGA-A2-A0SY-01A,-39.0767523366119,-96.6014170308574,-21.5425058839699,4
TCGA-A2-A0T1-01A,-42.8004006480065,-98.7877101178885,-25.9145445379972,4
TCGA-A2-A0T5-01A,-33.6172181794654,-89.0764334473244,-16.4388440728684,4
TCGA-A2-A0T6-01A,-41.4718638596143,-103.936421930846,-13.0822751081352,4
TCGA-A2-A25F-01A,-37.9382585643791,-102.856782367498,-22.3525631936079,4
TCGA-A2-A4S2-01A,-37.164504317511,-94.1590436523049,-14.3489498586486,4
TCGA-A7-A4SB-01A,-29.5471479397392,-93.764725444954,-12.4706316279575,4
TCGA-A8-A06P-01A,-41.644665154648,-95.0747862504905,-10.4171322973027,4
TCGA-A8-A07G-01A,-35.8811710752645,-93.093557048544,-8.723696448302,4
TCGA-A8-A07J-01A,-42.4104535724604,-103.554270381134,-13.8130220614497,4
TCGA-A8-A08X-01A,-43.1859279734078,-95.9768757820641,-16.2574577710806,4
TCGA-A8-A09B-01A,-41.3156693392209,-91.3924876620523,-8.46658799361781,4
TCGA-A8-A09W-01A,-43.2878321944529,-100.491457032382,-19.0752468066652,4
TCGA-A8-A09X-01A,-37.5603152315273,-100.090970151194,-21.6954792183397,4
TCGA-AC-A23G-01A,-39.400829387916,-100.091963855823,-10.2103367620829,4
TCGA-AC-A2FE-01A,-32.3279626422553,-91.8823161972539,-17.2897601862914,4
TCGA-AC-A2FF-01A,-38.6076951734244,-102.811355246645,-12.9780370271437,4
TCGA-AC-A3TM-01A,-30.3824608984518,-91.5860761152429,-14.3259328651361,4
TCGA-AC-A3YI-01A,-35.9871542527367,-104.891823729058,-15.0379004702774,4
TCGA-AC-A5EH-01A,-38.0568974469176,-95.9233910389323,-9.64451794031735,4
TCGA-AC-A5XS-01A,-39.3796253101944,-96.5034162245639,-18.7438479035076,4
TCGA-AC-A62Y-01A,-46.077960205949,-95.866036809438,-19.8168126712461,4
TCGA-AN-A0FS-01A,-38.8665697580526,-104.150943860503,-15.5402755768864,4
TCGA-AN-A0FT-01A,-33.4299678425453,-99.5289686757984,-15.2622614058139,4
TCGA-AN-A0XL-01A,-41.9385948273296,-102.94289222474,-15.2693134339595,4
TCGA-AN-A0XN-01A,-35.995452960607,-92.7720738936116,-9.73470011914127,4
TCGA-AN-A0XS-01A,-33.1816083855557,-91.0844391866952,-16.2612612772671,4
TCGA-AN-A0XV-01A,-41.357540133835,-101.154411500208,-14.5882568442141,4
TCGA-AN-A0XW-01A,-44.5291135616623,-98.8435456795765,-18.1622801328414,4
TCGA-AO-A0J5-01A,-29.6350606753627,-94.7820442530421,-13.0274959749071,4
TCGA-AO-A0JF-01A,-44.610541882709,-102.038534988979,-13.5193770984472,4
TCGA-AO-A0JG-01A,-34.2992382433764,-92.8043665987106,-14.8842766024677,4
TCGA-AO-A126-01A,-40.7211145984696,-101.089364521823,-17.1845135852159,4
TCGA-AO-A1KQ-01A,-40.8368906991389,-88.1029631877779,-13.8128588625794,4
TCGA-AQ-A0Y5-01A,-43.686978710529,-100.479980023839,-20.8982698157093,4
TCGA-AR-A0TT-01A,-40.0555751075385,-98.7833610312112,-19.0891715332438,4
TCGA-AR-A0TX-01A,-37.0275088806897,-104.743692373013,-17.7214932109582,4
TCGA-AR-A1AM-01A,-25.7921538020509,-86.0812766660462,-20.161703522809,4
TCGA-AR-A1AX-01A,-40.1741878444419,-99.2520985976702,-25.6196683899002,4
TCGA-AR-A24P-01A,-42.3874139806136,-97.8520709866989,-13.2084533836327,4
TCGA-AR-A24S-01A,-46.6810497711399,-94.5927581428147,-17.7096324579476,4
TCGA-AR-A24V-01A,-36.553702525378,-98.0660704497044,-9.01699773717378,4
TCGA-AR-A5QM-01A,-39.8990522833521,-97.5264357136453,-13.1545666077419,4
TCGA-AR-A5QN-01A,-31.9493779389493,-94.1117376429596,-9.51194086396936,4
TCGA-B6-A0IH-01A,-34.806508661683,-105.741326849322,-10.2416265741481,4
TCGA-B6-A40C-01A,-33.7520945786602,-90.0952480261196,-15.3586473914682,4
TCGA-BH-A0AW-01A,-43.4729688963823,-99.8995299432149,-14.3295931363056,4
TCGA-BH-A0AY-01A,-42.8942888425531,-99.3105869870193,-24.3467114697688,4
TCGA-BH-A0B2-01A,-33.9382330021744,-98.1394016795401,-19.5952418170076,4
TCGA-BH-A0B6-01A,-37.1477187983791,-99.8509565216775,-12.6612569561953,4
TCGA-BH-A0B7-01A,-47.8510343945506,-98.5879186056441,-10.9399457680622,4
TCGA-BH-A0BF-01A,-38.3812588112517,-100.106494869016,-17.4352912603685,4
TCGA-BH-A0BL-01A,-37.4127663592661,-100.026228023834,-10.6348801196231,4
TCGA-BH-A0BP-01A,-41.7254950984148,-102.18589025847,-17.9462525067535,4
TCGA-BH-A0BR-01A,-38.9495694336208,-97.7172093687405,-17.8089738541426,4
TCGA-BH-A0C3-01A,-40.6671078535788,-102.953260815461,-12.6340436836323,4
TCGA-BH-A0DI-01A,-43.8992194329165,-98.1178158291223,-18.0650956452321,4
TCGA-BH-A0DV-01A,-43.8897468681592,-101.739371104775,-20.2503243198173,4
TCGA-BH-A0DX-01A,-37.1901502757286,-104.419625494584,-17.6723432072562,4
TCGA-BH-A0E2-01A,-38.7603417000666,-91.6321041359296,-8.40868076720353,4
TCGA-BH-A0H3-01A,-40.3262622903048,-104.100430794792,-16.650289254381,4
TCGA-BH-A18F-01A,-38.704756666559,-100.19009442355,-19.5206815354758,4
TCGA-BH-A1EO-01A,-48.5623576463074,-98.3721928578889,-22.0899783541912,4
TCGA-BH-A1EX-01A,-36.1913652133136,-96.2602028190634,-9.99498651946903,4
TCGA-BH-A1EY-01A,-47.5252256348165,-98.6998879087825,-20.8326779646404,4
TCGA-BH-A1F2-01A,-40.6312627123888,-96.8484265799286,-32.4081165618761,4
TCGA-BH-A1FU-01A,-41.039384560855,-98.8007120462509,-15.3052505340123,4
TCGA-BH-A208-01A,-30.107065596473,-95.9108067255185,-9.89495739158957,4
TCGA-BH-A28Q-01A,-31.3561297282245,-94.0853775061041,-10.3293003220083,4
TCGA-BH-A5J0-01A,-32.1211493368966,-97.504694680534,-9.27499384882467,4
TCGA-BH-A8G0-01A,-35.7224686638642,-99.6003692294367,-10.4395693455504,4
TCGA-C8-A12W-01A,-48.8993315468556,-94.0225835763503,-18.4720160764384,4
TCGA-D8-A1JC-01A,-41.9730620134437,-100.413539253112,-18.3133198869755,4
TCGA-D8-A1JF-01A,-40.2578165195568,-103.071118017688,-19.0136951925866,4
TCGA-D8-A1JH-01A,-40.6192639082266,-99.0822209984576,-22.1736275679189,4
TCGA-D8-A1JP-01A,-38.8326771454412,-96.6509045967635,-7.38027142361438,4
TCGA-D8-A1JU-01A,-40.6704013213522,-101.226245420837,-17.6447742311189,4
TCGA-D8-A1X5-01A,-35.7327726456049,-84.5419448579985,-7.92816663322075,4
TCGA-D8-A1Y2-01A,-45.7235868025739,-101.50825950718,-17.1822943842285,4
TCGA-D8-A27G-01A,-39.4715983711465,-99.4279095901422,-27.4519917255607,4
TCGA-D8-A27L-01A,-38.5599553486184,-101.738262828957,-30.4034280928281,4
TCGA-D8-A27R-01A,-30.8128858784865,-92.9124215764494,-10.247833984084,4
TCGA-D8-A73U-01A,-35.1772078774738,-93.0134383124146,-15.2839868799328,4
TCGA-D8-A73X-01A,-34.4738063347327,-93.15910350905,-19.1488223864405,4
TCGA-E2-A108-01A,-40.6271782985053,-98.3212343870295,-19.8571978659195,4
TCGA-E2-A15D-01A,-41.8728810075922,-99.1613520327049,-17.4249148220323,4
TCGA-E2-A15K-01A,-46.3285730791874,-95.1118849415306,-13.4853543579762,4
TCGA-E2-A15M-01A,-46.7713102766157,-97.2515170743422,-21.7027363969541,4
TCGA-E2-A1B5-01A,-42.4601547825579,-97.6549998762208,-37.049309376581,4
TCGA-E2-A1BD-01A,-32.7688418503446,-91.0489044049895,-19.8025847523883,4
TCGA-E2-A1IH-01A,-39.1616724992013,-92.6257006008569,-17.3147608699774,4
TCGA-E2-A1LB-01A,-44.8593314906893,-96.2807041047651,-17.3986058205277,4
TCGA-E2-A3DX-01A,-40.4276455004728,-104.164974511943,-16.4026222483931,4
TCGA-E2-A570-01A,-43.3208923340488,-97.509225767013,-14.3002131190847,4
TCGA-E9-A1N5-01A,-47.5803386081015,-98.6937702934304,-24.0681885296742,4
TCGA-E9-A1R0-01A,-39.3669346144223,-93.9235826107664,-10.6729753724459,4
TCGA-E9-A1RI-01A,-34.2105977380999,-92.7596246498467,-11.9958211821488,4
TCGA-E9-A229-01A,-42.6541836242465,-92.3778977376858,-10.1845817462706,4
TCGA-E9-A22E-01A,-36.6301653423373,-95.6046134309504,-17.6918092984539,4
TCGA-E9-A2JT-01A,-40.124822304863,-102.097364231108,-19.0435175317425,4
TCGA-E9-A3X8-01A,-34.7925157225983,-103.41385596139,-20.0955269171998,4
TCGA-E9-A5FK-01A,-36.0319270242885,-102.521942551846,-19.0467320694747,4
TCGA-E9-A5FL-01A,-42.355714515655,-100.031838609686,-29.9857993283293,4
TCGA-E9-A6HE-01A,-33.2032977258633,-94.7034774297924,-13.4755346676162,4
TCGA-EW-A1IW-01A,-47.1369178100237,-96.632934456637,-20.3325935145731,4
TCGA-EW-A1IX-01A,-37.6826830140088,-92.9407038805858,-18.3878157843965,4
TCGA-EW-A1J2-01A,-32.0604458334635,-89.8324971580957,-21.9016470629012,4
TCGA-EW-A3E8-01B,-43.2926717717474,-95.583518358093,-17.1387738565451,4
TCGA-GI-A2C8-01A,-39.83246074311,-93.1335306251601,-15.9929857580763,4
TCGA-GM-A2D9-01A,-37.2586292953931,-96.4577641002419,-15.0347475964985,4
TCGA-GM-A2DL-01A,-41.9446423994987,-94.6426693895366,-14.131116996622,4
TCGA-GM-A2DN-01A,-42.8045377101989,-92.0833458490093,-18.490466045083,4
TCGA-GM-A5PX-01A,-42.5004898980752,-92.454070620462,-14.7076250975239,4
TCGA-JL-A3YX-01A,-36.8302277960018,-103.402870407631,-20.9310007402672,4
TCGA-LD-A66U-01A,-33.3729110414273,-98.0049044451713,-13.8916123453109,4
TCGA-LL-A440-01A,-33.9170447109584,-98.2693954454001,-11.1825774648934,4
TCGA-LL-A5YL-01A,-37.5100744657316,-101.500018461936,-18.8608061000228,4
TCGA-LL-A5YM-01A,-27.056057677738,-95.6456915788921,-10.6166317873635,4
TCGA-LL-A5YN-01A,-30.146716259766,-97.1553272068344,-19.7129362049337,4
TCGA-LL-A5YO-01A,-46.8583253997916,-98.0844343390488,-15.7956408423939,4
TCGA-LL-A9Q3-01A,-31.9218947294291,-91.7638608891454,-11.0929673632484,4
TCGA-OK-A5Q2-01A,-38.0978226073857,-97.7172778253673,-17.4358167071374,4
TCGA-OL-A5S0-01A,-44.0310373122545,-99.7315265627016,-27.7395561001262,4
TCGA-OL-A66J-01A,-33.3339303760962,-91.2736276608818,-17.0493137930495,4
TCGA-OL-A66K-01A,-38.5869124505136,-98.7785498233456,-11.4609073043356,4
TCGA-OL-A66L-01A,-40.6014813896005,-103.696023066954,-16.7385558056975,4
TCGA-OL-A66N-01A,-35.2634982706678,-98.1171441138663,-10.6809637486165,4
TCGA-OL-A66P-01A,-35.3693329572079,-100.344969647779,-9.85463227034473,4
TCGA-PE-A5DD-01A,-32.0696847498096,-89.9714534959676,-13.0001434085943,4
TCGA-WT-AB44-01A,-27.5526068116203,-97.3130656679772,-13.2469623191413,4
TCGA-XX-A89A-01A,-33.6871510588038,-97.5687112819604,-15.2857641743614,4
TCGA-3C-AALJ-01A,0.237118186255178,-73.2254209516197,-9.10133009543035,5
TCGA-4H-AAAK-01A,-2.4619483924534,-68.4078394143373,2.79001039233848,5
TCGA-5L-AAT0-01A,-3.37128786284092,-67.9242467169982,-4.1229623769469,5
TCGA-5L-AAT1-01A,-5.30455163456142,-72.748395761975,-4.55737260331141,5
TCGA-A1-A0SD-01A,-0.553451531431307,-68.4086985833282,-12.4703203275323,5
TCGA-A1-A0SE-01A,-17.8901608036097,-71.5567473163072,-2.85634498695729,5
TCGA-A1-A0SF-01A,-10.8837864781965,-60.7357343919899,-4.70505351747938,5
TCGA-A1-A0SG-01A,-1.87160543485877,-73.5884744527241,-8.2619159150817,5
TCGA-A1-A0SH-01A,-8.2464496600285,-67.2395328769853,0.450763712833179,5
TCGA-A1-A0SI-01A,3.71759161358979,-70.792866192093,-4.44343079861392,5
TCGA-A1-A0SM-01A,-1.80186561762432,-70.3287669467802,-9.90453774182353,5
TCGA-A1-A0SN-01A,-0.101173535877077,-62.4174271194546,-11.6473436234918,5
TCGA-A2-A04N-01A,-3.15464557568939,-63.6960635799253,-10.8443927173275,5
TCGA-A2-A04R-01A,3.68373606103419,-76.984269558513,-21.0975490495745,5
TCGA-A2-A04W-01A,-3.49596176285874,-63.9996025022649,-10.1007824402861,5
TCGA-A2-A04Y-01A,-4.53401156570013,-67.099475540374,-10.0486545311792,5
TCGA-A2-A0CL-01A,-1.61974346798446,-71.2513270811169,-19.3053968021271,5
TCGA-A2-A0CP-01A,-10.6484883363989,-70.2322236587316,-0.224388767782795,5
TCGA-A2-A0CR-01A,-18.4348214576187,-64.62959269739,-4.01334351599611,5
TCGA-A2-A0CV-01A,-12.6433744090249,-71.4219353342998,-4.25972750333778,5
TCGA-A2-A0CZ-01A,-16.5384655387716,-74.2844414840667,-5.26692312575726,5
TCGA-A2-A0EM-01A,8.86173868772244,-76.1225414840919,-13.8622844629977,5
TCGA-A2-A0EN-01A,-4.55745803832088,-66.4283970913002,7.52134830760946,5
TCGA-A2-A0EO-01A,-10.9844023036586,-62.5608581715855,0.158711203559848,5
TCGA-A2-A0EV-01A,8.97567632182572,-73.0681580880104,-15.6040052502074,5
TCGA-A2-A0EW-01A,-13.5105283446343,-77.5338036437003,-8.43161810775175,5
TCGA-A2-A0T3-01A,7.63548276630548,-69.6448346326266,-13.0699598057559,5
TCGA-A2-A0T4-01A,-5.17399513322237,-71.9875849804758,6.79995299956447,5
TCGA-A2-A0T7-01A,-13.1616644776565,-73.8872854835262,-2.60865408956343,5
TCGA-A2-A0YD-01A,-10.4847158207107,-67.7434124417965,6.38898412646494,5
TCGA-A2-A0YE-01A,-10.9547064890655,-73.097916715818,-6.62331092797597,5
TCGA-A2-A0YI-01A,2.51114273751176,-72.2101770593306,-5.68484492061799,5
TCGA-A2-A1FZ-01A,1.04463128008246,-72.2469862700482,-13.6168046876698,5
TCGA-A2-A1G0-01A,-10.0307021562261,-75.6537935049528,-3.763327282071,5
TCGA-A2-A25A-01A,-22.4138995261855,-64.0633726846886,-9.21661674886597,5
TCGA-A2-A25C-01A,4.9663113662792,-74.1429085714131,-5.86363007603423,5
TCGA-A2-A3KC-01A,-11.6615157086542,-74.8753611969222,-3.2419317764525,5
TCGA-A2-A3XU-01A,-6.9517764855675,-65.8858784954545,-8.6265811403298,5
TCGA-A2-A3XV-01A,-25.9321936793699,-60.160719820773,-5.97513813434097,5
TCGA-A2-A3XY-01A,-16.4384457936208,-67.6446247305903,-9.01165601280324,5
TCGA-A2-A4RW-01A,-8.12859241636765,-71.5810512198817,-15.8525999600456,5
TCGA-A7-A0CG-01A,-5.5961268969415,-66.919617987722,-7.24779252566543,5
TCGA-A7-A0D9-01A,7.6328939128755,-70.4475670052599,-9.18468243926169,5
TCGA-A7-A0DB-01A,16.3739178551671,-72.3438064430117,-9.70731102428417,5
TCGA-A7-A0DB-01C,-1.96290226633799,-72.5043013194856,2.48878836846252,5
TCGA-A7-A13H-01A,-5.42460081870341,-67.3423115116831,-12.9997970519997,5
TCGA-A7-A26E-01B,15.1100875729711,-74.2001664559091,-13.5831702938528,5
TCGA-A7-A26G-01A,-8.74271777184606,-75.9271342901098,-7.51546874894675,5
TCGA-A7-A26H-01A,1.02742861891401,-76.1207276423408,-13.0239222062622,5
TCGA-A7-A2KD-01A,-6.97606163990817,-67.3225485350769,-8.7226923635246,5
TCGA-A7-A3J1-01A,-5.74008588611178,-65.5625870814744,-8.53712787958319,5
TCGA-A7-A425-01A,-8.03970590845877,-71.8149788134886,-14.1101370623533,5
TCGA-A7-A426-01A,-18.639703652241,-62.520912926888,-7.16983038105636,5
TCGA-A7-A4SA-01A,-4.16327722733761,-76.9716044874164,-13.2876282965972,5
TCGA-A7-A4SC-01A,-9.78103599466548,-68.3631276060508,-8.53724977240907,5
TCGA-A7-A4SD-01A,-20.2600086640091,-66.3093655897363,-10.898188894489,5
TCGA-A7-A4SE-01A,-8.85951352988584,-64.8834418742614,-6.70264862611835,5
TCGA-A7-A56D-01A,0.988621731150351,-69.285266035366,-9.35799823866539,5
TCGA-A7-A5ZW-01A,-3.15706654719951,-73.8392814641886,1.17078033014884,5
TCGA-A7-A5ZX-01A,-15.5779287634206,-70.2680918136808,-7.35993991801519,5
TCGA-A7-A6VX-01A,1.37307060565133,-71.4835035168484,-5.88050504121183,5
TCGA-A8-A06R-01A,2.40666163807981,-65.7365833849547,-9.1653822019839,5
TCGA-A8-A075-01A,3.76618904815799,-69.8937611335763,-11.7199366682024,5
TCGA-A8-A076-01A,-0.811881539346505,-76.2686286889996,-5.5444704954636,5
TCGA-A8-A07E-01A,-2.19750724647013,-71.9498790211462,-14.8245631767734,5
TCGA-A8-A07F-01A,6.32360905075038,-75.2464314427374,-17.5008194385862,5
TCGA-A8-A07I-01A,-1.77640699989823,-75.1146313615994,-15.8976703838167,5
TCGA-A8-A07L-01A,7.50365868456296,-70.3292264470313,-14.0793211391729,5
TCGA-A8-A07P-01A,1.7162806721251,-77.0722023782506,-10.1246881252675,5
TCGA-A8-A085-01A,-1.41859666302059,-75.5925857930877,-22.8035558521212,5
TCGA-A8-A086-01A,-0.0472152917167307,-75.7283345778479,-7.75425950170175,5
TCGA-A8-A08G-01A,-4.99376014779296,-70.2574258122259,-12.5323208763524,5
TCGA-A8-A08H-01A,-5.00819131131113,-69.2026336567949,-7.25366670436687,5
TCGA-A8-A08J-01A,10.7301552958861,-68.0509033673053,-8.00131022106055,5
TCGA-A8-A08O-01A,-0.640013942490306,-74.4916873404634,-12.5373649798252,5
TCGA-A8-A08T-01A,7.61880837203456,-69.9968376757935,-4.14921476188175,5
TCGA-A8-A08Z-01A,-1.91440727919836,-67.8686903735829,-0.117330559457339,5
TCGA-A8-A092-01A,2.76981547953971,-70.3247321986133,-9.51083740051057,5
TCGA-A8-A093-01A,2.27788113353378,-77.8408975680609,-11.4155807633057,5
TCGA-A8-A096-01A,7.31929799529026,-70.6724768996119,-14.7357122490586,5
TCGA-A8-A097-01A,13.3956764116798,-73.9396382698062,-9.88717242747436,5
TCGA-A8-A09A-01A,-8.39707801164833,-74.0143172781605,-15.6354801716832,5
TCGA-A8-A09D-01A,-6.29611875292187,-68.3399496128528,-1.36466286783511,5
TCGA-A8-A09V-01A,0.966126809052413,-74.9925875315066,-5.52387515621417,5
TCGA-A8-A0A2-01A,11.0613608711015,-68.0510150223532,-12.6159599609112,5
TCGA-A8-A0A7-01A,-9.51783516588999,-62.7175866507073,-3.36702985519955,5
TCGA-A8-A0AD-01A,6.33758347454239,-66.5173155443995,-0.715075430372416,5
TCGA-AC-A23C-01A,5.56232496474819,-74.2173584958766,-5.82841278058845,5
TCGA-AC-A23E-01A,-5.62542793094479,-70.0310495477466,2.11779640026798,5
TCGA-AC-A2FO-01A,-13.5916369734027,-72.0725668076049,2.19790694306525,5
TCGA-AC-A2QI-01A,-7.56244483837793,-72.3363978682112,-8.74934622457846,5
TCGA-AC-A3BB-01A,-13.3498508376308,-67.3540063809255,-4.05770108612032,5
TCGA-AC-A3EH-01A,4.34791833007803,-77.5375958878223,-14.3022220759002,5
TCGA-AC-A3HN-01A,-7.25558749244691,-71.8114115872468,-7.11287566046709,5
TCGA-AC-A3QP-01A,-4.97514625439385,-71.3651761163799,-2.8294168976642,5
TCGA-AC-A3TN-01A,0.049089608910548,-74.2812531453869,-14.222833569819,5
TCGA-AC-A3W5-01A,2.80476160014882,-70.6937265346067,-7.56046112881827,5
TCGA-AC-A3W6-01A,-7.88947098944734,-65.4266168636158,-5.65523304109039,5
TCGA-AC-A3W7-01A,-5.40695502053201,-65.196674065506,-7.24737974397535,5
TCGA-AC-A5XU-01A,-7.35455612439313,-62.0026156998799,-6.16924102443185,5
TCGA-AC-A6IV-01A,-5.57586418469795,-67.1285252880879,4.43483266871585,5
TCGA-AC-A6IX-01A,-6.06142121931193,-59.8158950759347,-2.38549235560322,5
TCGA-AC-A6NO-01A,0.0416701666277611,-64.1442878391486,-6.56836093218117,5
TCGA-AC-A8OQ-01A,-12.8659658378711,-69.7434558007715,0.371661377732991,5
TCGA-AC-A8OS-01A,-5.34184802669544,-69.7706742834686,-0.828797054703888,5
TCGA-AN-A03X-01A,-9.58186692156445,-66.9222395520087,-4.8739319279198,5
TCGA-AN-A041-01A,-1.28445173473983,-76.7303376286927,-14.4500973474929,5
TCGA-AN-A049-01A,1.2289862990907,-73.7908594377517,-14.0433088001355,5
TCGA-AN-A04A-01A,-2.19863246574181,-65.751865733143,-9.34420197080414,5
TCGA-AN-A0AJ-01A,3.48884001039442,-68.1762973611795,-6.8484428193808,5
TCGA-AN-A0AL-01A,-9.63542840961612,-67.9160503455451,-6.61962496153098,5
TCGA-AN-A0AS-01A,0.819689311193049,-69.2258051674115,0.723447783051169,5
TCGA-AN-A0FD-01A,-1.02454825726441,-75.2539373828851,-11.0354783680081,5
TCGA-AN-A0FN-01A,-3.83657612349945,-64.4049662171711,2.91562208198227,5
TCGA-AN-A0FV-01A,-5.98124847336015,-66.3352352262665,-14.6311684689708,5
TCGA-AN-A0FW-01A,3.68921896060749,-74.3007189250003,-14.4522262118568,5
TCGA-AN-A0FY-01A,-8.96089628248053,-61.1765110787628,-7.74397224863957,5
TCGA-AN-A0FZ-01A,-2.52041735388438,-68.2074864902833,-15.4679364546118,5
TCGA-AN-A0XO-01A,8.08569549135239,-72.344033207603,-9.67001989474045,5
TCGA-AN-A0XR-01A,1.69544508954184,-67.5435659110538,-9.52309267391918,5
TCGA-AO-A03L-01A,-0.42995227332047,-64.0758392607202,-9.81187047568566,5
TCGA-AO-A03N-01B,-4.38175013191045,-64.5013518623031,-3.39616406046112,5
TCGA-AO-A03V-01A,9.8888975129024,-79.8691656596282,-8.65356212478326,5
TCGA-AO-A0J9-01A,-5.77986517687755,-69.8986059599938,-3.38804187352835,5
TCGA-AO-A0JA-01A,-0.663964832979448,-69.8048251534764,-8.68890538327934,5
TCGA-AO-A0JE-01A,-1.14691347733203,-63.6247820493179,-2.96139364994919,5
TCGA-AO-A0JJ-01A,-3.43369061581762,-71.4602074247322,-9.05276695367253,5
TCGA-AO-A0JM-01A,-7.4244147680876,-71.8317852523713,-10.6503383568355,5
TCGA-AO-A12A-01A,-19.2041796662901,-74.6829671818215,-8.13055556506599,5
TCGA-AO-A12C-01A,-5.68806954469866,-65.705066449226,-12.0165868650442,5
TCGA-AO-A12G-01A,2.01995003514665,-71.121336999733,-10.4225940822004,5
TCGA-AO-A1KP-01A,-7.86951009648787,-74.931846764192,-10.7851579957104,5
TCGA-AO-A1KS-01A,5.09465225887451,-72.2183259574071,-5.41990440749191,5
TCGA-AO-A1KT-01A,-4.0648371332817,-70.8926288667163,-4.82306105635055,5
TCGA-AQ-A1H3-01A,3.30648444956947,-73.6040333001854,-13.6309121594139,5
TCGA-AQ-A54O-01A,-6.92957330984848,-65.5947316979761,-12.3131325324781,5
TCGA-AQ-A7U7-01A,-7.57407837998202,-63.4380003838757,0.418533879562811,5
TCGA-AR-A1AL-01A,-9.43755636079994,-75.5510137933383,-10.328417113024,5
TCGA-AR-A1AN-01A,3.49439304600789,-68.9200464902541,-5.3367155927857,5
TCGA-AR-A1AV-01A,13.805402893228,-77.7147612056354,-9.44058498349898,5
TCGA-AR-A24L-01A,6.23393067207695,-71.6198006227116,-6.33152132059738,5
TCGA-AR-A24N-01A,15.1047893769524,-75.3404026661103,-13.8802805737906,5
TCGA-AR-A24O-01A,-11.76168232081,-67.854535000973,-0.549485854346273,5
TCGA-AR-A24R-01A,11.9645310660221,-68.049442104959,-18.9786312194037,5
TCGA-AR-A24T-01A,-8.77534847425833,-67.8144777442787,-1.84733958122172,5
TCGA-AR-A24X-01A,8.18146188999026,-71.2342555148339,-6.86485365549147,5
TCGA-AR-A250-01A,-1.16201314284417,-64.5059960071662,1.03958579697307,5
TCGA-AR-A254-01A,17.8855030647974,-68.1868946177034,-10.8131314776128,5
TCGA-AR-A255-01A,-3.62943210362878,-73.9891334187054,-4.69740851056581,5
TCGA-AR-A2LJ-01A,-13.7693771680579,-60.1996565670274,-3.4727870098929,5
TCGA-AR-A2LM-01A,-12.9851000729921,-65.0961765844018,0.433032086008911,5
TCGA-AR-A2LN-01A,-11.0840102238168,-65.4544851496255,0.856644353353315,5
TCGA-AR-A2LO-01A,-12.1290808421442,-71.1729656723288,0.140588694509992,5
TCGA-AR-A2LQ-01A,-4.10434697749955,-71.0825597044108,-6.42651583041288,5
TCGA-AR-A5QP-01A,-14.2576086229159,-72.3586328830025,-0.553933143849388,5
TCGA-B6-A0I5-01A,-1.38806946847209,-63.0439876777627,-9.99832542436807,5
TCGA-B6-A0I8-01A,4.34267648733501,-59.7996821515058,-8.67548471923672,5
TCGA-B6-A0IE-01A,-8.57898336244576,-60.0096664129649,-7.87873723683562,5
TCGA-B6-A0IG-01A,-10.8031748417734,-65.9933681753106,-7.30919060093766,5
TCGA-B6-A0IN-01A,-7.70048859795038,-68.4314494822558,5.16872465817674,5
TCGA-B6-A0RG-01A,7.93463680317512,-69.4182361487082,-14.7498840176994,5
TCGA-B6-A0RH-01A,-3.16126672954393,-64.0023102160905,-8.29249839475449,5
TCGA-B6-A0RI-01A,-5.74170132486093,-69.5447370127219,-12.7039054801232,5
TCGA-B6-A0RN-01A,1.57037959259424,-67.0554065193146,-0.805336484957475,5
TCGA-B6-A0RP-01A,4.92986987774607,-74.809144575266,-4.25648036014301,5
TCGA-B6-A0WS-01A,-3.05422601244637,-61.271451908577,-1.93623063445517,5
TCGA-B6-A0WT-01A,6.27326167992527,-76.8532986825173,-8.26253692252216,5
TCGA-B6-A0WW-01A,-0.302143655043335,-71.2767470034701,-8.70375978048202,5
TCGA-B6-A0WX-01A,-11.7926641489489,-72.5144903817798,-3.60640894617106,5
TCGA-B6-A0WZ-01A,-0.14768715791098,-61.6034851715402,-7.32980692696731,5
TCGA-B6-A0X5-01A,-20.9801534079226,-68.0278366081861,-10.9109845487897,5
TCGA-B6-A0X7-01A,-5.31236277605776,-71.778193875046,-2.74306400711381,5
TCGA-B6-A1KI-01A,7.00584065830416,-68.7112788737357,-7.46157006423121,5
TCGA-B6-A1KN-01A,12.3215629373708,-77.6436917494576,-11.53243862086,5
TCGA-B6-A401-01A,-13.5162394262337,-65.332104703361,-14.1317432432529,5
TCGA-B6-A40B-01A,0.420910849567734,-77.4934419937035,-11.3166766755239,5
TCGA-BH-A0AU-01A,1.5176839266482,-67.0276974378524,-9.10324664991601,5
TCGA-BH-A0AZ-01A,-2.29010653057908,-68.680062315616,-10.4307040861318,5
TCGA-BH-A0B0-01A,-9.29276396570601,-70.2898866997288,0.899089747277236,5
TCGA-BH-A0B4-01A,-7.67166901056064,-76.6294627218892,-12.9818734407379,5
TCGA-BH-A0B5-01A,8.48905874206939,-72.0048408342736,-8.00408367223213,5
TCGA-BH-A0BC-01A,-5.43331307716968,-71.4300885045074,-10.8911060216709,5
TCGA-BH-A0BJ-01A,-6.79555737059073,-70.6907183640181,-5.13394004243076,5
TCGA-BH-A0BM-01A,-13.2688602835088,-71.6100911703896,-3.93812818000902,5
TCGA-BH-A0BQ-01A,-6.56893865250564,-67.101181129466,-1.8817795593174,5
TCGA-BH-A0BT-01A,2.04469624608641,-72.1183678172331,-9.5694400346993,5
TCGA-BH-A0BZ-01A,-6.04460168351664,-70.836204354704,-5.39628038554708,5
TCGA-BH-A0C1-01B,5.43730975479054,-77.0905264898851,-10.3242660891229,5
TCGA-BH-A0C7-01B,-6.89253265177219,-70.0893382447277,-13.7938768256529,5
TCGA-BH-A0DE-01A,-3.8271844407921,-68.8039337544319,-5.88094078815411,5
TCGA-BH-A0DG-01A,-9.84595290931909,-65.236247000322,-3.63772031689983,5
TCGA-BH-A0DH-01A,-6.11167540012411,-67.7773843134837,-14.6204891348495,5
TCGA-BH-A0DK-01A,-3.15133922159223,-67.9605088386312,-8.60418998398445,5
TCGA-BH-A0DP-01A,-11.0442051162594,-65.7170003045424,-1.32034898995628,5
TCGA-BH-A0DQ-01A,-2.58112144317377,-65.1925257262167,1.31196950493863,5
TCGA-BH-A0DS-01A,-4.0949494480583,-66.771182828412,-5.20891168420724,5
TCGA-BH-A0DT-01A,8.20419003017595,-80.4900405573721,-7.14936379812155,5
TCGA-BH-A0DZ-01A,1.81126730511187,-70.7703010960748,-6.61300096109243,5
TCGA-BH-A0E1-01A,-1.9189910550549,-78.7317106004604,-8.57775816582225,5
TCGA-BH-A0E7-01A,6.60068408104588,-76.5897341865618,-8.51196976954813,5
TCGA-BH-A0EA-01A,-0.314609410661257,-69.4388013687237,0.912603791565495,5
TCGA-BH-A0EB-01A,3.05301813653686,-73.983889003028,-11.5483199981831,5
TCGA-BH-A0GY-01A,6.31063232356194,-68.22024765686,1.87808158802943,5
TCGA-BH-A0GZ-01A,-5.58558187709474,-67.7486936174857,-4.78339742484503,5
TCGA-BH-A0H6-01A,-0.185495027151704,-67.2925253236535,-11.2549589235213,5
TCGA-BH-A0H7-01A,-2.11598894638121,-69.6114551630399,-10.8188661233036,5
TCGA-BH-A0HA-01A,-1.91688640703418,-64.4563560163494,-8.46010324018146,5
TCGA-BH-A0HB-01A,3.39820847289945,-61.1376650895518,-8.48660540974309,5
TCGA-BH-A0HF-01A,2.42263746074553,-68.7154026223436,-3.39754324918448,5
TCGA-BH-A0HP-01A,-4.68274905484719,-74.1072475460845,-9.49078744382454,5
TCGA-BH-A0HQ-01A,-0.202178688385931,-67.2842458265506,-3.44053970681382,5
TCGA-BH-A0HU-01A,-7.04005393466951,-65.4574383978522,-9.92889322426025,5
TCGA-BH-A0HX-01A,0.284402153320489,-70.3305589823366,6.31476343403717,5
TCGA-BH-A0HY-01A,-26.0052789793948,-67.6090438709634,-8.73962756284175,5
TCGA-BH-A0W4-01A,-4.21445253826053,-71.8445953688022,-13.1821603808647,5
TCGA-BH-A0W5-01A,-2.20277834900326,-76.3258291799235,-13.2779445276161,5
TCGA-BH-A0W7-01A,-8.89996833995949,-64.3730595530367,-4.4960670590292,5
TCGA-BH-A18I-01A,-3.34672951255422,-67.4040294531107,-6.58976494480609,5
TCGA-BH-A18J-01A,0.645626618799589,-68.5818232978866,-15.6442442022668,5
TCGA-BH-A18K-01A,-9.89016897159673,-65.9533546707411,-10.222045960632,5
TCGA-BH-A18M-01A,-10.8831453587018,-69.6229068992561,4.79252086555563,5
TCGA-BH-A1ES-01A,9.17804365157214,-68.3016487285388,-7.54674626697852,5
TCGA-BH-A1ET-01A,4.13146944457225,-72.0180482865548,-6.69097440257648,5
TCGA-BH-A1EU-01A,-9.26942696634701,-76.3139065547401,-0.656308401576646,5
TCGA-BH-A1EV-01A,6.60294641410838,-65.6924652083883,-15.3200057786807,5
TCGA-BH-A1F5-01A,5.67490215174042,-74.9337221158203,-3.45537602357628,5
TCGA-BH-A1FE-01A,16.0767869916756,-73.8749318664474,-12.1066442390083,5
TCGA-BH-A1FH-01A,-13.7279078999029,-67.3796999899824,-7.15571515346991,5
TCGA-BH-A1FL-01A,9.53446822257609,-70.4473519378558,-7.20652414037573,5
TCGA-BH-A1FM-01A,-3.77814766812065,-74.5002004795288,-8.68512565717779,5
TCGA-BH-A201-01A,2.47055604070898,-80.908127485428,-10.3017669354969,5
TCGA-BH-A2L8-01A,-7.84927894297152,-72.6526101446797,2.24979591294734,5
TCGA-BH-A42T-01A,-3.57772954651915,-67.4878352408661,-15.437211958374,5
TCGA-BH-A42V-01A,-22.2560310958903,-64.9873082366211,-9.34842945952193,5
TCGA-BH-A6R8-01A,2.40208703902206,-76.6765650408497,-16.0397000381857,5
TCGA-BH-A6R9-01A,-0.927048029031227,-63.3866899320759,-4.69668212383651,5
TCGA-BH-AB28-01A,-1.93384731499483,-60.7944267392633,-7.83220767083746,5
TCGA-C8-A12N-01A,-0.0234720197987193,-65.4872358341163,-6.62192225163494,5
TCGA-C8-A12O-01A,-2.3296486042285,-74.8084852144819,-13.3025099977262,5
TCGA-C8-A12P-01A,-5.71187866741758,-65.3327251707622,-10.815833108299,5
TCGA-C8-A12Q-01A,-0.0957796650448076,-64.2258784795904,-20.1411106789195,5
TCGA-C8-A12T-01A,-6.40478315531385,-65.8585225277729,-7.89788852988382,5
TCGA-C8-A12Y-01A,-7.32226804263254,-59.631464482731,-2.35396714510506,5
TCGA-C8-A12Z-01A,8.98224149233264,-69.9092483063558,-14.196905154078,5
TCGA-C8-A130-01A,-7.31427648384425,-61.6959174075303,-6.95578339716057,5
TCGA-C8-A131-01A,-0.915193461907598,-59.934083192208,-15.860469157959,5
TCGA-C8-A132-01A,-7.10763086529148,-72.7905818989351,-9.79871921275117,5
TCGA-C8-A135-01A,2.62910899764607,-61.38870016129,-13.2764023010132,5
TCGA-C8-A137-01A,2.5345803902727,-64.6425073848883,-10.5306076067425,5
TCGA-C8-A138-01A,-7.9363568014844,-73.4473705758456,-9.03506149978643,5
TCGA-C8-A1HF-01A,-3.06981720892142,-69.2851586185866,-9.02396031634439,5
TCGA-C8-A1HG-01A,-7.54791346887506,-71.433490393775,-5.22076109042411,5
TCGA-C8-A1HL-01A,-1.6488288004681,-65.6647190161709,-1.44890216037744,5
TCGA-C8-A1HN-01A,15.6690611546514,-74.5586318243372,-7.32816602507871,5
TCGA-C8-A26W-01A,-8.39059217699986,-71.3323278207641,-6.70564632041932,5
TCGA-C8-A26Z-01A,5.53348657548009,-77.2026281665911,-10.6686575746357,5
TCGA-C8-A273-01A,-3.76258618909743,-61.3315200786547,-9.44862166745007,5
TCGA-C8-A3M7-01A,-10.7894072732897,-66.1901316388077,0.272244164869445,5
TCGA-C8-A3M8-01A,-4.1970214093394,-65.662552572383,-18.5102070848632,5
TCGA-C8-A8HQ-01A,-3.24561711584234,-73.2194271829417,-6.5551949558422,5
TCGA-C8-A8HR-01A,-8.51802541796036,-63.0925999806724,-3.02957518171916,5
TCGA-D8-A141-01A,0.0172812440811815,-71.680118772001,5.12275952413091,5
TCGA-D8-A145-01A,-14.8180084017504,-67.7661505800383,4.85328869219096,5
TCGA-D8-A146-01A,-7.34836683352623,-72.2073938744115,3.45368903045246,5
TCGA-D8-A1JD-01A,2.41663572881493,-67.7892092815794,-3.01024931118505,5
TCGA-D8-A1JJ-01A,-3.41705430885129,-61.4134044572572,-3.69041326189636,5
TCGA-D8-A1XB-01A,-1.59257611166824,-64.7620577846887,-0.69988098882743,5
TCGA-D8-A1XD-01A,-0.188026100250156,-73.4241183074178,-6.82687687452984,5
TCGA-D8-A1XM-01A,3.66660832334223,-76.445908592954,-8.83093066047213,5
TCGA-D8-A1XO-01A,6.2382184104979,-79.9923112166012,-14.7900377137817,5
TCGA-D8-A1XR-01A,4.79304191969141,-78.2748834950332,-4.85602829593117,5
TCGA-D8-A1XS-01A,5.90766432710481,-77.8768727790554,-9.9009382398493,5
TCGA-D8-A1XT-01A,-9.26020070641103,-58.5746092944975,-14.8566572135308,5
TCGA-D8-A1XU-01A,3.51001872914707,-75.4144860139708,-2.64759480322709,5
TCGA-D8-A1XY-01A,-9.39617519876462,-65.5203689605815,4.54558056202709,5
TCGA-D8-A1Y1-01A,-2.26836193546675,-64.3265221595351,-1.67327815329555,5
TCGA-D8-A27I-01A,-12.6266721339609,-64.4648013001981,-1.54085833022059,5
TCGA-D8-A27K-01A,7.04551020381146,-70.3825033858144,-11.3410418826097,5
TCGA-D8-A27N-01A,-4.94543318487775,-63.5970219742355,-9.30601585997115,5
TCGA-D8-A27P-01A,5.79867573979675,-68.474508807443,-14.7363981441303,5
TCGA-D8-A27T-01A,-12.0293204846962,-65.7992380118558,-0.0881023927311752,5
TCGA-D8-A27V-01A,-3.39723955169866,-71.670681893229,-7.86978803301787,5
TCGA-D8-A3Z6-01A,1.86972311347169,-72.6641923128538,-8.53780300914812,5
TCGA-D8-A4Z1-01A,-17.6072953805417,-72.8946133394099,-14.0964576311426,5
TCGA-E2-A109-01A,8.97009606748911,-70.4215913501779,-12.363384698964,5
TCGA-E2-A10B-01A,-1.40620804520087,-70.5600493366007,5.53649194006122,5
TCGA-E2-A10C-01A,-11.0878009514143,-61.6096315812375,-13.6364974863391,5
TCGA-E2-A10F-01A,-9.15404419961486,-69.3363850823145,1.31237220424662,5
TCGA-E2-A14Q-01A,-10.0873674926999,-65.9854637868147,-5.95263732513062,5
TCGA-E2-A14T-01A,2.97660779991725,-71.9356759233387,-11.9989064810154,5
TCGA-E2-A14W-01A,-0.179374238491247,-68.5950435979913,-15.8907970492377,5
TCGA-E2-A14Z-01A,-8.85029728530506,-73.3703773947736,-8.30599849193804,5
TCGA-E2-A152-01A,1.26357832818765,-65.5275324917309,-5.33173302224513,5
TCGA-E2-A153-01A,1.03520070484847,-69.3607902644923,2.39118372067716,5
TCGA-E2-A15A-01A,1.67684559706754,-64.6493804656347,-9.56365752947667,5
TCGA-E2-A15C-01A,2.61240827276026,-68.3819458070387,4.5688517914532,5
TCGA-E2-A15H-01A,0.229044128073976,-76.7482029182089,-11.7253670209445,5
TCGA-E2-A15I-01A,15.164672230438,-76.5552565356458,-13.0980110154861,5
TCGA-E2-A15L-01A,13.2994444118181,-70.4356305596859,-9.07867380094158,5
TCGA-E2-A1B1-01A,-13.4959923680892,-64.5594130298189,6.31023392792127,5
TCGA-E2-A1B4-01A,-6.96930014650569,-66.2793096588353,-7.73933249095875,5
TCGA-E2-A1BC-01A,7.03950617319082,-74.6612332971198,-14.6045473766271,5
TCGA-E2-A1IF-01A,-5.04088844489351,-64.3639199915981,-6.87154626803401,5
TCGA-E2-A1IG-01A,-3.15601417787283,-63.8584907628705,-7.10624170107931,5
TCGA-E2-A1IJ-01A,-11.8940906343412,-65.9405102452187,1.35285802930439,5
TCGA-E2-A1IL-01A,14.0121994918618,-71.6829042850048,-14.8573540731561,5
TCGA-E2-A1IN-01A,1.63282167359626,-61.3110379588707,-2.02668900094188,5
TCGA-E2-A1IO-01A,-8.21171212481952,-61.6279024071733,-1.39467400202392,5
TCGA-E2-A1L6-01A,-17.0674644615569,-73.7673593163993,-8.22689762151728,5
TCGA-E2-A1L7-01A,-7.81483616708454,-73.3426513695161,-19.0919092256157,5
TCGA-E2-A1L8-01A,-1.73216975050594,-71.2220891237374,-11.7379228092473,5
TCGA-E2-A1L9-01A,-4.76807411381626,-71.3693270705782,-6.10750648535107,5
TCGA-E2-A1LA-01A,-10.4507613153836,-70.0917517098858,-15.5641979544507,5
TCGA-E2-A1LE-01A,-11.6318054107584,-57.2822541267783,-4.13565929992742,5
TCGA-E2-A2P5-01A,-3.49075154450394,-68.5805859642614,-5.34478876878719,5
TCGA-E2-A2P6-01A,-7.72227002853427,-72.8351177738947,-18.9935626034944,5
TCGA-E9-A1N9-01A,-1.77465257415878,-78.0403254222742,-11.499108491224,5
TCGA-E9-A1NA-01A,-3.61996402450713,-73.5858289498793,-19.1427711188157,5
TCGA-E9-A1NF-01A,-5.37132504088338,-70.3659110724569,-2.79958418963692,5
TCGA-E9-A1NG-01A,0.926105456228032,-67.1233071386241,2.92435709934715,5
TCGA-E9-A1NH-01A,0.665238970790266,-67.7827857703259,-0.133502417377723,5
TCGA-E9-A1NI-01A,9.34724010387913,-76.9654304412927,-14.1644129760333,5
TCGA-E9-A1R2-01A,-0.992347895424989,-65.2669452495198,-14.7008390840596,5
TCGA-E9-A1R5-01A,-7.67567473818244,-69.1852106146059,-1.21677902425131,5
TCGA-E9-A1RA-01A,1.5085856975589,-75.1106502488033,-5.58889459444614,5
TCGA-E9-A1RF-01A,2.68703700495061,-70.2780693344434,-15.3907109297239,5
TCGA-E9-A1RG-01A,1.88187981291075,-60.8838487586012,-12.9795891418841,5
TCGA-E9-A226-01A,5.24484225298252,-74.6764202525685,-7.61956144998657,5
TCGA-E9-A227-01A,-4.54700835619762,-71.1417141956605,-7.57234456800033,5
TCGA-E9-A22A-01A,-8.74421752451802,-72.2796761720365,3.10121258880403,5
TCGA-E9-A22B-01A,-6.18452868808866,-68.9470376197315,0.159635492453752,5
TCGA-E9-A243-01A,-12.306015318409,-71.9343810097487,-4.20125050291613,5
TCGA-E9-A24A-01A,3.70774100370153,-71.4050996324181,-7.06091401609443,5
TCGA-E9-A295-01A,-3.33946059265566,-66.9027104204511,-13.7180251876186,5
TCGA-EW-A1IY-01A,-3.38176930471507,-74.6893069121913,-14.5494993764446,5
TCGA-EW-A1J3-01A,0.942515283928326,-78.9670801193599,-17.4945424908839,5
TCGA-EW-A1OZ-01A,5.06385374807774,-71.1050934593867,-11.4145155566185,5
TCGA-EW-A1P1-01A,-16.6421208115844,-74.2512984267139,-4.24566801565566,5
TCGA-EW-A1P3-01A,-5.10453229985581,-66.6147147003492,-12.5269120921236,5
TCGA-EW-A1P6-01A,-0.29545636001048,-64.1844969252249,-5.22438608154102,5
TCGA-EW-A1PD-01A,0.584157732676511,-73.9093297322942,-15.45733288474,5
TCGA-EW-A1PF-01A,-8.97547430274912,-68.5976642854667,-3.89472106356749,5
TCGA-EW-A2FR-01A,1.62939009179971,-70.8415094328205,-3.41949371401964,5
TCGA-EW-A424-01A,-13.3885830707302,-66.6519114012933,-1.39257968419872,5
TCGA-EW-A6S9-01A,-3.98422316450276,-72.7605289673686,-11.6901097386065,5
TCGA-EW-A6SC-01A,7.853100063413,-78.2979974530844,-11.2970740374428,5
TCGA-GM-A2DA-01A,-2.01017659394364,-71.5287684468463,-9.6184910135602,5
TCGA-GM-A2DC-01A,2.21114447491715,-70.6901660391445,-9.09759523974679,5
TCGA-GM-A2DD-01A,-11.5465140532481,-61.7201103516947,3.5576855970999,5
TCGA-GM-A2DI-01A,-9.73473043698203,-69.507873770788,-3.1341570197346,5
TCGA-GM-A2DK-01A,-7.12185758539402,-60.4334175733719,-5.11434732440068,5
TCGA-GM-A3NY-01A,-11.0725868658429,-60.9597384095115,-4.97118525689799,5
TCGA-GM-A3XN-01A,-7.12446101123783,-65.369917786443,-4.34529239597246,5
TCGA-GM-A4E0-01A,-11.0274281673966,-65.2125041329715,1.86833520552098,5
TCGA-HN-A2OB-01A,-16.2271237869193,-69.281181853891,1.26745817524097,5
TCGA-JL-A3YW-01A,-5.73917923062448,-57.2381186791384,-12.965231446986,5
TCGA-LD-A74U-01A,-16.3981611292667,-63.7926800170185,-9.35905116811044,5
TCGA-LD-A7W6-01A,1.22838731461744,-62.6685872760377,-12.9914278597751,5
TCGA-LD-A9QF-01A,-11.2656476568419,-70.3873085684212,0.820163345698868,5
TCGA-LL-A6FR-01A,-15.1683189530143,-74.3581152048869,-9.40142418291245,5
TCGA-LL-A740-01A,2.58699979825961,-64.5453271588452,-1.75262137324607,5
TCGA-MS-A51U-01A,-11.0706899922762,-65.2767516400589,0.369319797108123,5
TCGA-OL-A5D6-01A,-18.3302615643157,-70.6340607424678,-4.83120217611108,5
TCGA-OL-A5DA-01A,0.847754385259304,-73.4849932914612,-8.55090695318742,5
TCGA-OL-A5RY-01A,-12.974535184962,-65.6773120706086,-2.54777526051783,5
TCGA-OL-A66I-01A,-15.9290314053593,-65.9434176321312,-9.64294462894782,5
TCGA-OL-A66O-01A,9.55814984890001,-76.1414919170185,-9.34755948307209,5
TCGA-OL-A6VQ-01A,-0.612446610283474,-70.3647317920383,-13.4126671279759,5
TCGA-PE-A5DE-01A,6.60253990168299,-70.5526408434366,-23.765765689545,5
TCGA-S3-AA14-01A,-8.54716633785574,-75.4817002499926,-14.0641868618069,5
TCGA-S3-AA15-01A,-3.57329829144126,-72.2436554184587,-0.227059286722527,5
TCGA-V7-A7HQ-01A,-8.24493083639731,-62.5315180251368,-8.68970237760182,5
TCGA-XX-A899-01A,-16.3512403696841,-65.2439735494003,-10.310342904231,5
