Sample,X,Y,Z,Cluster
TCGA-02-2485-01A,-20.3641869855301,-64.7241550209796,1.34801731469765,1
TCGA-06-0129-01A,-22.9965237970848,-61.1845845078508,1.41157655580334,1
TCGA-06-0138-01A,-24.8653947288248,-59.4575180264464,3.01002518484068,1
TCGA-06-0157-01A,-23.2337947194983,-63.335281151765,-0.627561645234912,1
TCGA-06-0174-01A,-21.2495765980013,-64.6078382212224,5.18867384884088,1
TCGA-06-0178-01A,-23.2301284506971,-61.9989700631223,-1.4332655461903,1
TCGA-06-0238-01A,-20.9794735085416,-62.7593974391008,4.33021712777617,1
TCGA-06-0686-01A,-22.0622192886914,-64.2051038976291,2.84202028407181,1
TCGA-06-2558-01A,-23.1721368208888,-65.0138404543654,4.50663755955163,1
TCGA-06-2559-01A,-18.4340713116864,-61.35134572173,1.76305182039835,1
TCGA-06-2569-01A,-19.5464931405603,-61.4551487979831,0.126708839080222,1
TCGA-06-2570-01A,-21.4125619419253,-57.9742787263481,3.89403742154432,1
TCGA-06-5856-01A,-19.9806576166209,-61.3054215857413,-1.11732107932025,1
TCGA-12-0616-01A,-22.3855531676872,-63.6494766902493,-2.15028678645547,1
TCGA-12-0618-01A,-23.7138865354622,-61.880432237134,0.209640172173877,1
TCGA-12-1597-01B,-20.1687511354345,-59.9241436025233,-0.298184317937907,1
TCGA-16-0846-01A,-18.4598937559083,-59.6605214476601,2.25762838656808,1
TCGA-19-2624-01A,-18.5719112606508,-64.8924530948474,6.24953414208929,1
TCGA-19-5960-01A,-21.1444134006142,-62.2143337979564,1.45074246766258,1
TCGA-26-5135-01A,-23.9609773470586,-63.0461956926065,-1.05241736472712,1
TCGA-27-1835-01A,-18.7292818153814,-65.5510421619781,0.629439661346852,1
TCGA-27-2526-01A,-18.3718720225686,-65.7114278608289,0.115092324241348,1
TCGA-28-5207-01A,-20.1986456203449,-66.0630558990433,5.50298515521841,1
TCGA-28-5209-01A,-24.9344997058424,-64.1231654612914,2.04406143887155,1
TCGA-41-2571-01A,-20.8096917102214,-64.906544950623,-1.43224374821101,1
TCGA-41-5651-01A,-21.4141238478419,-61.5796350361619,3.84643467912337,1
TCGA-02-0047-01A,4.78873971725133,12.9756409741826,3.80740383132743,2
TCGA-02-0055-01A,4.95521507003205,14.3888348844897,-6.90776745951844,2
TCGA-02-2483-01A,2.54514930192848,4.24416261611318,4.47958653175755,2
TCGA-02-2486-01A,6.69183161440515,16.1935838679059,-4.10605599359943,2
TCGA-06-0125-01A,0.97862714649917,12.7942845145637,5.95909346864551,2
TCGA-06-0130-01A,3.27687586521717,20.1091847195623,-9.65552115960905,2
TCGA-06-0132-01A,7.9319974969822,18.5113924469897,-1.80981486043846,2
TCGA-06-0139-01A,4.60279171901825,17.5341164451706,-5.08109377623219,2
TCGA-06-0141-01A,7.56816391276872,14.1394379634014,-1.68134868338945,2
TCGA-06-0156-01A,5.71859720286629,3.78379982052303,-1.38109801657412,2
TCGA-06-0158-01A,4.1172294899958,11.6958047406102,4.74227212610126,2
TCGA-06-0168-01A,5.94534982386816,14.9200061472384,-6.17397285849704,2
TCGA-06-0184-01A,5.58267888992023,19.52903586669,-5.68178163838751,2
TCGA-06-0187-01A,1.76474275937409,10.2470275442697,0.989403804562007,2
TCGA-06-0190-01A,6.20779065309468,18.6534819999921,-8.42814676904948,2
TCGA-06-0210-01A,5.1291783896668,16.5951385333057,-0.711149429687105,2
TCGA-06-0211-01A,0.756673138151314,5.6832186420511,-0.665978546156998,2
TCGA-06-0211-01B,4.7863135649592,8.22775773967346,5.35303599150587,2
TCGA-06-0219-01A,6.25228508676975,16.4921929627307,-2.52559770538721,2
TCGA-06-0644-01A,4.36848818235892,15.4404082558744,-5.2059552324778,2
TCGA-06-0645-01A,3.05696679356614,20.6833603788764,-5.2435068544593,2
TCGA-06-0646-01A,3.35853391284332,18.8980054016812,-2.45620014877841,2
TCGA-06-0649-01B,4.96124695107715,8.11080907580587,-1.86296709105397,2
TCGA-06-0743-01A,4.68755354223837,9.64537183876034,4.10350984656139,2
TCGA-06-0744-01A,2.371246257913,4.35683946830994,0.494730518413551,2
TCGA-06-0745-01A,5.04194190714748,21.520729800066,-4.35013087722062,2
TCGA-06-0747-01A,1.0701951859875,14.4707815552043,4.06104824604306,2
TCGA-06-0749-01A,8.55457809349002,16.6910334018149,-0.48628163516302,2
TCGA-06-0750-01A,6.69070849736174,16.2521467241408,-2.79693340525047,2
TCGA-06-0878-01A,3.8258018900945,19.5792851937098,-4.1092434112892,2
TCGA-06-0882-01A,0.205410708635756,11.1859052035321,4.45960347826154,2
TCGA-06-1804-01A,4.00754528808316,4.04186549546191,2.88871439247697,2
TCGA-06-2557-01A,-0.0264493385399724,16.4297636755169,5.08500999990434,2
TCGA-06-2561-01A,2.01752394149651,11.7705624477105,2.34476981019204,2
TCGA-06-2562-01A,5.2908828393922,17.2740714704874,1.64596640259124,2
TCGA-06-2563-01A,2.24545101408615,18.2816634776536,0.457820100019711,2
TCGA-06-2564-01A,3.37085104549206,13.8264307708349,-0.321983142547745,2
TCGA-06-2565-01A,5.76445650594896,18.2334595491799,1.35561594411427,2
TCGA-06-2567-01A,10.9347355297106,15.7688818312482,-2.43028718868011,2
TCGA-06-5408-01A,3.17404854791107,18.3330200959629,0.314319487489442,2
TCGA-06-5410-01A,9.14176541938455,16.0839662525717,-0.0747694846110068,2
TCGA-06-5411-01A,9.95693389442541,16.9275083825396,-0.474805773894027,2
TCGA-06-5412-01A,8.53057364626963,18.5161103014791,-7.13028198173502,2
TCGA-06-5413-01A,7.41526179773691,18.8729695402492,2.84896569279587,2
TCGA-06-5414-01A,2.87019912649171,11.3323798409151,0.0322608400107462,2
TCGA-06-5416-01A,6.83065236341402,3.78797994857939,4.89779070915096,2
TCGA-06-5417-01A,4.91621526352468,7.79579406111494,-0.130015541430216,2
TCGA-06-5418-01A,2.58573354087783,16.7379707103492,-3.53373666153083,2
TCGA-06-5858-01A,4.45567124923537,3.63151375335759,-4.22294715344729,2
TCGA-06-5859-01A,2.30997459953534,15.8821160702324,-0.431936258195657,2
TCGA-08-0386-01A,4.4644975809978,5.40473362737098,-5.23875343448023,2
TCGA-12-0619-01A,5.64979095139075,19.3790496696218,-7.46454675925838,2
TCGA-12-0821-01A,4.9404698178521,9.00788072914037,4.75327083517029,2
TCGA-12-3650-01A,3.62455090547158,19.807840780461,4.1651527795073,2
TCGA-12-3652-01A,7.11723819901408,21.684339953458,0.788885161591695,2
TCGA-12-3653-01A,6.5824965946239,16.9961173109338,2.37226115158776,2
TCGA-12-5295-01A,0.60904868195809,18.3356581001996,-4.79395443999215,2
TCGA-12-5299-01A,5.17733284624079,14.5366772185235,-2.96010693636093,2
TCGA-14-0781-01B,4.59287524558175,18.8368197675157,-1.63211437713134,2
TCGA-14-0787-01A,0.393281527807507,14.835891925312,1.632510034993,2
TCGA-14-0789-01A,5.66747126698435,15.3050434463836,-1.43092675113394,2
TCGA-14-0790-01B,1.92982789431026,4.49531186840593,2.35887001763071,2
TCGA-14-0817-01A,8.10213334286397,7.40602562300057,-1.40951996861925,2
TCGA-14-0871-01A,1.84687443030498,7.69492832552249,6.87392035666669,2
TCGA-14-1034-01A,7.0389127299987,6.0071808497318,-1.84388508413214,2
TCGA-14-1823-01A,5.8052324582585,20.5366840002882,3.6779531382862,2
TCGA-14-1825-01A,2.79422104592694,2.44882358560626,-0.810563621895093,2
TCGA-14-1829-01A,8.31003730610128,18.2459133128686,2.23646952156657,2
TCGA-14-2554-01A,7.04421834669733,5.18948473217964,1.1647488813095,2
TCGA-15-0742-01A,2.99897509872734,12.0859488588173,1.02172802837069,2
TCGA-15-1444-01A,2.55225864393991,2.5377077102861,3.14694390523333,2
TCGA-16-1045-01B,5.34622817061528,11.1337565813333,-0.895572252652057,2
TCGA-19-1390-01A,5.38674749744115,6.05976031211136,4.62980075485604,2
TCGA-19-1787-01B,9.80325711881893,4.68619821957624,-1.48680783585999,2
TCGA-19-2619-01A,3.11558925612546,8.88193178536357,4.55570697530795,2
TCGA-19-2620-01A,1.42687019302587,11.7120526899021,0.4125992990832,2
TCGA-19-2625-01A,0.636343423437749,12.5973254969268,-2.00414083209445,2
TCGA-19-2629-01A,-1.33192659786422,6.63208266083343,2.90859258340524,2
TCGA-19-4065-01A,6.65524553419709,20.2277369999829,-0.410224248669876,2
TCGA-26-1442-01A,2.78500275501339,11.6471684003145,3.13709471349325,2
TCGA-26-5132-01A,3.53598818536523,17.291495938601,-3.04699552864544,2
TCGA-26-5133-01A,5.39905758507048,-0.792069711609065,-6.19472346207958,2
TCGA-26-5134-01A,5.87441790885743,4.58102714729478,7.35684452991011,2
TCGA-26-5136-01B,6.86780085862617,4.0494514413435,0.0620102366374339,2
TCGA-26-5139-01A,0.850752057756738,15.0843462098626,-0.109351421100496,2
TCGA-27-1830-01A,4.2849724641682,12.5347604379903,0.789433006851229,2
TCGA-27-1831-01A,5.01049118285416,17.0735745005539,-0.905929392753694,2
TCGA-27-1832-01A,5.2703363773619,17.903069949057,-5.83729207075565,2
TCGA-27-1834-01A,5.43384235821968,11.6289011911264,-0.629151792802262,2
TCGA-27-1837-01A,0.99043040192466,16.4476172699314,-0.186839616502257,2
TCGA-27-2519-01A,4.65256428379952,0.516159690560942,-5.41109280554309,2
TCGA-27-2521-01A,1.99754791128874,7.23147938177933,4.75233463971468,2
TCGA-27-2523-01A,4.26653019112003,14.0163257224924,0.263116998549828,2
TCGA-27-2524-01A,4.24901004828907,15.923668556415,-6.13856341980378,2
TCGA-27-2528-01A,-1.08473581466694,12.7590123515629,3.55160279443631,2
TCGA-28-1747-01C,1.80630003875804,7.2510184800421,0.365368697262351,2
TCGA-28-1753-01A,2.93509288392187,14.8943625261728,3.32034257217216,2
TCGA-28-2499-01A,6.35689118390431,17.72228401814,0.526899418219188,2
TCGA-28-2509-01A,6.58350160885138,-0.539343299983962,-7.08040615568985,2
TCGA-28-2510-01A,6.94114320841362,9.36196100725841,1.44291508278514,2
TCGA-28-2513-01A,6.49562335582526,16.1426238067544,-2.41514896566377,2
TCGA-28-2514-01A,0.107852534601756,11.1334704747097,-0.501295936769945,2
TCGA-28-5204-01A,0.799960908161264,17.0303518000805,0.050958473469147,2
TCGA-28-5208-01A,2.40413476065163,8.53389387850268,1.11307355848014,2
TCGA-28-5213-01A,7.94175115442638,15.529708305484,-0.871543005746866,2
TCGA-28-5215-01A,6.88073388919545,12.753352986601,-3.27694363687535,2
TCGA-28-5216-01A,9.22498275096101,16.4551309366182,1.62572557467564,2
TCGA-28-5218-01A,7.15725790813144,2.67805069735482,-7.87417076811018,2
TCGA-28-5220-01A,6.5604015145739,8.45095589850022,-0.561224203563878,2
TCGA-32-1970-01A,3.57418668925958,9.63836161250303,1.67247875529325,2
TCGA-32-1980-01A,6.70690567450578,11.1965114894226,2.36409545132418,2
TCGA-32-1982-01A,6.68731203387926,16.5533181686083,2.34867631242554,2
TCGA-32-2615-01A,1.62211846488106,17.0113805865645,2.55926392990692,2
TCGA-32-2616-01A,5.46657338517612,0.717970639570356,-2.66711757713817,2
TCGA-32-2632-01A,2.85100582140372,16.8290153015569,-7.05953803776664,2
TCGA-32-2634-01A,0.570925403677408,10.0446711420737,6.20720795101948,2
TCGA-32-2638-01A,3.9044409885073,15.5741243997245,2.61447132796817,2
TCGA-32-4213-01A,4.16739995959744,14.9733398459573,-1.82379908857316,2
TCGA-32-5222-01A,7.16165649781828,18.930942733528,-2.6331962375639,2
TCGA-41-2572-01A,0.30435850537431,12.4612851849508,-3.06222088018675,2
TCGA-41-3915-01A,5.37665354385762,-0.426296778843732,-7.15569043366482,2
TCGA-41-4097-01A,6.45800416954256,15.8489594012178,0.159074325182259,2
TCGA-76-4925-01A,0.229655684455267,9.93387236623247,1.51867913291068,2
TCGA-76-4926-01B,1.29879368446978,8.99886980189869,2.36441872141679,2
TCGA-76-4927-01A,-0.294323634886809,18.332318932324,2.19473327667446,2
TCGA-76-4928-01B,1.76984521237474,19.4087868786484,-2.98753978533965,2
TCGA-76-4929-01A,2.38550429446729,8.17010318958534,2.73628469547825,2
TCGA-76-4931-01A,-0.0800505422332382,17.2533315090452,3.52863646465007,2
TCGA-76-4932-01A,-0.214910608793834,16.0409226047675,2.62088031998903,2
