Sample,X,Y,Z,Cluster
TARGET-20-PAEAKL-09A,5.49283770297768,10.2897676720062,-13.3800088465418,1
TARGET-20-PAECCE-09A,6.37329750375351,1.77149411485496,-0.102756135504341,1
TARGET-20-PAKIYW-09A,5.76447701189417,1.78654752322231,-2.75522602790379,1
TARGET-20-PAKLPD-09A,5.74594191641582,10.3774193066417,-2.04535192789252,1
TARGET-20-PALGKX-09A,5.76221715956393,1.80609601322513,-3.25096421408029,1
TARGET-20-PAMVKZ-09A,6.42794377451896,8.18098632934983,-5.73628753856547,1
TARGET-20-PAMYAS-09A,2.37111417583706,11.679221498979,-13.3203004067017,1
TARGET-20-PANAEV-09A,1.5136048250318,9.66713196260397,-10.9397904620002,1
TARGET-20-PANBZH-09A,6.25369532019374,4.50046497726747,1.08334528212693,1
TARGET-20-PANDER-09A,5.28679147152395,10.9244697466768,-4.80319497564866,1
TARGET-20-PANGDN-09A,5.62498560179616,1.70889080172048,0.489941386401332,1
TARGET-20-PANGJY-09A,6.8089656961772,10.6148013742745,-8.31119264788099,1
TARGET-20-PANHYK-09A,2.35337140739743,8.94633276880541,-15.0398891156209,1
TARGET-20-PANINI-09A,2.43836663077502,11.3615139035816,-13.5557925244619,1
TARGET-20-PANKFZ-09A,6.64802362601017,10.9055910951302,-11.004388944324,1
TARGET-20-PANKKE-09A,7.05112590965931,11.4350246886898,-9.45783866689487,1
TARGET-20-PANKNB-09A,6.71626806867291,10.2662788704271,-7.41299382289957,1
TARGET-20-PANLJN-09A,6.57714787307718,7.96840789515884,-14.5887066238168,1
TARGET-20-PANLKB-09A,7.55794891740581,12.0139122099365,-9.97887278102829,1
TARGET-20-PANPTM-09A,6.31500450260204,9.87104322596899,-12.2234858769932,1
TARGET-20-PANSJB-09A,6.12693278120014,10.4425717018886,-2.09158617932533,1
TARGET-20-PANTNA-09A,3.67441820509646,10.0890185435861,-14.1108183856276,1
TARGET-20-PANTPW-09A,6.21946757308015,8.6037727352894,-13.3647433640709,1
TARGET-20-PANUUA-09A,6.20800003641587,8.74588600796491,-13.1663617746252,1
TARGET-20-PANVGE-09A,6.91412834511722,10.9915467864271,-9.18867560633637,1
TARGET-20-PANWHP-09A,7.04843874290619,13.0143370429178,-0.791434793716734,1
TARGET-20-PANZKA-09A,4.58442806934328,11.6343720157207,-5.16910485865378,1
TARGET-20-PAPAWN-09A,5.7346688819581,9.63698266228662,-1.53079230483601,1
TARGET-20-PAPVCN-09A,5.30240257942651,13.199968556847,-1.88673606505299,1
TARGET-20-PAPVZK-09A,6.54607832876686,12.9068611265093,-1.39014400783153,1
TARGET-20-PAPWHS-09A,6.31697908236755,12.8872053675674,-1.52841316048763,1
TARGET-20-PAPWIU-09A,3.10475673196032,10.2189370989279,-14.1224716716248,1
TARGET-20-PAPWYK-09A,6.30881990561446,10.1928440011226,-11.9392008790565,1
TARGET-20-PAPXWI-09A,4.11983382936764,10.0101179974585,-13.9628193447215,1
TARGET-20-PARAJX-09A,3.32600040171626,9.94392301786896,-14.2852232431109,1
TARGET-20-PARANT-09A,0.974911935862003,9.27825470366554,-12.2959956208212,1
TARGET-20-PARBFJ-09A,5.4616437764474,9.64532936066485,-3.03917362457704,1
TARGET-20-PARBRA-09A,5.44262247543916,10.6404561485861,-4.33615218532563,1
TARGET-20-PARCUK-09A,5.68561055901908,10.1716916738775,-2.44771160723531,1
TARGET-20-PARHVK-09A,4.93206615039943,13.4948785124767,-1.75586822577458,1
TARGET-20-PARJCR-09A,7.19840273221335,11.5395885257691,-1.87717788174165,1
TARGET-20-PARKCX-09A,5.79422168831026,2.73983301117813,0.560539510733614,1
TARGET-20-PARMZF-09A,1.01339924241227,8.55215136328529,-13.4480978829713,1
TARGET-20-PARPWL-09A,6.06025330054182,3.68364802247155,0.459945848594189,1
TARGET-20-PARTAL-09A,5.23124944307604,1.83028839301937,0.644110886462284,1
TARGET-20-PARUNX-09A,5.26994371180522,7.15467203764288,-0.233493395758552,1
TARGET-20-PARUTH-09A,0.944197799225107,8.83679365004411,-13.0022645236977,1
TARGET-20-PARUUB-09A,5.74181268765978,0.647818233447711,0.780315422514131,1
TARGET-20-PARUWX-09A,6.61594630486567,9.89614558945507,-7.05521897050316,1
TARGET-20-PARWDZ-09A,5.14360100197573,1.3322730277072,0.852284851584407,1
TARGET-20-PASBHI-09A,3.64504064780607,12.2197111373027,-5.39040160604514,1
TARGET-20-PASBPK-09A,7.88155967283312,11.3679359589694,-2.28641613562813,1
TARGET-20-PASHYZ-09A,2.74061826493342,10.8223249437213,-14.4477236011423,1
TARGET-20-PASPGA-09A,6.72847847117627,7.7084792666285,-14.7965963129029,1
TARGET-20-PASPLU-09A,5.56812254002538,1.71119379637328,0.806663703629155,1
TARGET-20-PASSSI-09A,6.55696592114138,10.6039161957199,-6.39651691217508,1
TARGET-20-PASVYL-09A,5.69605798945447,1.74939156476108,-1.95206592109888,1
TARGET-20-PASWAJ-09A,6.08135898674896,3.88391042188148,0.698125027871933,1
TARGET-20-PASYJI-09A,7.07893541446193,11.3643355293429,-9.62164736634833,1
TARGET-20-PASZLJ-09A,6.86758282883399,7.53263523491481,-14.8836995153097,1
TARGET-20-PATDHA-09A,4.29617412301204,11.9981874393441,-5.31611297021658,1
TARGET-20-PATDNN-09A,5.54665894944765,10.3084745532267,-4.23726080164887,1
TARGET-20-PATIAK-09A,0.670813219107642,7.79769909780302,-13.7691426312976,1
TARGET-20-PATJHJ-09A,5.51305929816877,8.4249516403067,-0.975468264173381,1
TARGET-20-PADZCG-09A,-0.535467516535323,-5.04574478542254,4.54965177708566,2
TARGET-20-PAEIKD-09A,-0.765546826707542,-3.32244061994025,6.34117947482023,2
TARGET-20-PAKERZ-09A,-7.63263293020846,-3.12503331547731,0.212100020828595,2
TARGET-20-PAKTCX-09A,-3.49452169955764,-6.78004970414025,1.53539608321663,2
TARGET-20-PAKVGI-09A,-7.16967936741769,-2.99273245021986,0.023301323405047,2
TARGET-20-PAMYGX-09A,-7.36774595958557,-3.06026396820016,0.625074582519457,2
TARGET-20-PANDIX-09A,-0.828892687499368,-6.49904339313602,2.0106800167035,2
TARGET-20-PANFMG-09A,-2.10977474723479,-0.483350662819956,5.90796947653372,2
TARGET-20-PANGTF-09A,-4.31222646841629,-6.05091056912442,4.12247818293124,2
TARGET-20-PANLIR-09A,0.564308795306517,-5.37433360758489,3.29305134591203,2
TARGET-20-PANLIZ-09A,-0.901842046838324,-6.55652185651152,1.80287717930555,2
TARGET-20-PANLXM-09A,-7.20951487773701,-3.08021115665995,-0.0265157819632738,2
TARGET-20-PANPKN-09A,-4.00912390438166,-6.68342885703401,1.98624484530375,2
TARGET-20-PANUTB-09A,0.0103283611306053,-6.78947615307757,3.62683146908217,2
TARGET-20-PAPBEJ-09A,-3.24836187883717,-3.47660040091049,5.31897423926254,2
TARGET-20-PARBIU-09A,-0.554082562157296,-3.20548034198125,6.6140953620549,2
TARGET-20-PARDDY-09A,-1.92850546586348,0.422884091416106,5.80555096960912,2
TARGET-20-PARDMG-09A,-0.421708313840262,-5.04299611777384,4.6952214780797,2
TARGET-20-PARXBT-09A,-2.7983047240026,-4.04614693956717,5.39983879979551,2
TARGET-20-PARXMP-09A,-6.99489569117745,-3.02388154695734,0.548029696670738,2
TARGET-20-PARXNG-09A,0.210355222096519,-5.58541565907983,3.6949917902472,2
TARGET-20-PARYGA-09A,-4.06635224852571,-6.67822742773363,2.05082024496305,2
TARGET-20-PARYVW-09A,-7.17280272756486,-2.71193384786795,-0.466320061308385,2
TARGET-20-PARZUU-09A,0.15053382853464,-6.13184630151111,3.51998769710992,2
TARGET-20-PARZWH-09A,-7.16093579654879,-2.2403049417543,-1.31856106339565,2
TARGET-20-PASCFW-09A,-2.21466259555915,-0.812590615215157,5.90920077674879,2
TARGET-20-PASIBG-09A,0.965445134950013,-4.83977846818188,3.19022744749968,2
TARGET-20-PASJTM-09A,-3.04174611290422,-4.12181052900783,5.41814023678962,2
TARGET-20-PASVVS-09A,-4.25092638126567,-5.91288862615431,4.36572460203864,2
TARGET-20-PADYIR-09A,-11.1012025787132,-19.0146028039263,13.8166413528535,3
TARGET-20-PAEERJ-09A,-12.1315438279651,-18.7964989646354,11.4276054947171,3
TARGET-20-PAEFGR-09A,-10.8254785747285,-17.810259672576,12.790069524271,3
TARGET-20-PAKIWK-09A,-7.59041990688527,-12.257383411142,10.0528190113588,3
TARGET-20-PANLLX-09A,-7.20617232137678,-12.1033458578047,10.3133300209623,3
TARGET-20-PANNHB-09A,-9.32697350724726,-15.7725033356816,12.4914342070659,3
TARGET-20-PANSBH-09A,-7.64766224511931,-12.3627813045487,10.1315730346106,3
TARGET-20-PAPXRJ-09A,-9.84628937248182,-16.115330852825,12.7756714867959,3
TARGET-20-PARCZL-09A,-8.37192759960626,-16.517084121627,13.6713985882816,3
TARGET-20-PARENB-09A,-8.55205911559617,-15.409397767034,12.6580614032149,3
TARGET-20-PARFAL-09A,-12.0806432788238,-18.7811803489178,11.520689651463,3
TARGET-20-PARPDS-09A,-6.82786359760793,-12.0808585803978,10.7345508274989,3
TARGET-20-PASFEW-09A,-7.7440687511254,-12.9831326350763,10.8904581969549,3
TARGET-20-PASGMZ-09A,-10.6082467103768,-20.8911648363229,16.1606851764499,3
TARGET-20-PASGWH-09A,-10.3297545698858,-16.1516152443234,12.6955705816775,3
TARGET-20-PASHBI-09A,-8.60420608598623,-14.4550291115445,11.6252074232966,3
TARGET-20-PASMGW-09A,-8.2255113263459,-17.3757133731362,14.3901360837514,3
TARGET-20-PASPKE-09A,-11.0813074961982,-19.7556339667245,14.6433647986378,3
TARGET-20-PASPTM-09A,-9.05869848274035,-15.8796986188905,12.7951925614053,3
TARGET-20-PASTTW-09A,-7.8821937386104,-13.3271153624664,11.1266989273134,3
TARGET-20-PASVYA-09A,-10.9828085170011,-20.239768489243,15.2049633771912,3
TARGET-20-PASWAT-09A,-10.6897916736079,-20.8226477065416,16.0270585608197,3
TARGET-20-PASWLN-09A,-10.7240030727564,-20.8055803928523,15.9831746983542,3
TARGET-20-PASWPD-09A,-11.0397196469772,-18.7834933684923,13.6429799516254,3
TARGET-20-PASWPT-09A,-10.8549712509656,-17.9118775308284,12.8476951188084,3
TARGET-20-PASXYG-09A,-9.37699228894753,-15.8764532453032,12.4512289430831,3
