Sample,X,Y,Z,Cluster
TARGET-20-PADYIR-09A,6.92953262904491,0.369403060160117,5.6841070674857,1
TARGET-20-PADZCG-09A,3.49955106828635,-2.00826266872298,4.02515167138717,1
TARGET-20-PAECCE-09A,9.49897050730114,-0.230526121586405,0.982298362683058,1
TARGET-20-PAEERJ-09A,5.17752458178823,-2.35114133167746,4.10509709438538,1
TARGET-20-PAEFGR-09A,-1.12346818006244,-0.0296370380374782,8.24064549774727,1
TARGET-20-PAEIKD-09A,9.7663962040151,-0.0724470021408558,0.818987455196509,1
TARGET-20-PAKERZ-09A,-0.576100763011647,-6.25638283674867,9.85261528469936,1
TARGET-20-PAKIWK-09A,9.02259975533672,2.66370085878432,1.95679547238477,1
TARGET-20-PAKIYW-09A,9.21227083615102,-0.919794596934271,1.07534962377248,1
TARGET-20-PAKTCX-09A,8.21805606814411,-2.20299310475077,1.10234741554545,1
TARGET-20-PAKVGI-09A,0.433936337105048,-6.02383915754698,8.88857928052566,1
TARGET-20-PALGKX-09A,-3.62495610363372,-3.35899320467194,1.12882807759192,1
TARGET-20-PAMVKZ-09A,-4.30501575965441,-2.08904255998502,1.05164162973819,1
TARGET-20-PAMYGX-09A,-1.04190160759787,-5.80786669617757,7.530727497911,1
TARGET-20-PANAEV-09A,5.00887153042944,0.0350328528090027,8.22460441095526,1
TARGET-20-PANDIX-09A,1.75739202921532,-0.948503642645812,6.28747857266522,1
TARGET-20-PANGDN-09A,0.866393499840783,-0.111909113389155,5.57441763687949,1
TARGET-20-PANGTF-09A,8.67458469725385,0.0437651100341979,2.76920529719223,1
TARGET-20-PANHYK-09A,11.5374125852223,-0.184909047199281,-1.39738524629527,1
TARGET-20-PANLIR-09A,5.12665377289324,-2.26366501749623,4.06291850816788,1
TARGET-20-PANLIZ-09A,11.6670257237682,-0.0440660955528918,-1.65591323049717,1
TARGET-20-PANLLX-09A,-0.267737102612822,-0.447964825221131,8.40260537676221,1
TARGET-20-PANLXM-09A,9.44837180027817,1.822232158717,1.31762866970441,1
TARGET-20-PANNHB-09A,12.1375635252311,-0.752927590361369,-1.69787663948245,1
TARGET-20-PANPKN-09A,8.72555266270167,0.105601237604808,2.59413563794201,1
TARGET-20-PANPTM-09A,-4.11764218598032,-2.64802032389142,0.998678625873923,1
TARGET-20-PAPBEJ-09A,9.10829549225237,2.43238478881709,1.86117248763316,1
TARGET-20-PAPXRJ-09A,8.15041735299933,2.18299362688838,3.43409300798247,1
TARGET-20-PARBFJ-09A,3.10437697506859,-1.97685228709994,3.97261926293743,1
TARGET-20-PARBIU-09A,7.70541108094466,-4.20239895844047,2.18017799664732,1
TARGET-20-PARBRA-09A,-2.03836324440463,-5.6031966221614,5.79294534248129,1
TARGET-20-PARCZL-09A,3.59129956717966,0.475286577595995,8.21078524948792,1
TARGET-20-PARDDY-09A,-0.622862081408202,-5.9884429869792,9.42378360761541,1
TARGET-20-PARDMG-09A,9.44019533927452,-0.807006046487287,1.6618669723558,1
TARGET-20-PARENB-09A,-1.67188037720541,-5.77066684315028,6.54868209546064,1
TARGET-20-PARFAL-09A,0.399710603602795,1.10984405860508,8.20916330157544,1
TARGET-20-PARJCR-09A,-1.97635070396772,-3.57614988843539,1.19968137383548,1
TARGET-20-PARKCX-09A,7.97484800124988,-0.226428503041,3.70424398018548,1
TARGET-20-PARPDS-09A,1.04974860284448,-5.81655094910462,8.80498638289738,1
TARGET-20-PARPWL-09A,10.3199547471197,-2.05091438288169,1.95013066735551,1
TARGET-20-PARTAL-09A,9.74212802300267,-0.262627032219836,0.986543058201944,1
TARGET-20-PARUNX-09A,-0.668179617871955,-6.64369857125942,10.2438704492236,1
TARGET-20-PARUUB-09A,-1.98686829692302,-3.47137565608369,1.17244774494751,1
TARGET-20-PARWDZ-09A,9.76272404703475,-0.869991619632228,1.53354371032047,1
TARGET-20-PARXBT-09A,0.154238947631487,-2.20067868052872,8.46509939254898,1
TARGET-20-PARXMP-09A,-0.0725164333431911,-5.96098037420635,9.05749244541495,1
TARGET-20-PARXNG-09A,7.3366014824367,-4.1767501974965,2.6904955157858,1
TARGET-20-PARYGA-09A,1.33602871784766,-4.59808449228819,8.36944326971096,1
TARGET-20-PARZUU-09A,-3.48439535200201,-4.8915256838666,1.86232098933089,1
TARGET-20-PARZWH-09A,5.69246077388286,0.957841706423137,7.31241939522852,1
TARGET-20-PASBHI-09A,11.6759834411747,0.341889954407284,-1.89833581152576,1
TARGET-20-PASBPK-09A,10.383929459602,-0.354146788234118,0.0109900702224371,1
TARGET-20-PASCFW-09A,6.8907804922886,-5.12730472372456,3.54168823924224,1
TARGET-20-PASFEW-09A,11.8009230466574,2.34462095536736,0.154864921893695,1
TARGET-20-PASGMZ-09A,5.05633659378531,-0.452063276313941,7.079479688596,1
TARGET-20-PASGWH-09A,9.78552418497582,1.7503800139411,0.712715736118661,1
TARGET-20-PASHBI-09A,1.34449876723848,-5.15127379927925,8.3901719562126,1
TARGET-20-PASHYZ-09A,-3.62952151408511,-3.27813655792347,0.993252000886324,1
TARGET-20-PASIBG-09A,7.38804882091828,-4.31675579063035,2.77332810838492,1
TARGET-20-PASJTM-09A,-0.517885488127297,-5.00947557986705,9.07594868454742,1
TARGET-20-PASMGW-09A,5.70693800041139,-0.464506936890057,6.84562498207617,1
TARGET-20-PASPGA-09A,-1.71591618913238,-3.38870592856561,1.11706626073826,1
TARGET-20-PASPLU-09A,8.43362827900221,-1.58578307107427,1.17136326203797,1
TARGET-20-PASPTM-09A,8.59028265757955,2.379438306961,2.74151528507142,1
TARGET-20-PASSSI-09A,11.4373929246008,-0.27224587316047,-1.22892018156782,1
TARGET-20-PASTTW-09A,-0.433272584912468,-0.596205309825125,8.41686979463372,1
TARGET-20-PASVVS-09A,6.91197783610564,-0.470575781538542,4.74724211937648,1
TARGET-20-PASVYA-09A,5.61147038007756,0.0815694582818335,7.31157715015839,1
TARGET-20-PASVYL-09A,-3.38175576922594,-5.42340847876135,2.00726060163458,1
TARGET-20-PASWAJ-09A,2.65448163000787,-1.98793932601931,3.83579163455201,1
TARGET-20-PASWAT-09A,0.150484764276641,-1.87777370975807,8.54424490848382,1
TARGET-20-PASWLN-09A,3.49287384179526,0.200244177748831,8.10259833235049,1
TARGET-20-PASWPD-09A,5.53264032613278,-0.0165959957059223,7.58063404052485,1
TARGET-20-PASWPT-09A,0.131790991419042,1.09519586721673,8.24327639710492,1
TARGET-20-PASXYG-09A,-0.625356486384003,-6.11946037239242,9.3538965702396,1
TARGET-20-PASZLJ-09A,-3.33230289542227,-5.54074046246473,2.04747179432861,1
TARGET-20-PATDNN-09A,0.683204376716958,0.0190189088549874,5.53618723347285,1
TARGET-20-PATJHJ-09A,7.89428313716175,-4.3700239985663,1.80369879775843,1
TARGET-20-PAEAKL-09A,-10.6449637416451,0.404482115460108,-16.4611754446664,2
TARGET-20-PAMYAS-09A,-11.7871966890272,4.8363573244496,-12.7414746154718,2
TARGET-20-PANBZH-09A,-9.27960495446451,1.61313213221042,-17.3328679286796,2
TARGET-20-PANDER-09A,-11.1427893456584,4.6644926639179,-13.6986537796653,2
TARGET-20-PANGJY-09A,-8.31014505070998,0.625417029358338,-15.6413987572557,2
TARGET-20-PANKFZ-09A,-9.31699751099435,3.62211834584052,-13.4568670354584,2
TARGET-20-PANKKE-09A,-9.76113931998175,4.41778988660852,-13.1605362779166,2
TARGET-20-PANKNB-09A,-8.29514933941247,0.546506036773566,-15.6752714376657,2
TARGET-20-PANLJN-09A,-9.71026706401502,1.28760666993568,-16.7368693808685,2
TARGET-20-PANUTB-09A,-11.071723053429,2.81661193460215,-15.7371441500886,2
TARGET-20-PANUUA-09A,-8.93052908503883,4.5194294538821,-13.1293170545591,2
TARGET-20-PANVGE-09A,-9.90135689229089,2.14456048259796,-15.4810178325899,2
TARGET-20-PANWHP-09A,-9.83806321624638,3.90668355182654,-13.5808757138357,2
TARGET-20-PAPAWN-09A,-10.8090914051031,0.364546382768948,-16.4155708487496,2
TARGET-20-PAPVCN-09A,-11.1687307492799,4.90758307754838,-11.0940961598204,2
TARGET-20-PAPVZK-09A,-9.23202612650545,3.74551796756749,-13.3442830398185,2
TARGET-20-PAPWHS-09A,-10.9042865866986,4.75697546780388,-11.6653044725197,2
TARGET-20-PAPWIU-09A,-8.5362992792678,3.11573026513044,-12.7654069338605,2
TARGET-20-PAPWYK-09A,-9.61767379188769,5.47689821196122,-13.2626220272242,2
TARGET-20-PAPXWI-09A,-9.210310333606,2.03593580012714,-14.9480919689517,2
TARGET-20-PARAJX-09A,-9.38596698578664,2.23765986080768,-14.8937966333645,2
TARGET-20-PARANT-09A,-11.9457821985137,2.54459062055961,-13.9455397638577,2
TARGET-20-PARCUK-09A,-9.86684695166626,0.872173038649138,-16.5948368486218,2
TARGET-20-PARMZF-09A,-11.1128305146479,4.67345174556211,-13.3951066576794,2
TARGET-20-PARUTH-09A,-8.82581323906147,3.28169146504906,-13.1660844502654,2
TARGET-20-PASYJI-09A,-10.2975968181961,2.29337144004111,-15.649348407526,2
TARGET-20-PATDHA-09A,-11.4730930656745,5.02556526455188,-10.9047665356835,2
TARGET-20-PATIAK-09A,-8.07330739425152,4.27499449916887,-12.8669619344673,2
TARGET-20-PAKLPD-09A,-3.86576518284499,3.48588869127859,4.64059999241734,3
TARGET-20-PANFMG-09A,-2.940830161315,4.16385875824711,6.33586274771385,3
TARGET-20-PANINI-09A,-4.83733221685391,4.05034915206786,4.63038024539415,3
TARGET-20-PANLKB-09A,-1.78581887166811,6.48936016745705,5.08867563574415,3
TARGET-20-PANSBH-09A,-3.67992510547893,3.50142548184726,4.53107662121502,3
TARGET-20-PANSJB-09A,-2.20293425684381,6.00990115247328,5.45545190602419,3
TARGET-20-PANTNA-09A,-4.4457730275184,3.23855195444708,4.8786514372165,3
TARGET-20-PANTPW-09A,-2.79762099121669,5.23269167555423,5.85925783256636,3
TARGET-20-PANZKA-09A,-2.94571684527468,5.17059446742227,5.95294090355707,3
TARGET-20-PARHVK-09A,-5.38937327987974,2.56181852296245,4.45480091499544,3
TARGET-20-PARUWX-09A,-2.94329127028584,4.69828213289811,6.0262730511728,3
TARGET-20-PARYVW-09A,-4.00416031657072,3.04686766683698,5.30677964757363,3
TARGET-20-PASPKE-09A,-1.63220255452662,6.57842727332456,5.00135582790154,3
