Sample,X,Y,Z,Cluster
TARGET-20-PADYIR-09A,35.8293381753134,-18.598067656801,2.24162182620774,1
TARGET-20-PAEERJ-09A,28.9659893340725,-11.5734643216881,-4.43434288728016,1
TARGET-20-PAEFGR-09A,33.8901042474426,-18.8829358345037,-1.70163936365016,1
TARGET-20-PAEIKD-09A,38.9927659804369,-26.1756703343919,-1.08264919363466,1
TARGET-20-PAKERZ-09A,39.7272947139532,-21.6406497824032,-1.13699884136819,1
TARGET-20-PAKIWK-09A,39.2770059911483,-19.6682449727081,-2.92652928851681,1
TARGET-20-PAKLPD-09A,37.5466128718759,-11.1291221614332,-1.02666513946966,1
TARGET-20-PAKVGI-09A,41.5454320546643,-21.8472385160732,-1.31417225541719,1
TARGET-20-PAMVKZ-09A,28.8086642229906,-11.6719314099714,-3.32399140636616,1
TARGET-20-PAMYAS-09A,37.8463389757504,-26.3326799578677,2.25878975611912,1
TARGET-20-PAMYGX-09A,39.5448787332599,-18.3969132620107,-5.99277594173055,1
TARGET-20-PANAEV-09A,38.8922160410925,-13.4496637987131,-2.76169954377517,1
TARGET-20-PANDIX-09A,31.2031135618918,-14.8523916599249,-4.47903076352353,1
TARGET-20-PANFMG-09A,43.1463886109093,-19.3647349622559,-2.90665590883744,1
TARGET-20-PANGTF-09A,39.6233457660681,-19.0489396394996,-1.64522397815884,1
TARGET-20-PANHYK-09A,36.2454118671312,-23.9182053706058,-1.50734351267107,1
TARGET-20-PANINI-09A,34.1482251108193,-20.9438796890134,-2.75918412077105,1
TARGET-20-PANLLX-09A,38.2347998592205,-17.7724357033179,-0.519335429364899,1
TARGET-20-PANLXM-09A,39.798745523871,-19.7365051698469,0.380677337729486,1
TARGET-20-PANNHB-09A,37.7566980773293,-25.0016564095848,1.81869582905419,1
TARGET-20-PANPKN-09A,34.8212158293849,-14.5281124485372,-2.21806384557569,1
TARGET-20-PANSBH-09A,37.8151866606032,-19.6567820278689,0.627351809812815,1
TARGET-20-PANZKA-09A,41.6036804354448,-22.9560577437709,-2.60976242855428,1
TARGET-20-PAPBEJ-09A,40.5422744718993,-22.8183903104976,-3.3218759403109,1
TARGET-20-PAPVCN-09A,36.4269108320693,-15.9718058592004,2.58879127481663,1
TARGET-20-PAPWIU-09A,36.3274343052535,-14.1995190282644,-1.73473027763953,1
TARGET-20-PAPXRJ-09A,34.6257503858986,-21.5457124972336,0.0338499671223485,1
TARGET-20-PARANT-09A,36.8436863636051,-14.5095977230655,-0.123324760802558,1
TARGET-20-PARCZL-09A,34.9059241144766,-20.3283839113186,-2.69481633133015,1
TARGET-20-PARDDY-09A,40.2666099670299,-25.3259930228373,-4.11872055072608,1
TARGET-20-PARENB-09A,32.3493544979135,-14.8525223920363,-4.24809300204914,1
TARGET-20-PARFAL-09A,34.8741179852994,-19.6385083208691,-0.82222359955461,1
TARGET-20-PARHVK-09A,32.2532208501261,-23.3674012987046,-0.83621177423539,1
TARGET-20-PARJCR-09A,36.3690790208348,-13.1648989942847,-0.111955226539462,1
TARGET-20-PARPDS-09A,32.3102191809058,-13.4431143435054,-4.42209529520864,1
TARGET-20-PARUTH-09A,33.8323367458112,-15.0359018387427,-0.790380225808623,1
TARGET-20-PARXBT-09A,28.9004523422675,-13.4275581545899,-3.96256434113844,1
TARGET-20-PARXMP-09A,40.479680633409,-22.4196626134249,-1.3222550206674,1
TARGET-20-PARYGA-09A,38.377807475395,-19.6066117069479,-1.53769909632294,1
TARGET-20-PARYVW-09A,36.0117242223102,-18.0439334901655,0.890459069970359,1
TARGET-20-PARZWH-09A,32.2739646463063,-14.7676628224237,-6.01638203020289,1
TARGET-20-PASBHI-09A,37.5532037985621,-21.4181229276159,-3.20739940783875,1
TARGET-20-PASFEW-09A,35.5494837614543,-20.0519002354045,3.69215932504777,1
TARGET-20-PASGMZ-09A,39.7571325700558,-23.1263148169831,-1.41149715853753,1
TARGET-20-PASGWH-09A,35.5574789560017,-18.7843316220646,1.40796039668949,1
TARGET-20-PASHBI-09A,37.4691283679355,-19.8597654675194,-2.30650302297968,1
TARGET-20-PASJTM-09A,39.2141229447835,-15.3302237823357,-4.41267901677967,1
TARGET-20-PASMGW-09A,38.1076675386919,-21.0939858346376,-4.85484644241912,1
TARGET-20-PASPKE-09A,36.7238823790136,-21.1493292874346,-2.69054104007419,1
TARGET-20-PASPTM-09A,36.8784456181194,-20.4717603123613,-4.56411365547064,1
TARGET-20-PASTTW-09A,38.2017685422522,-20.5392223988916,-1.63680456895215,1
TARGET-20-PASVYA-09A,35.7642085012822,-16.9193381707379,3.32348871269664,1
TARGET-20-PASWAT-09A,32.6464181610601,-18.1234805956199,2.068960645399,1
TARGET-20-PASWLN-09A,42.1927500526723,-20.8156557937058,-3.37777226789103,1
TARGET-20-PASWPD-09A,27.3732361447267,-12.0472374286822,-6.85052425827915,1
TARGET-20-PASWPT-09A,32.3233946464981,-20.6224759709612,-2.22150726403649,1
TARGET-20-PASXYG-09A,32.5316166728504,-20.9118761116193,0.00527783004429862,1
TARGET-20-PATDHA-09A,34.4201004411138,-23.5166159312295,0.079396589770243,1
TARGET-20-PADZCG-09A,-34.2856766967064,19.2639460709578,-0.698109429760321,2
TARGET-20-PAEAKL-09A,-34.6580778771532,21.2168319992859,5.03951287262447,2
TARGET-20-PAECCE-09A,-29.2260561614,10.5472970337416,-4.25363929475865,2
TARGET-20-PAKIYW-09A,-27.8427454106455,20.5086278309147,1.5399811847016,2
TARGET-20-PAKTCX-09A,-38.2809103042257,16.5727235128248,2.35561697719692,2
TARGET-20-PALGKX-09A,-39.5036806448377,20.5597869824576,-2.33377777674418,2
TARGET-20-PANBZH-09A,-29.690249146922,21.1879622610673,4.14429341867442,2
TARGET-20-PANDER-09A,-37.3118556212561,18.8356685199869,0.441003661733525,2
TARGET-20-PANGDN-09A,-35.5795547306116,14.2809832858304,-2.18918043160776,2
TARGET-20-PANGJY-09A,-39.8176698984072,20.1283944923503,6.2854447041934,2
TARGET-20-PANKFZ-09A,-34.3967332222981,23.0037073246438,6.03581482698505,2
TARGET-20-PANKKE-09A,-35.4468561480342,20.5083360118656,1.14279329399866,2
TARGET-20-PANKNB-09A,-38.1520578565254,18.9913611073113,6.85023212316966,2
TARGET-20-PANLIR-09A,-30.8383711691887,13.9178411038783,0.633159268348748,2
TARGET-20-PANLIZ-09A,-27.6237389510295,8.99984097249957,-2.04505089996251,2
TARGET-20-PANLJN-09A,-34.180714442109,16.3897437974322,0.380898862196403,2
TARGET-20-PANLKB-09A,-27.9392012053557,21.1266736709702,1.93857328640418,2
TARGET-20-PANPTM-09A,-35.5332954694691,20.3535335545636,5.55655189181487,2
TARGET-20-PANSJB-09A,-36.8865873707499,19.9345133142618,8.41297840711143,2
TARGET-20-PANTNA-09A,-32.9403477450086,9.97717984033596,2.32904026260687,2
TARGET-20-PANTPW-09A,-37.0087627960018,16.9064322486683,-0.208710211007919,2
TARGET-20-PANUTB-09A,-30.5482372919678,19.8940680524683,2.88876949402998,2
TARGET-20-PANUUA-09A,-33.9474430625839,19.662548927144,5.48595726671284,2
TARGET-20-PANVGE-09A,-34.9579757160309,22.8733497442959,5.24068721102374,2
TARGET-20-PANWHP-09A,-36.4185627302311,18.7266291613879,-3.94030426614453,2
TARGET-20-PAPAWN-09A,-39.2384577310737,17.5049404297237,-3.99817613163267,2
TARGET-20-PAPVZK-09A,-35.1053573870563,21.4135799007368,5.0008476044271,2
TARGET-20-PAPWHS-09A,-31.7851723015521,22.3066830234308,5.06129226122902,2
TARGET-20-PAPWYK-09A,-35.6422200322892,20.177873127866,5.85995507749942,2
TARGET-20-PAPXWI-09A,-36.6418852133527,19.3770508597814,3.38418400779269,2
TARGET-20-PARAJX-09A,-35.4886878676528,23.1333422641474,2.44868483363091,2
TARGET-20-PARBFJ-09A,-36.822083977509,18.4383915604284,3.12205425778421,2
TARGET-20-PARBIU-09A,-39.1479966593219,18.424725638082,-0.553535997640398,2
TARGET-20-PARBRA-09A,-38.0955559587057,18.9388139243941,5.50501537635595,2
TARGET-20-PARCUK-09A,-38.6351833740332,17.643797851315,-0.478614273359122,2
TARGET-20-PARDMG-09A,-30.4035669181098,19.1798304196669,0.552076599744832,2
TARGET-20-PARKCX-09A,-36.692041877915,17.0064521688067,1.28552102678754,2
TARGET-20-PARMZF-09A,-33.143075352744,21.7438376292382,4.12858692432912,2
TARGET-20-PARPWL-09A,-32.5774559792638,19.9752524776413,1.25099319919534,2
TARGET-20-PARTAL-09A,-34.6172589252801,16.1047617803794,0.113093586970023,2
TARGET-20-PARUNX-09A,-31.2554922965702,12.5235677434233,-0.542727702648407,2
TARGET-20-PARUUB-09A,-33.8550480567931,17.6094315238702,-0.101155596958266,2
TARGET-20-PARUWX-09A,-39.6266134805589,18.1055716366279,9.63163963957162,2
TARGET-20-PARWDZ-09A,-36.8832702277717,16.6317341501584,-4.02646217892453,2
TARGET-20-PARXNG-09A,-33.9483132662694,18.8767188430927,-0.718085571971534,2
TARGET-20-PARZUU-09A,-30.2970868140729,18.5062525580492,-1.16655878940645,2
TARGET-20-PASBPK-09A,-30.5903225951108,11.475479798856,-2.76609547311866,2
TARGET-20-PASCFW-09A,-32.0405804554379,12.5277286112585,-2.2513499381108,2
TARGET-20-PASHYZ-09A,-34.000846961572,18.7706606551582,-1.15480628069423,2
TARGET-20-PASIBG-09A,-32.6932981227923,11.751418426568,2.77375500156383,2
TARGET-20-PASPGA-09A,-28.6743265949255,10.4849751188856,-0.805585353886038,2
TARGET-20-PASPLU-09A,-33.783647309473,17.1612452903411,-2.35612776257077,2
TARGET-20-PASSSI-09A,-39.5748456020002,19.5991473695925,6.47030063441179,2
TARGET-20-PASVVS-09A,-36.7559027020645,14.0740853373788,1.2140202570292,2
TARGET-20-PASVYL-09A,-36.2725446201093,14.5799204848403,-0.0508324489833955,2
TARGET-20-PASWAJ-09A,-37.2443635412943,15.7930544170574,-1.57997266343992,2
TARGET-20-PASYJI-09A,-36.7169535745333,22.5116183714934,2.94798313134811,2
TARGET-20-PASZLJ-09A,-33.8171822134476,14.9207017329732,-0.41252736537837,2
TARGET-20-PATDNN-09A,-37.4843942535029,20.8434082054314,4.50351482788946,2
TARGET-20-PATIAK-09A,-31.6976742549912,21.2653146420648,1.39146936373875,2
TARGET-20-PATJHJ-09A,-31.2339716146589,20.6457490548041,1.81118826786427,2
