Sample,X,Y,Z,Cluster
TCGA-05-4389-01A,36.3314780806825,32.4724722278418,-10.5495535063359,1
TCGA-05-4390-01A,37.6546320737974,31.8263006843579,-13.9581693250622,1
TCGA-05-4395-01A,34.4486439186801,38.071299490207,-24.5888856022871,1
TCGA-05-4397-01A,31.7937970494627,32.5821587396981,-23.6239055071482,1
TCGA-05-4398-01A,31.8953291372055,32.7074405713707,-16.3375974044095,1
TCGA-05-4420-01A,38.1677178423479,30.7999891827243,-11.9951965664611,1
TCGA-05-4424-01A,34.8240684946603,30.6264240691014,-19.3217775402511,1
TCGA-05-4427-01A,34.8649185173016,33.0635899625841,-26.8741599371444,1
TCGA-05-4432-01A,39.9035626176073,32.8254659752769,-16.4346238663662,1
TCGA-05-5420-01A,31.9242196404413,32.7275804792165,-16.9168868592446,1
TCGA-05-5423-01A,37.9784541059271,30.8719342686724,-11.6237441837563,1
TCGA-05-5425-01A,34.3937379384839,28.8450112183342,-17.3068864342385,1
TCGA-35-4122-01A,31.5809781259509,32.714287625387,-16.6723003318837,1
TCGA-35-4123-01A,37.4705776113963,35.3222773808827,-9.33268366097419,1
TCGA-35-5375-01A,32.5374302234422,34.5547279125113,-21.566175043562,1
TCGA-38-4625-01A,35.722311341078,30.611928934414,-18.0307101671849,1
TCGA-38-4628-01A,37.6949849218942,32.0837087384389,-10.7724388649597,1
TCGA-38-4630-01A,34.9927185035375,32.2463223331482,-27.0012379572391,1
TCGA-38-4631-01A,35.1907562441428,30.1802741917664,-18.1268810446309,1
TCGA-38-4632-01A,40.5818656810313,33.181082567871,-14.3509710551511,1
TCGA-44-2657-01A,38.4252182769009,31.668268259833,-11.2382132815803,1
TCGA-44-2662-01A,35.2243959178832,32.5614722401538,-27.105619208429,1
TCGA-44-3396-01A,32.2003036798798,35.0682990070486,-21.7455473707362,1
TCGA-44-3917-01A,36.1686189957876,33.0380333612144,-17.1677358555107,1
TCGA-44-3919-01A,31.5589914330607,36.8235416261755,-25.734692536524,1
TCGA-44-5643-01A,39.3110078385623,31.8297333676532,-19.002832649041,1
TCGA-44-6775-01A,26.5168957027229,33.313993068404,-26.4944201190734,1
TCGA-44-6778-01A,31.9629179917524,30.7133426258233,-22.1772051945012,1
TCGA-44-6779-01A,35.5368062836288,28.5896438239811,-17.7806798450582,1
TCGA-44-7660-01A,33.872276044681,37.6855861602279,-24.5318210308933,1
TCGA-44-7669-01A,35.2567951251402,30.8790508989221,-18.7094960223729,1
TCGA-44-7670-01A,33.7917056675404,27.8020162775349,-17.1674893958393,1
TCGA-44-7672-01A,40.0700967133039,33.0757372005747,-12.9453507188363,1
TCGA-44-A479-01A,39.7422448333173,31.9855811462412,-18.6907815781523,1
TCGA-44-A4SS-01A,24.9932910661528,34.3914729178982,-27.4486051129855,1
TCGA-49-4487-01A,30.3005909009881,28.5144786519057,-24.3995153250688,1
TCGA-49-6743-01A,28.0462665338882,33.8384598622081,-26.1192881734636,1
TCGA-49-6767-01A,31.8643978843167,32.6731593238733,-15.9083730562531,1
TCGA-49-AAQV-01A,36.8754163426542,30.8835827328157,-13.6448490263201,1
TCGA-49-AAR2-01A,33.6501984940962,27.0282526920036,-26.7757533202524,1
TCGA-49-AARE-01A,32.3499659252189,37.2910117990014,-25.3214828395402,1
TCGA-49-AARN-01A,31.276734317861,39.0187480323813,-29.498339945328,1
TCGA-49-AARO-01A,37.9799574764641,32.8971759662681,-10.3573381456187,1
TCGA-49-AARQ-01A,31.6748714934376,35.1149644004933,-26.7123435031166,1
TCGA-4B-A93V-01A,33.6594550098827,38.8762212423213,-26.7690221160307,1
TCGA-50-5051-01A,36.7798144460837,33.8138946382773,-9.54705606056783,1
TCGA-50-5055-01A,37.4337812253832,31.3577029507701,-10.9592744289692,1
TCGA-50-5066-01A,32.5216952702751,34.6450319697574,-21.624285018012,1
TCGA-50-5931-01A,31.020127549051,31.7323105756613,-22.158173094056,1
TCGA-50-5939-01A,25.0321892422087,33.0694892700034,-26.5430702226426,1
TCGA-50-6590-01A,34.0906572663103,37.7518719608323,-23.8456812294612,1
TCGA-50-6591-01A,32.4198396681586,31.5559193508806,-22.7350570522042,1
TCGA-53-7813-01A,39.838279118533,32.0745443428985,-18.4785339564616,1
TCGA-53-A4EZ-01A,34.9115973490429,31.8915548295448,-21.4829070887766,1
TCGA-55-1592-01A,31.5403531895464,29.3174372520022,-26.7418940989046,1
TCGA-55-1594-01A,36.0075759502697,31.2374897925291,-17.4401499112122,1
TCGA-55-1596-01A,38.6003081266895,32.1997884923372,-15.6744254233226,1
TCGA-55-5899-01A,31.4919178239866,29.2853493406295,-26.8403143866631,1
TCGA-55-6968-01A,31.4400175528541,32.3291023192665,-23.3705464279425,1
TCGA-55-6971-01A,38.6798210181164,32.588514381983,-11.0736816220719,1
TCGA-55-6979-01A,31.210889711183,36.6440323139892,-25.7057257994702,1
TCGA-55-6982-01A,38.3732047123873,32.4947312858588,-10.7254678586011,1
TCGA-55-7727-01A,34.920919307216,37.7154028888825,-25.0950336578819,1
TCGA-55-7815-01A,37.2262027431466,35.0594834088901,-9.36718005712321,1
TCGA-55-7995-01A,33.3399645494855,33.0800229890054,-25.5105858414063,1
TCGA-55-8096-01A,38.5929758287414,32.7320734468959,-10.4461606358574,1
TCGA-55-8205-01A,34.478119369919,39.5566401170044,-26.3627209280145,1
TCGA-55-8208-01A,30.6779458396184,33.3261235164717,-23.0462306329589,1
TCGA-55-8301-01A,34.6199732545342,33.9239587272825,-26.6491934004205,1
TCGA-55-8507-01A,31.6702491624459,29.2622975552824,-26.8259321915643,1
TCGA-55-8511-01A,25.6392118691312,32.9348634083139,-26.2286524684872,1
TCGA-55-8614-01A,24.9984500453649,34.1493534842512,-27.2995385873238,1
TCGA-55-8620-01A,31.3781747437013,32.3411403145345,-24.0931867445664,1
TCGA-55-A48Z-01A,30.7894723206618,34.4280274757535,-25.6279411897286,1
TCGA-55-A491-01A,30.3939197753922,34.8476077785703,-25.4737030487387,1
TCGA-55-A493-01A,34.7679072834402,31.1209128769675,-27.1086178137208,1
TCGA-55-A4DF-01A,32.6752969056802,33.0467130323398,-24.9979135721073,1
TCGA-62-8394-01A,28.5980974957431,33.2462016643509,-25.4988194610556,1
TCGA-64-1676-01A,33.2745185765634,32.7458196126297,-16.2232099805845,1
TCGA-64-1677-01A,35.0994450685868,33.4407005627982,-20.477758270098,1
TCGA-64-1678-01A,40.8165671208491,33.3029254076209,-14.187135810423,1
TCGA-64-5775-01A,34.3027462863271,39.3412273467815,-26.3349660900624,1
TCGA-64-5778-01A,32.9656956956178,38.1389797612134,-27.0411026904443,1
TCGA-64-5779-01A,36.1630622587494,32.5150117271937,-17.3093545648819,1
TCGA-67-3774-01A,35.7155852639951,33.083423802844,-9.73707422010515,1
TCGA-69-8255-01A,36.0881214168882,31.3089665023486,-18.3322582457095,1
TCGA-73-4666-01A,35.9642626730202,33.4456153976841,-20.2037905891416,1
TCGA-73-7499-01A,31.295880449091,32.2627311423184,-23.2505548704661,1
TCGA-73-A9RS-01A,31.6784873800678,34.0197924036375,-19.9516538067593,1
TCGA-75-5122-01A,38.1317533224475,32.0554386008863,-10.9663752699547,1
TCGA-75-5125-01A,38.7229455681611,32.2513582690608,-15.4623817653183,1
TCGA-75-5126-01A,31.7707963600231,32.8925157165364,-17.8792979261377,1
TCGA-75-5147-01A,28.5881654546784,33.0867048280053,-24.4130999316092,1
TCGA-75-6207-01A,34.9697773935576,31.1085872222759,-17.1668626995555,1
TCGA-75-6211-01A,40.1339159665978,32.5924257769168,-17.0285739552935,1
TCGA-75-7031-01A,34.5191383318053,29.0643184244827,-17.3313958874773,1
TCGA-78-7143-01A,29.5523620819302,31.5400376476065,-25.6041767205831,1
TCGA-78-7146-01A,38.6033055650181,35.2543537639664,-18.5144571797336,1
TCGA-78-7147-01A,29.5835010459335,33.3398959392442,-25.0063273123463,1
TCGA-78-7153-01A,40.1400661171417,32.9751646965417,-14.283510472414,1
TCGA-78-7154-01A,34.434957191993,38.0658159917559,-24.0092626629334,1
TCGA-78-7155-01A,35.5788547168296,30.9533430991689,-19.6978810207036,1
TCGA-78-7535-01A,31.7280869352681,35.0962105887014,-27.2562318516467,1
TCGA-78-7536-01A,39.886346946737,32.7653727660412,-16.8371989101731,1
TCGA-78-8640-01A,35.5103471505984,33.7724303675701,-20.6750540035491,1
TCGA-80-5611-01A,31.7677489382408,32.2767976049718,-25.242615967449,1
TCGA-86-7953-01A,34.8745998506081,32.827111039301,-26.8975095317624,1
TCGA-86-7954-01A,38.3082608205203,30.91750066658,-11.2266381294794,1
TCGA-86-7955-01A,33.5585049597722,29.1238808682356,-26.8462817827805,1
TCGA-86-8075-01A,27.9742395706837,33.8745453346298,-26.2155813268098,1
TCGA-86-8358-01A,30.9081622640117,31.0818413739536,-24.7017830532211,1
TCGA-86-8672-01A,31.3647082373147,39.0267728424359,-29.502457422767,1
TCGA-86-8673-01A,30.9919646637553,34.2344927753633,-25.4088719629924,1
TCGA-86-A4D0-01A,40.1960701151658,32.9115426424216,-15.6147790856713,1
TCGA-91-6829-01A,29.4976324509651,36.7152212641828,-25.678149391659,1
TCGA-91-6847-01A,29.697660895438,36.7259254260607,-25.6505955569879,1
TCGA-91-6848-01A,34.0257823913115,37.2984326436678,-23.0220337463412,1
TCGA-91-8499-01A,35.4134459915459,31.1228755635008,-18.0974807618706,1
TCGA-91-A4BC-01A,32.5188558992712,28.9492075937305,-26.7562380396757,1
TCGA-93-A4JN-01A,30.5071074801152,29.3621861333005,-25.2110271694649,1
TCGA-93-A4JP-01A,30.7465454486256,27.4184659421268,-25.1006132906241,1
TCGA-95-7562-01A,30.2200317030718,30.8330942347272,-25.494319421801,1
TCGA-95-7944-01A,33.901132314628,39.1673178799256,-26.6373435367644,1
TCGA-95-7947-01A,30.1743311811316,36.7451489098976,-25.6535267717273,1
TCGA-95-8494-01A,37.8517770859022,31.9602980170247,-14.4750858870047,1
TCGA-L4-A4E5-01A,26.5384923334429,32.3640489124344,-25.3003131004937,1
TCGA-L9-A5IP-01A,31.3126684601334,39.0068729524016,-29.4343538912511,1
TCGA-MN-A4N4-01A,27.1414843736716,32.4723331956499,-23.5703713996379,1
TCGA-MN-A4N5-01A,38.4675808508706,32.2619050011286,-10.9426165516055,1
TCGA-MP-A4TA-01A,34.048709599467,29.3540756042782,-26.8258699186463,1
TCGA-05-4244-01A,-45.3775797859598,-54.6281498383582,46.227460289631,2
TCGA-05-4396-01A,-37.1434125522758,-61.6238572480475,58.8668958281463,2
TCGA-05-4405-01A,-47.7680838579192,-55.3040307533627,48.2215987683083,2
TCGA-05-4410-01A,-46.247198904146,-60.6843920734593,56.7896512895332,2
TCGA-05-4433-01A,-43.0570037968879,-57.0736972298833,49.8055137199766,2
TCGA-05-5428-01A,-36.8471962720069,-61.786194651719,58.9517952376288,2
TCGA-44-2656-01A,-40.8491814238995,-62.8838127942218,56.4670307470992,2
TCGA-44-2656-01B,-34.184734281186,-57.6632694082268,54.8425505565207,2
TCGA-44-2659-01A,-45.6293019811628,-55.3317863300746,55.2659184689723,2
TCGA-44-2662-01B,-27.6136240752615,-57.1902295628096,54.9059596572247,2
TCGA-44-2666-01B,-28.7938546413472,-57.2069593410716,56.2412438211454,2
TCGA-44-2668-01B,-28.5343276661117,-56.9416089481264,54.9843633284137,2
TCGA-44-3917-01B,-31.7856361200833,-58.0115988135638,54.3009626421573,2
TCGA-44-3918-01B,-32.1954567524831,-56.9189944676912,55.0857780602914,2
TCGA-44-4112-01B,-33.43511721456,-57.3839106701475,54.9536591611602,2
TCGA-44-5644-01A,-46.0662481146498,-61.8478114496748,50.6327406017389,2
TCGA-44-5645-01A,-32.5607331794033,-55.433335074197,55.2336916953984,2
TCGA-44-5645-01B,-31.6808789187682,-56.4654457193933,55.2876228309173,2
TCGA-44-6145-01A,-40.6170364717482,-57.2358518448909,51.8273785147412,2
TCGA-44-6146-01B,-30.0061714388514,-57.2023620698514,53.9609939377335,2
TCGA-44-6147-01B,-28.2477294731979,-56.9526539010278,55.8898183320279,2
TCGA-44-6774-01A,-48.629556319725,-55.279819428482,47.7543706945788,2
TCGA-44-6775-01C,-27.8620194778774,-56.9270848823754,55.1848557267386,2
TCGA-44-6777-01A,-43.9565961323203,-50.7962721903851,45.7116330195009,2
TCGA-44-7659-01A,-44.8404767286613,-53.6342367192261,55.6397789144071,2
TCGA-44-7662-01A,-47.13971507032,-58.3331153366495,50.2722927924075,2
TCGA-44-7667-01A,-42.6199355831306,-64.1524463052647,51.5739618110871,2
TCGA-44-8117-01A,-46.8557226841802,-60.2531665884472,54.7287078153769,2
TCGA-44-8119-01A,-47.582409697581,-60.4004385900304,52.2514668188373,2
TCGA-44-A47A-01A,-45.4807861341964,-60.3875484588455,57.8146367422264,2
TCGA-44-A47B-01A,-41.9138160891592,-63.3173583158489,55.5699114192256,2
TCGA-49-AAR4-01A,-47.402856390785,-63.985691843233,55.1372928241472,2
TCGA-50-5932-01A,-45.446505994356,-53.1310810575423,52.8410837674067,2
TCGA-50-5933-01A,-45.2352354498778,-53.8315318308421,46.2984082635325,2
TCGA-50-5941-01A,-46.1344865400288,-55.8408906481836,54.2311975172465,2
TCGA-50-5946-01A,-42.2932400841525,-64.223165732413,51.9784523245948,2
TCGA-50-6593-01A,-47.2786856350531,-56.3054904945927,50.9534096687111,2
TCGA-50-6594-01A,-40.7245848910579,-64.4656733963599,51.5882263406303,2
TCGA-50-7109-01A,-47.3375997144634,-63.5852182399268,55.476864579419,2
TCGA-50-8460-01A,-44.6468159780753,-53.2109338931909,56.3107358701637,2
TCGA-55-6642-01A,-40.0300076268718,-63.8827615139884,57.2829477541941,2
TCGA-55-6712-01A,-46.7579955956669,-59.863720569931,55.0489736110188,2
TCGA-55-6978-01A,-47.8431553633177,-60.6885620731736,54.1236351890663,2
TCGA-55-6981-01A,-44.2002137334166,-57.8703156718136,50.057096338797,2
TCGA-55-6984-01A,-43.8749176312858,-56.8480247015285,45.672239474392,2
TCGA-55-6985-01A,-42.408077666868,-52.229769658388,45.3160695008511,2
TCGA-55-7227-01A,-46.8154511951954,-55.9340288314409,51.6835121582888,2
TCGA-55-7281-01A,-42.3046437415047,-54.3813858263345,45.3193696487794,2
TCGA-55-7283-01A,-46.9725564247302,-54.575069370644,48.9611393513477,2
TCGA-55-7570-01A,-38.1482498813378,-63.9543746416281,51.354439819326,2
TCGA-55-7573-01A,-42.4540877832592,-55.8235869813035,57.8485901466873,2
TCGA-55-7574-01A,-42.4974161057981,-50.4638704129345,45.1289974887304,2
TCGA-55-7576-01A,-47.3579022166138,-58.1832909749405,52.8841723062435,2
TCGA-55-7724-01A,-29.6628081851248,-57.2511004715724,54.0011946939435,2
TCGA-55-7725-01A,-39.4192488900699,-61.6513674339879,58.1079426011929,2
TCGA-55-7726-01A,-45.3781354797203,-53.4380254271089,46.5035499089126,2
TCGA-55-7903-01A,-47.36150893772,-60.7259309398589,53.748750040257,2
TCGA-55-7907-01A,-45.2626081847932,-60.1277429279691,53.8913694179979,2
TCGA-55-7910-01A,-44.1455423869618,-62.9432461439127,54.2287002717402,2
TCGA-55-7911-01A,-47.7299342345837,-61.7790966072725,54.821325891679,2
TCGA-55-7913-01B,-41.3307056228765,-64.3400975953009,51.8854319129897,2
TCGA-55-7914-01A,-43.1886541768825,-55.5446252888826,57.9760744160861,2
TCGA-55-7994-01A,-38.7223485765761,-61.6634901592293,57.0159091059793,2
TCGA-55-8089-01A,-34.8308076926882,-58.3396492101258,54.3960643680167,2
TCGA-55-8090-01A,-46.2909722877595,-55.242904792144,47.3444117540168,2
TCGA-55-8092-01A,-38.9466536490704,-61.8842341030986,57.1938473514236,2
TCGA-55-8094-01A,-47.8072328442179,-58.0536716069531,49.6773283258959,2
TCGA-55-8203-01A,-49.8540206253237,-58.3203973281626,51.4717818835624,2
TCGA-55-8207-01A,-41.5365777609189,-52.8030679832803,46.1879854850283,2
TCGA-55-8299-01A,-30.2921186631954,-57.0027277547744,53.5472073891612,2
TCGA-55-8302-01A,-47.3576758570763,-57.8751548750301,51.1127527219784,2
TCGA-55-8506-01A,-47.6436666021153,-58.3344945976831,51.7755855132913,2
TCGA-55-8510-01A,-42.9675239601192,-57.1759236817609,49.6642389336038,2
TCGA-55-8514-01A,-43.9884916703377,-55.7396728446653,57.9365064892633,2
TCGA-55-8616-01A,-44.8614776451107,-54.2201455243536,56.0578490483533,2
TCGA-55-8621-01A,-46.3007575315215,-54.7549114206732,54.4476851963115,2
TCGA-55-A48X-01A,-41.967271580799,-56.1076558676808,48.9505664554353,2
TCGA-55-A494-01A,-47.5727052303821,-61.871546362233,54.9316902200503,2
TCGA-55-A4DG-01A,-46.1375735222579,-60.7247528443601,55.65615914559,2
TCGA-62-8402-01A,-43.5334789434518,-64.1780902136208,50.9119903364786,2
TCGA-62-A46P-01A,-49.6666191822788,-57.8535287171346,51.820584306093,2
TCGA-62-A46R-01A,-46.3859357057724,-60.7996331761895,56.5254976906428,2
TCGA-62-A46Y-01A,-46.1476295375039,-56.0863788395722,54.2141628851066,2
TCGA-62-A472-01A,-42.9440731926522,-61.9096245060002,56.2189672982839,2
TCGA-64-1679-01A,-42.9871721889971,-50.9599017515646,44.7123138069987,2
TCGA-64-5774-01A,-47.0096777475802,-61.2507793456562,53.0860371237046,2
TCGA-67-6215-01A,-46.5544451442187,-55.7191882654974,47.3133807105001,2
TCGA-67-6217-01A,-45.6212788551461,-53.470213809253,53.1687931810237,2
TCGA-69-7760-01A,-45.3874215318782,-62.5757218035764,51.4831402299057,2
TCGA-69-7763-01A,-46.9501011008674,-55.1333967333799,50.1311689403621,2
TCGA-69-7765-01A,-41.1998286263621,-62.3869162752385,57.237291325919,2
TCGA-69-7973-01A,-43.1339571483125,-63.2006144586386,54.7360373838269,2
TCGA-69-7974-01A,-46.0234625357027,-55.8340729982882,47.0047224615037,2
TCGA-69-7978-01A,-46.9049112907827,-59.4200704253689,49.2327832971935,2
TCGA-69-7979-01A,-47.6233164163807,-58.616179339416,50.1622736051021,2
TCGA-69-8253-01A,-42.8481044079307,-53.8404319681119,45.2677253176182,2
TCGA-69-8254-01A,-42.4556929984832,-56.2069860615553,45.0970530730789,2
TCGA-69-A59K-01A,-42.2918293167303,-62.8489367372308,57.8123485301744,2
TCGA-71-6725-01A,-46.4779854973801,-56.3631665656439,53.5566168160723,2
TCGA-73-4668-01A,-47.4997495341693,-56.2372201298305,50.1020828053743,2
TCGA-73-4675-01A,-32.7915771787913,-54.8704675071978,54.9919552539105,2
TCGA-73-4676-01A,-41.032974484301,-64.3822940384931,50.9762281474188,2
TCGA-75-6205-01A,-44.7608073172809,-52.2925801647033,46.3127208630466,2
TCGA-78-7148-01A,-44.8343563697111,-55.0745951451157,56.2628790840083,2
TCGA-78-7152-01A,-41.1637744442922,-62.3095175647111,57.4245658029971,2
TCGA-78-7158-01A,-43.4642669728177,-55.5177390782307,57.9815421833621,2
TCGA-78-7159-01A,-44.7742660248261,-62.7519276991593,54.0487526497365,2
TCGA-78-7160-01A,-41.1103048822869,-54.9996474329418,47.0901794993492,2
TCGA-78-7163-01A,-42.0878417843822,-54.2334033965461,44.8035779424638,2
TCGA-78-7537-01A,-40.7057946177616,-60.3492995494999,57.7359168682439,2
TCGA-78-7542-01A,-44.948297628647,-54.3339081468388,46.1269464129391,2
TCGA-78-8655-01A,-42.4968438027777,-50.140319364414,44.7217360568115,2
TCGA-78-8660-01A,-44.4475148426203,-57.8429035372194,58.8174511732892,2
TCGA-83-5908-01A,-47.8013301956002,-58.7223865173078,49.4514742439991,2
TCGA-86-6851-01A,-47.3331357683545,-62.6754391301286,55.6379666801578,2
TCGA-86-7701-01A,-39.9745276708488,-63.8406862539842,57.1083334728715,2
TCGA-86-7711-01A,-46.9176666002115,-53.0131985401763,45.8344010679743,2
TCGA-86-7713-01A,-44.4440881195517,-57.9677460379463,58.8566253809159,2
TCGA-86-8054-01A,-47.4689772870975,-57.1027698818196,49.7662370894871,2
TCGA-86-8055-01A,-42.6594822100615,-52.9489765076785,45.3520509475159,2
TCGA-86-8056-01A,-48.1288576807967,-55.8955840827298,48.8267793867749,2
TCGA-86-8278-01A,-43.2434185857678,-50.6298560194102,44.1950811927112,2
TCGA-86-8279-01A,-44.7151264658458,-54.6714545024837,56.7719140201277,2
TCGA-86-8585-01A,-35.3541217574254,-59.195807848246,53.7204891900427,2
TCGA-86-8668-01A,-32.6454637891684,-55.5237507554186,55.6745053002359,2
TCGA-91-6831-01A,-47.6718834221871,-58.778645644021,52.0751455139519,2
TCGA-91-6836-01A,-45.9122433558858,-62.0341814455401,51.1478794242441,2
TCGA-91-7771-01A,-28.897853558976,-57.3813476392651,57.1347148592603,2
TCGA-93-7347-01A,-41.0355345972059,-59.5873864863319,57.7752142950587,2
TCGA-93-8067-01A,-43.6639090826007,-54.1216121182988,45.253620130642,2
TCGA-93-A4JO-01A,-46.0892805931629,-56.5239104083763,52.9587892106839,2
TCGA-95-7039-01A,-47.5837925173287,-56.6731342103656,50.747774442349,2
TCGA-95-7567-01A,-45.9082704410929,-60.2164242013086,54.8066530762725,2
TCGA-95-A4VK-01A,-45.2666057097962,-52.9215400891915,52.6144981910949,2
TCGA-97-7547-01A,-39.9436915148448,-61.5588449982049,58.4019164446635,2
TCGA-97-7554-01A,-45.8781260858012,-54.4754544798342,47.1058134288903,2
TCGA-97-7937-01A,-47.0370524435303,-57.9015788174703,53.5056700031445,2
TCGA-97-8172-01A,-38.2925285736031,-59.788037343775,59.2971002537108,2
TCGA-97-A4LX-01A,-28.0487774255339,-56.96199837006,56.7385256988695,2
TCGA-97-A4M0-01A,-38.2707289630075,-59.7947486675272,59.2574362709624,2
TCGA-97-A4M5-01A,-42.285411175805,-56.33392510519,44.9876901678899,2
TCGA-99-7458-01A,-46.7133341327963,-59.0744582807132,54.9449073292143,2
TCGA-99-8025-01A,-46.1774057539713,-56.6687937157742,47.0952389120679,2
TCGA-J2-A4AD-01A,-45.6941206221401,-58.2566515895522,49.8461776118271,2
TCGA-L9-A444-01A,-41.6377377805332,-54.2839726690819,46.2138005216657,2
TCGA-L9-A50W-01A,-44.9406059597914,-54.6201144419284,56.3381646599173,2
TCGA-L9-A8F4-01A,-48.1810177267347,-59.7864333000006,53.193394065356,2
TCGA-MN-A4N1-01A,-45.0491933751392,-54.1503725692124,45.2767097275687,2
TCGA-MP-A4SV-01A,-26.6688300496843,-56.369136235959,55.9063349053873,2
TCGA-MP-A4T4-01A,-35.4515847847318,-59.586603764388,53.2442991391357,2
TCGA-MP-A4T6-01A,-42.3565650616661,-49.9843766239833,44.5214475903908,2
TCGA-MP-A4TC-01A,-43.9504605203092,-58.2562224457081,50.0472198274944,2
TCGA-MP-A4TF-01A,-46.2294910981679,-55.1174685167783,47.3153400698966,2
TCGA-MP-A4TH-01A,-46.0125593179977,-54.6605280034414,54.7199612286149,2
TCGA-MP-A4TK-01A,-43.7257905099913,-64.3174428095802,50.6000812204766,2
TCGA-NJ-A4YI-01A,-45.7121076906857,-58.1420081037619,55.8090157383392,2
TCGA-NJ-A4YP-01A,-41.4836739370444,-62.9449335199807,57.9368695981072,2
TCGA-NJ-A4YQ-01A,-40.3268782914385,-63.4710968850101,56.7405664720126,2
TCGA-NJ-A7XG-01A,-40.5651822271865,-52.146313247289,46.8091229192488,2
TCGA-05-4249-01A,16.7635958140825,20.2158409922889,-19.4647118178315,3
TCGA-05-4415-01A,27.818778662017,22.3407054718146,-21.4999523004621,3
TCGA-05-4422-01A,17.9080554010139,21.2328828198385,-21.2366531821092,3
TCGA-35-3615-01A,29.5545019919166,19.3865894567514,-17.5287278149578,3
TCGA-38-6178-01A,26.0547765489275,17.1481752810587,-16.3998860791366,3
TCGA-44-2661-01A,15.6997876174756,21.8775856405515,-20.230356604783,3
TCGA-44-6147-01A,16.1545594423585,19.004175628565,-18.7875102546873,3
TCGA-44-8120-01A,20.7008096083185,12.7841863672087,-14.1654098979485,3
TCGA-49-4486-01A,26.2382648560983,18.0519685343792,-19.5078334344391,3
TCGA-49-4507-01A,26.7347992299038,20.5591405439407,-21.0728290495139,3
TCGA-49-4510-01A,26.653357381945,17.9367160438833,-17.0552225766681,3
TCGA-49-4514-01A,26.1850226409612,18.8854338966148,-16.2842174715123,3
TCGA-49-6742-01A,25.9946425803528,17.8022745651198,-18.3482787165907,3
TCGA-49-6744-01A,14.9500148626779,17.8308101691154,-19.4884462043398,3
TCGA-49-AAR0-01A,30.0719245281613,19.7964658024461,-17.2468956121377,3
TCGA-50-5049-01A,15.9083742755486,22.7333096330724,-19.8792159506288,3
TCGA-50-5068-01A,16.2026995057248,23.0868667144884,-19.7582421949954,3
TCGA-50-5935-01A,24.1889381097144,15.4841807854484,-21.6427739406852,3
TCGA-50-5936-01A,25.8888614937178,17.1332814008121,-18.5267400464791,3
TCGA-50-5942-01A,21.1281798636737,17.004210006829,-10.7220571401822,3
TCGA-50-5944-01A,21.1153137749715,15.5167967767805,-10.3537584899402,3
TCGA-50-6597-01A,19.6208429162165,12.1427669875539,-13.9314214369982,3
TCGA-50-6673-01A,23.2900606241663,19.7447764236582,-21.7883099672399,3
TCGA-50-8457-01A,14.8401300999126,21.2735411291017,-19.9036364226987,3
TCGA-53-7624-01A,26.7575757105164,19.1358006980328,-17.7076950307479,3
TCGA-55-6972-01A,18.8496280226953,20.4117145176853,-18.6564026664618,3
TCGA-55-6987-01A,16.0042467434463,21.0992958471287,-22.4498472050111,3
TCGA-55-7816-01A,16.4117758021609,20.5015137186074,-22.5043875381729,3
TCGA-55-8085-01A,26.8368537208577,20.4148472375215,-16.5923566266856,3
TCGA-55-8087-01A,19.4811552059097,21.2703106261281,-14.671467704641,3
TCGA-55-8097-01A,20.7200235739821,13.8805861959943,-14.0037706849187,3
TCGA-55-8206-01A,20.9454874761168,13.602254851017,-15.6526415441813,3
TCGA-55-8619-01A,14.9605789790306,17.2364499125539,-18.8431344277214,3
TCGA-55-A48Y-01A,22.7437405237736,18.0134917453372,-11.4550579398978,3
TCGA-55-A492-01A,25.8114120066666,16.5381272222158,-19.5864444427243,3
TCGA-62-8395-01A,20.3962379571774,13.9157963129701,-15.338407318772,3
TCGA-62-8397-01A,20.7355726030974,14.7013408955138,-11.9360386354789,3
TCGA-62-8398-01A,24.2527081866632,15.3216900115507,-21.0041247757518,3
TCGA-62-A46O-01A,26.7015367457945,19.3457674823564,-17.666839550934,3
TCGA-62-A46S-01A,24.0357820408577,14.9610229164841,-19.5429843031668,3
TCGA-62-A470-01A,18.6520849052106,20.6526846078064,-18.710505603585,3
TCGA-62-A471-01A,26.7060239652532,21.1577673904245,-21.9272104485094,3
TCGA-64-1680-01A,24.2141950905015,19.6450030553824,-21.4028333377571,3
TCGA-64-1681-01A,20.277324794684,13.4401956350021,-15.6202775735278,3
TCGA-67-3770-01A,26.2101162999702,18.7052920847853,-20.0267355013292,3
TCGA-67-3771-01A,27.7787793962865,22.269617577944,-21.455296395609,3
TCGA-67-3773-01A,25.8424077907833,16.9451135520779,-19.2451411450491,3
TCGA-67-4679-01B,21.135166867449,15.7905329285489,-10.4464691432274,3
TCGA-69-7761-01A,15.2482121471185,21.216857073671,-23.296245553969,3
TCGA-69-7980-01A,27.1511122374281,18.0944160909816,-17.1597621570149,3
TCGA-73-7498-01A,20.7052784194515,13.4187929630243,-14.0783025831586,3
TCGA-75-5146-01A,21.5159261012069,16.8105189046509,-10.9256357580657,3
TCGA-75-6203-01A,14.7011639407244,16.7027449330064,-18.6585976741418,3
TCGA-75-6206-01A,21.4864403836888,16.2832868125414,-15.4614913593604,3
TCGA-75-7025-01A,15.1909877026908,17.9983943651783,-19.0420470934445,3
TCGA-78-7145-01A,20.4591483662675,13.2297334504575,-14.7353474136479,3
TCGA-78-7149-01A,26.38135554706,16.6177941722923,-20.2143971362907,3
TCGA-78-7150-01A,21.7966952136669,14.6097536024052,-10.1632948854135,3
TCGA-78-7156-01A,18.6156238285886,20.3645798808722,-18.6935499550204,3
TCGA-78-7162-01A,25.6766510497703,16.8591632903129,-18.9704887233402,3
TCGA-78-7167-01A,21.1442632732008,16.7665876839934,-11.1451190184574,3
TCGA-78-7220-01A,21.7441004506305,14.9204105495371,-10.2273473881088,3
TCGA-78-7539-01A,19.0565997837251,11.8085564148155,-13.9238272051222,3
TCGA-78-7633-01A,22.2404967427072,16.929200591385,-15.2410434627531,3
TCGA-78-8662-01A,26.412753947502,18.3211429846932,-18.8965347117336,3
TCGA-86-8073-01A,26.07766799441,19.8706004622458,-15.5869506404733,3
TCGA-86-8076-01A,15.4496270948564,21.4932781963229,-20.7429921209397,3
TCGA-86-8280-01A,21.7711601934668,16.8050738088777,-15.2289443165059,3
TCGA-86-8281-01A,21.4894218310347,12.0111732389318,-14.2410184794021,3
TCGA-86-8669-01A,19.4478913448806,21.2532083723729,-14.7356148272871,3
TCGA-86-8671-01A,16.1609497202875,21.0319567501913,-22.385725512797,3
TCGA-86-8674-01A,24.9385599659517,13.783635848727,-20.6402696082145,3
TCGA-86-A4JF-01A,17.2358707605936,22.797581997069,-20.1337909518168,3
TCGA-86-A4P7-01A,15.4800867305388,18.3684932341775,-18.2712742272745,3
TCGA-86-A4P8-01A,15.814063387081,19.3464516368957,-19.8185249843998,3
TCGA-91-6830-01A,23.9574040313319,14.8857010763482,-20.1264607348148,3
TCGA-91-6840-01A,26.5017536451155,19.6612223954804,-16.3850247005718,3
TCGA-91-8496-01A,18.0609544626393,21.1162893354097,-20.5998008613736,3
TCGA-91-8497-01A,16.9834108739232,19.4455527621877,-18.9535942213796,3
TCGA-91-A4BD-01A,21.1010142776079,14.8087493828687,-14.607044117171,3
TCGA-95-7043-01A,26.1029300377876,20.9166665210621,-15.4718737182446,3
TCGA-97-8171-01A,22.3546859249585,17.3915326836561,-11.0613737422039,3
TCGA-97-8176-01A,24.3099276808932,14.7396894392454,-20.7059582754811,3
TCGA-97-8179-01A,26.1598597622788,18.5866216338561,-16.4658623697341,3
TCGA-97-8552-01A,21.2934028843494,16.1136159342851,-15.4381621551858,3
TCGA-97-A4M1-01A,21.0728115576552,15.7425344301694,-10.4461374716239,3
TCGA-97-A4M3-01A,24.4648970764442,14.1927552027037,-20.5066284306022,3
TCGA-97-A4M6-01A,26.3034842477807,19.8051990831416,-20.7498347796064,3
TCGA-99-8033-01A,20.6109177241685,15.3274820601798,-9.73629606697356,3
TCGA-99-AA5R-01A,15.4709986008978,18.8176639666912,-19.5327418402964,3
TCGA-L9-A7SV-01A,26.6656801801559,20.2314121827182,-16.2488685674841,3
TCGA-MP-A4T8-01A,25.8821943195645,16.9608114830155,-16.492155560074,3
TCGA-MP-A5C7-01A,21.1811296688819,18.2998329319225,-15.472426117259,3
TCGA-NJ-A4YG-01A,13.383331386649,21.2786387961427,-20.5143891417294,3
TCGA-NJ-A55A-01A,14.7891867307407,19.6829967214745,-18.7511258883061,3
TCGA-O1-A52J-01A,30.5799237529629,20.0335638266616,-17.0164171303848,3
TCGA-05-4250-01A,-4.40464529020969,29.8903960639957,-24.6816717324195,4
TCGA-05-4382-01A,-4.93884371456933,29.6854005170991,-24.5361227896705,4
TCGA-05-4384-01A,0.391122002863604,19.7803279369372,-21.0502309860474,4
TCGA-05-4402-01A,-0.795967321581949,20.9792002419226,-26.5358218310046,4
TCGA-05-4403-01A,1.96452387586258,20.9966645149552,-33.0345379848987,4
TCGA-05-4417-01A,7.38046075638598,24.1464179071236,-29.9704071375287,4
TCGA-05-4418-01A,10.7633179944521,20.6082550320547,-32.0416251013499,4
TCGA-05-4425-01A,0.413549356829167,21.5145522897138,-35.0339910993348,4
TCGA-05-4426-01A,-2.78365852897578,26.2761332495815,-25.8265169937617,4
TCGA-05-4430-01A,9.56982849619818,21.265275906026,-34.0106852106831,4
TCGA-05-4434-01A,12.963748360172,20.6894460355365,-34.2540438675657,4
TCGA-05-5429-01A,5.06336855997679,21.8638217383485,-31.9316795385191,4
TCGA-05-5715-01A,-3.36141565491022,26.1478156631175,-23.5279357915604,4
TCGA-38-4626-01A,2.16073077701141,21.3266192234072,-33.4867413974009,4
TCGA-38-4627-01A,6.21021270038996,22.1504844691998,-31.9356097994161,4
TCGA-38-4629-01A,-1.52404825477563,29.2234931035874,-26.7484490638186,4
TCGA-38-7271-01A,5.00485590114588,19.5711016364059,-27.5615439692437,4
TCGA-38-A44F-01A,0.378162212755112,22.3289529212476,-27.9225399439346,4
TCGA-44-2655-01A,1.68269618017584,20.3966120699574,-34.6389750202088,4
TCGA-44-2665-01A,8.71942064909,22.0265685774056,-33.5138531962253,4
TCGA-44-2666-01A,4.91069955044839,23.1876957736678,-31.9378881732646,4
TCGA-44-2668-01A,-2.76403214650586,30.3361762146428,-25.0195688812567,4
TCGA-44-3398-01A,6.38267827207328,22.0716783530305,-32.5567729970874,4
TCGA-44-3918-01A,8.14028759555519,24.4897885744921,-29.0069915029447,4
TCGA-44-4112-01A,7.85298673720688,22.8114987775108,-29.5314777599626,4
TCGA-44-6146-01A,2.69431502204043,19.1643367639257,-22.0150291405586,4
TCGA-44-6148-01A,0.127112408055636,23.2161268692974,-28.5351191136883,4
TCGA-44-6776-01A,-1.43926243178665,20.575523309393,-19.4772108750454,4
TCGA-44-7661-01A,-5.72620969207079,29.4887173498538,-25.185865994488,4
TCGA-44-7671-01A,0.542740215712138,18.58734799598,-36.19516385275,4
TCGA-44-A47G-01A,3.03270385020387,19.203132491347,-23.5409047319503,4
TCGA-44-A4SU-01A,-0.625134731594003,21.7133008145093,-26.3736062401918,4
TCGA-49-4488-01A,0.0111999758029626,20.2858598239675,-34.1421931983791,4
TCGA-49-4490-01A,-1.27797623741011,20.3989524071168,-19.0671905355718,4
TCGA-49-4494-01A,-4.08011077133216,27.2991718913038,-24.3981218586479,4
TCGA-49-4501-01A,6.77513245575615,18.2388161988728,-33.3513524462777,4
TCGA-49-4505-01A,-1.04403045577808,22.1512218781589,-33.0582483176332,4
TCGA-49-4506-01A,9.82336394664708,20.3480558676769,-31.5191516988697,4
TCGA-49-4512-01A,-2.4632647363955,21.3603275288036,-19.8500259260007,4
TCGA-49-6745-01A,-1.54264327058149,29.5679998634785,-26.6213318487022,4
TCGA-49-6761-01A,-3.83246209880787,27.0785904589756,-24.8237998916928,4
TCGA-49-AAR3-01A,-3.7441077768675,33.7717569741192,-22.9307392608501,4
TCGA-49-AAR9-01A,-6.02834697318578,30.0974077955775,-25.0558752019996,4
TCGA-49-AARR-01A,3.19105342377612,21.3609070330134,-32.0964370024737,4
TCGA-50-5044-01A,-1.58058269485834,25.5084841302618,-28.2761414186529,4
TCGA-50-5045-01A,7.981993708314,22.2332086630373,-30.156086926293,4
TCGA-50-5072-01A,13.0668256464783,20.6583243142312,-34.3524114189739,4
TCGA-50-5930-01A,9.05508831903935,18.2526408664606,-28.5246784830945,4
TCGA-50-6592-01A,8.39832310435088,23.9976235721283,-33.84051966399,4
TCGA-50-6595-01A,-5.20134181553191,29.7107833595129,-24.3875916135289,4
TCGA-50-8459-01A,3.91122364839323,19.8185160909278,-34.2474312212582,4
TCGA-53-7626-01A,2.80382731667445,19.1116818822931,-21.9789624471137,4
TCGA-55-6543-01A,-4.07021720130817,24.1756972241375,-21.6310673754919,4
TCGA-55-6970-01A,-1.80526555893046,21.1893914443071,-21.5115078306409,4
TCGA-55-6975-01A,-3.1979611494184,21.3500672500004,-20.4389172361972,4
TCGA-55-6980-01A,8.00513604466833,17.7957106466044,-33.7520602519441,4
TCGA-55-6983-01A,5.21329324585276,22.3655023436056,-31.4523083225475,4
TCGA-55-6986-01A,-1.08910161809613,20.2548241817249,-18.866386727141,4
TCGA-55-7284-01B,2.60953618832618,21.2218264845543,-33.3042648340988,4
TCGA-55-7728-01A,3.6850142725168,21.1367415514936,-34.9586518564809,4
TCGA-55-8091-01A,3.06858383758271,22.9342220264855,-30.4245038745661,4
TCGA-55-8204-01A,6.27926574735105,23.8035343536741,-30.6783950086123,4
TCGA-55-8505-01A,0.379720688011575,18.47870993786,-36.209827253295,4
TCGA-55-8508-01A,5.86559824628443,22.2863447985873,-33.2632525378304,4
TCGA-55-8512-01A,-2.89741704214494,22.1338678705316,-21.0695705542624,4
TCGA-55-8513-01A,7.28049407058999,17.7380855678842,-31.8504485290283,4
TCGA-55-8615-01A,-3.73189536663677,27.4881368541206,-24.8209380457213,4
TCGA-55-A490-01A,-3.69868673154509,23.2599759885149,-21.058382670832,4
TCGA-55-A57B-01A,0.230060890754055,23.3744040778437,-28.9206398378074,4
TCGA-62-8399-01A,2.07366046603999,19.8087923033364,-36.7324838685393,4
TCGA-62-A46V-01A,-4.9184716307243,27.2295498384564,-22.6452308176937,4
TCGA-64-5781-01A,-6.88702833883766,30.6226491743083,-25.1295603336019,4
TCGA-64-5815-01A,-1.10473747766327,26.0846890086227,-27.7516678548912,4
TCGA-67-3772-01A,9.67850891091928,20.5036873179309,-31.5229452321037,4
TCGA-67-6216-01A,3.83168510392062,19.7712625820445,-34.3185605307235,4
TCGA-69-7764-01A,-2.74972298574137,21.5740617867725,-19.2720170242309,4
TCGA-69-8453-01A,2.35186825147985,21.2125173326188,-33.1410576289534,4
TCGA-71-8520-01A,-4.04223364921018,25.6767758133724,-22.588531535931,4
TCGA-73-4658-01A,-1.57692015832042,26.3020601096595,-27.463441602039,4
TCGA-73-4659-01A,-2.93744892318093,33.305720006845,-22.2191794479668,4
TCGA-73-4662-01A,-1.06536686471704,21.410132565855,-25.2062063835804,4
TCGA-73-4670-01A,10.5156651819591,20.7737423878239,-33.0204470311462,4
TCGA-73-4677-01A,1.06381158929309,20.4015953500562,-34.5171341891896,4
TCGA-75-6212-01A,1.30816246639196,20.404751695138,-33.7526933913178,4
TCGA-75-6214-01A,-4.48883075736244,25.0315862641875,-22.3056452456375,4
TCGA-75-7027-01A,-5.28671278078042,25.7435582041391,-24.2889401956124,4
TCGA-75-7030-01A,1.38285121139818,22.5202162138561,-33.8238341667748,4
TCGA-78-7161-01A,1.25961344374354,19.1440225769691,-36.204838025437,4
TCGA-78-7166-01A,-1.89797947370149,20.9362696775974,-19.8184349448071,4
TCGA-78-7540-01A,-1.44415592689543,21.7511622696432,-24.0312565922572,4
TCGA-78-8648-01A,10.5218405075102,21.2898312743067,-31.0038520593016,4
TCGA-80-5607-01A,-1.63294774317939,25.7135773417717,-27.9206472089361,4
TCGA-80-5608-01A,13.0108210130974,20.6533104378794,-35.1269627565789,4
TCGA-86-6562-01A,-3.16571222939413,26.0924407997041,-23.8334269388235,4
TCGA-86-7714-01A,0.594493353359374,19.665396751365,-20.9900946075047,4
TCGA-86-8074-01A,6.28366231476063,22.1263800606102,-35.0254779953135,4
TCGA-86-8359-01A,-2.33411863837281,26.9052521692473,-26.828333004017,4
TCGA-86-A456-01A,0.880435128786147,21.1988125934379,-34.1515915506677,4
TCGA-91-6828-01A,5.20545793148905,21.7864949135946,-31.7609934081665,4
TCGA-91-6835-01A,10.8372796208544,21.3332167970644,-31.0373462883756,4
TCGA-91-6849-01A,2.2963343906933,20.6684653841942,-34.1332480348914,4
TCGA-93-7348-01A,3.44679680191931,21.7128956908186,-31.1708917358869,4
TCGA-93-A4JQ-01A,11.5616323225272,21.5895347225795,-30.4573056254047,4
TCGA-95-7948-01A,2.08401124199096,21.4641971925982,-30.791263548922,4
TCGA-95-8039-01A,-0.880689843453089,20.8272097988644,-26.1759005913855,4
TCGA-95-A4VN-01A,-1.95385080935411,26.0339406930602,-27.5787687100697,4
TCGA-95-A4VP-01A,5.52229788923235,22.0866644610274,-33.6080604413971,4
TCGA-97-7546-01A,6.64975695994397,16.5824711971172,-31.6766592368618,4
TCGA-97-7552-01A,5.32596495450512,19.623570627016,-26.9956359940022,4
TCGA-97-7553-01A,6.8463662332575,16.3154821711214,-31.6383878890456,4
TCGA-97-7938-01A,1.41941894111,21.1337697428454,-34.5412811523696,4
TCGA-97-7941-01A,2.74670455466153,19.1533937856601,-22.1368829120373,4
TCGA-97-8174-01A,-1.428909320435,21.4711016151501,-23.7501563142801,4
TCGA-97-8175-01A,-3.26539962762777,29.7086813375491,-24.709530855923,4
TCGA-97-8177-01A,9.90411195339263,21.3602188529697,-33.8007090546111,4
TCGA-97-8547-01A,-3.02186963449048,26.0318056747112,-25.5707676235272,4
TCGA-97-A4M2-01A,7.77591901471739,18.2066661793823,-31.9475350498324,4
TCGA-97-A4M7-01A,8.07343403997819,16.2624500416247,-31.5130540586365,4
TCGA-99-8028-01A,3.97350997231863,20.8327691679414,-29.0637676449106,4
TCGA-99-8032-01A,-3.02115223333979,33.354110624292,-22.3996423397867,4
TCGA-J2-8192-01A,0.261394044712332,22.515549451172,-27.9015985058563,4
TCGA-J2-8194-01A,1.53713743746741,19.7001561111402,-35.6506013741039,4
TCGA-J2-A4AE-01A,6.05195823761832,22.0128051394583,-35.0688004634964,4
TCGA-J2-A4AG-01A,4.13876679405481,20.1421847218476,-28.0747489194552,4
TCGA-L4-A4E6-01A,7.29163925485694,17.5299769666973,-31.7745480595221,4
TCGA-L9-A443-01A,-4.00885104521915,24.0647931341994,-21.505138671608,4
TCGA-L9-A743-01A,2.40799782866411,21.5442914699132,-30.7748332335079,4
TCGA-MP-A4SW-01A,9.42906294937109,18.3406318589547,-29.5216046537177,4
TCGA-MP-A4SY-01A,-3.33699348513936,26.6929845406831,-25.0030542299741,4
TCGA-MP-A4T7-01A,9.08695422585476,18.7040357798647,-30.6941743743483,4
TCGA-MP-A4T9-01A,-1.29333620550178,25.5696560839597,-28.71250149455,4
TCGA-MP-A4TD-01A,10.9570416035463,21.4905416177642,-33.6737694629057,4
TCGA-MP-A4TE-01A,-2.18538131003174,33.023459500964,-22.9769970706873,4
TCGA-MP-A4TI-01A,-1.64281532700077,29.68866733229,-26.4899964344297,4
TCGA-MP-A4TJ-01A,4.23486954395088,20.9787978223772,-29.3010395635648,4
TCGA-NJ-A4YF-01A,-1.95204574519944,33.0002545644414,-23.1146508754775,4
TCGA-NJ-A55O-01A,-1.53471310308714,21.4012815434636,-23.2428314508068,4
TCGA-NJ-A55R-01A,-4.86925772860348,27.0066785194662,-25.0639750972587,4
TCGA-S2-AA1A-01A,5.23063711571637,19.995052375537,-26.5141329236114,4
