Sample,X,Y,Z,Cluster
TCGA-05-4390-01A,-21.3628447899501,62.6583953476392,29.5046356552079,1
TCGA-05-4420-01A,-21.3168850260163,60.9292594836882,26.3144757871853,1
TCGA-05-4432-01A,-27.1325669909189,55.4154438119572,28.9835527811425,1
TCGA-44-5644-01A,-32.6120694211267,53.3443439867065,26.5268122552011,1
TCGA-44-7660-01A,-30.6038639949128,53.0813872215664,27.1959553795494,1
TCGA-44-7667-01A,-20.1926017728192,61.7250740168853,28.5173867139399,1
TCGA-44-8119-01A,-28.3636315119176,55.3943870149739,28.0365035491952,1
TCGA-44-A479-01A,-27.4548051663737,56.8897015475245,28.8317808728291,1
TCGA-49-4487-01A,-21.5281349999486,63.1551799387327,27.7282429904856,1
TCGA-50-7109-01A,-27.1405231671651,56.4926498525725,28.7647627144325,1
TCGA-53-7813-01A,-23.5412111138122,59.1384594669532,28.7473293664756,1
TCGA-53-A4EZ-01A,-31.1904037649132,53.1722035148201,27.0043710629658,1
TCGA-55-1594-01A,-26.8453415069549,54.4182079981816,29.4463711661175,1
TCGA-55-6642-01A,-21.4809446199042,63.3727201483033,27.5283747953537,1
TCGA-55-6971-01A,-22.131296633122,65.0390628599782,29.663204108546,1
TCGA-55-6983-01A,-24.7418247913261,61.1972019285836,29.2760593882741,1
TCGA-55-7724-01A,-30.1935746902058,54.3140910343923,27.3668396172009,1
TCGA-55-7910-01A,-22.3834413164793,65.2898566645944,25.4015920371637,1
TCGA-55-8094-01A,-21.190215775187,60.6601409174698,25.6784852757047,1
TCGA-55-8203-01A,-20.517935375754,62.3770678096046,28.7811290527227,1
TCGA-55-8507-01A,-27.2028612448243,55.7720879425441,28.6309994819622,1
TCGA-55-8508-01A,-23.2880159731355,59.7548764053824,28.7478283844817,1
TCGA-55-8615-01A,-21.5168264236661,63.4748045360549,27.750733773732,1
TCGA-55-A4DF-01A,-27.526747249591,57.4111300224369,28.9181824818638,1
TCGA-62-8399-01A,-19.5512778894813,62.3077005876179,29.7075472498915,1
TCGA-62-A46P-01A,-22.5707666095148,61.281687854432,26.4869058833833,1
TCGA-64-5774-01A,-21.1514360954043,61.3950537779864,28.3046371173638,1
TCGA-64-5779-01A,-27.735943299025,55.5945956985816,28.5954638077559,1
TCGA-69-7973-01A,-19.6997697348313,62.2955897978158,30.4398571477899,1
TCGA-73-4659-01A,-24.2250372547789,61.8851101698642,29.3694057388293,1
TCGA-73-A9RS-01A,-19.8239791492392,63.3199753176772,28.4073280288471,1
TCGA-75-6211-01A,-28.0587404110812,55.515819101673,28.3341194446087,1
TCGA-78-7155-01A,-20.1890879404936,62.4860712730762,28.8627870524214,1
TCGA-78-7159-01A,-24.1324513611877,59.3776279434987,28.6549010337426,1
TCGA-78-7536-01A,-23.1361197569698,59.7909343538665,28.7623230459001,1
TCGA-78-8662-01A,-24.8177833549516,58.6956957852831,28.4139370760983,1
TCGA-86-7701-01A,-32.3616018925053,53.3676531737093,26.6036208192872,1
TCGA-86-7713-01A,-18.4130474895468,61.1324285949317,27.8366160661406,1
TCGA-86-8054-01A,-18.9705924835026,61.4882957326159,27.8363896173488,1
TCGA-86-8279-01A,-19.0509190770363,62.1440970777244,27.0792969608369,1
TCGA-86-8359-01A,-19.8217904883292,62.3621819378636,29.1899696265429,1
TCGA-86-8669-01A,-27.0004377429519,54.9469193405539,29.1952907110598,1
TCGA-91-6828-01A,-30.4309109565238,52.7856654013837,27.2342249077607,1
TCGA-91-6829-01A,-22.385334105775,65.3008364088952,25.3948728173792,1
TCGA-91-6831-01A,-23.0293477325657,59.72275188029,28.7141671912945,1
TCGA-91-6840-01A,-25.781333115526,61.2510628763361,29.4729115455557,1
TCGA-91-A4BC-01A,-21.6225407599576,63.5097293101341,28.2792286372953,1
TCGA-L9-A7SV-01A,-19.7683140493139,62.0798794627977,29.2806671852945,1
TCGA-MP-A4TJ-01A,-22.149676452644,65.0707588303191,29.728431060702,1
TCGA-05-4250-01A,187.341269662985,-182.765879589824,-68.7757363777177,2
TCGA-05-4389-01A,184.681579164267,-183.11900275707,-76.0185537672692,2
TCGA-05-4395-01A,188.508382657734,-184.816459598122,-67.7738313673825,2
TCGA-05-4398-01A,184.404918628482,-181.740052526428,-66.638545468044,2
TCGA-05-4415-01A,189.542168480382,-183.473796662494,-70.885281622157,2
TCGA-05-4422-01A,190.785796929065,-188.462333022576,-69.3720973849135,2
TCGA-05-4427-01A,183.193296556991,-192.390349174363,-76.6488440136386,2
TCGA-05-4434-01A,193.994574953978,-182.154305305273,-69.1123329426639,2
TCGA-35-4123-01A,188.047807412221,-183.794432479598,-72.8232401245853,2
TCGA-38-4625-01A,187.201742786357,-182.53044846946,-68.6652197046796,2
TCGA-38-4630-01A,196.061659921576,-185.164624710373,-68.9100743254106,2
TCGA-38-7271-01A,192.2588787685,-189.327008876144,-65.5307848663417,2
TCGA-44-2656-01A,189.631706989677,-183.518972344267,-71.0156332457443,2
TCGA-44-2666-01A,191.662035165798,-186.807960071922,-69.3437198556257,2
TCGA-44-3917-01A,184.803240958483,-183.889003109487,-69.4095161126616,2
TCGA-44-5643-01A,196.582038974067,-185.13926459547,-68.924342056562,2
TCGA-44-6778-01A,194.156071265299,-184.324467760174,-71.7682420086038,2
TCGA-44-7661-01A,191.727007984899,-184.430397890793,-70.7673587237734,2
TCGA-44-7669-01A,196.003476580466,-185.902420967661,-73.300309630926,2
TCGA-44-7670-01A,196.209852287608,-181.624162933069,-66.3825489811435,2
TCGA-49-4505-01A,184.481593551734,-183.056818781163,-76.1882135542897,2
TCGA-49-6745-01A,190.996679655427,-184.321688506106,-70.7424164408659,2
TCGA-49-6761-01A,192.374245910412,-189.062984667685,-65.9012097737256,2
TCGA-49-6767-01A,195.039397964052,-180.406158666919,-66.5085836224316,2
TCGA-49-AAR0-01A,190.412276208591,-190.992118423138,-71.694568225895,2
TCGA-50-5931-01A,195.129502360023,-186.057233096819,-72.8116257246831,2
TCGA-50-5933-01A,191.582018251033,-185.25622108558,-69.5111209302584,2
TCGA-50-5936-01A,184.829754079216,-192.292737659269,-74.5130564318482,2
TCGA-50-5939-01A,194.853334661398,-186.321006006531,-70.7981193840317,2
TCGA-50-6590-01A,194.223232373743,-182.238147173558,-68.9737466590587,2
TCGA-50-6591-01A,189.084822651495,-190.343892973929,-66.7871874269037,2
TCGA-53-7626-01A,195.332697215431,-187.186029785429,-68.6502283679218,2
TCGA-55-5899-01A,192.019108288196,-184.906199782928,-69.3656902693358,2
TCGA-55-6984-01A,186.337486671809,-183.067640949233,-68.906643392881,2
TCGA-55-6986-01A,191.244768277138,-189.321548243604,-67.469681869134,2
TCGA-55-6987-01A,194.136806012548,-184.733364688819,-71.7268077859206,2
TCGA-55-7283-01A,191.003171571928,-189.049611125178,-67.9618780443832,2
TCGA-55-7570-01A,192.905450467298,-183.677721058318,-67.668752427752,2
TCGA-55-7576-01A,189.718572127485,-192.034682574037,-67.4569520142907,2
TCGA-55-7725-01A,188.932987035517,-181.677625238936,-71.5379300449429,2
TCGA-55-7903-01A,184.480344828046,-181.769410108604,-66.7858936991005,2
TCGA-55-7913-01B,192.617867574707,-181.564399132671,-64.6620237730587,2
TCGA-55-7914-01A,193.568245877127,-185.628987675261,-71.4176514732588,2
TCGA-55-7994-01A,185.386391562482,-187.109897235964,-70.323285068538,2
TCGA-55-8085-01A,187.80789060905,-184.040327543053,-73.9662164238677,2
TCGA-55-8204-01A,195.006024058992,-183.119488212197,-69.6626918778233,2
TCGA-55-8205-01A,195.083423807213,-181.155145470318,-67.6725639845875,2
TCGA-55-8299-01A,194.629384523572,-180.033717616658,-65.9145767315391,2
TCGA-55-8301-01A,193.036192535816,-188.929817113565,-73.7759660603723,2
TCGA-55-8512-01A,191.092622531266,-194.057932956746,-68.2574559703972,2
TCGA-55-8614-01A,195.896060058018,-183.677427954448,-69.4180468751297,2
TCGA-55-A490-01A,189.024390715606,-192.519128796245,-67.5007558346232,2
TCGA-55-A493-01A,196.054994678747,-181.592456197465,-66.4221487439981,2
TCGA-62-8398-01A,183.215975171485,-182.24823166973,-65.9762889747646,2
TCGA-62-8402-01A,184.384775502536,-183.014206999238,-76.2925737598135,2
TCGA-62-A46S-01A,185.952339731871,-189.761562276437,-71.528501090265,2
TCGA-62-A471-01A,187.238360845515,-184.68465341436,-66.2962321327309,2
TCGA-64-1677-01A,185.821094025368,-189.991733557944,-71.681746182717,2
TCGA-64-5775-01A,192.878459250243,-188.877506331145,-72.5204005130304,2
TCGA-64-5815-01A,188.792330080491,-181.320070041812,-71.7361879564534,2
TCGA-67-3771-01A,191.716776752455,-181.937203003097,-70.9690475366142,2
TCGA-69-7760-01A,185.754714415455,-182.862691442165,-68.7302263400328,2
TCGA-69-7765-01A,182.451813085924,-182.234809849018,-65.7101511145709,2
TCGA-69-7978-01A,195.551261704081,-181.227750250546,-66.9777207412878,2
TCGA-69-8255-01A,192.2984290451,-184.939801134923,-68.473946406855,2
TCGA-73-4658-01A,187.469695136597,-183.667851126169,-73.649299926966,2
TCGA-73-4668-01A,190.078872155619,-185.437659981595,-69.2861240529556,2
TCGA-75-5126-01A,187.918301521148,-184.381950190629,-68.8517456834385,2
TCGA-75-6205-01A,194.197506123919,-182.239217543734,-69.0028492083935,2
TCGA-75-6207-01A,185.682036813549,-188.290132137238,-70.8575361415119,2
TCGA-75-6214-01A,196.640150291409,-185.832639820677,-73.5846297191481,2
TCGA-75-7031-01A,192.45059165744,-189.854113260695,-72.4550706174684,2
TCGA-78-7145-01A,187.250549715958,-183.7087008187,-68.9868303725604,2
TCGA-78-7146-01A,194.363515740125,-186.059717753973,-71.6220236079754,2
TCGA-78-7150-01A,183.786231399912,-192.514111312975,-76.0269775038224,2
TCGA-78-7152-01A,190.627836770752,-189.793952274515,-67.5366227085641,2
TCGA-78-7153-01A,192.697693572971,-189.384052837046,-72.3888336008013,2
TCGA-78-7154-01A,186.953926008771,-181.968608859895,-67.9998536899899,2
TCGA-78-7158-01A,195.814395685258,-185.904857731177,-68.9339089474075,2
TCGA-78-8640-01A,183.980435614732,-192.509165048485,-75.7751022162047,2
TCGA-78-8660-01A,190.201860905681,-186.237393213716,-69.9144368434509,2
TCGA-86-7955-01A,185.728513015852,-188.882646882869,-71.1134307828504,2
TCGA-86-8076-01A,192.852564656198,-189.214782435976,-72.6125649277231,2
TCGA-86-8358-01A,195.1126113129,-182.270671854273,-66.0419239233118,2
TCGA-86-A456-01A,187.726532068848,-183.835215376894,-73.5570294409552,2
TCGA-86-A4D0-01A,196.690027159113,-185.820087450917,-73.5786537338492,2
TCGA-91-6836-01A,187.464007711682,-184.3502572571,-67.7827839701923,2
TCGA-91-6847-01A,189.521726247573,-179.412378336729,-71.5632996860997,2
TCGA-91-6848-01A,183.323970636519,-182.275101355767,-65.9804734030636,2
TCGA-91-6849-01A,189.455538762087,-184.949271557667,-69.2014818224779,2
TCGA-91-8499-01A,195.360512107072,-184.844904535421,-68.8929620605985,2
TCGA-93-A4JO-01A,192.104716038589,-193.178227290832,-67.3578594872213,2
TCGA-95-7562-01A,184.82994468483,-192.304148743571,-74.5461124631137,2
TCGA-95-7567-01A,184.91828830082,-183.202948921328,-75.8084688393937,2
TCGA-95-7948-01A,189.228098973593,-189.919009968355,-73.9331023335112,2
TCGA-95-8494-01A,189.915983847002,-188.240977707073,-69.9741414670904,2
TCGA-95-A4VN-01A,192.545346386852,-184.035902745518,-67.5055395814867,2
TCGA-97-7554-01A,185.031836303252,-191.844984044595,-73.6804214736531,2
TCGA-97-7938-01A,192.845903072368,-183.877911228976,-71.5405325157993,2
TCGA-97-7941-01A,191.138411071361,-193.341357041985,-67.7650802441527,2
TCGA-97-8171-01A,193.352792176792,-186.36582124593,-71.0728767672778,2
TCGA-97-8176-01A,191.070245943022,-194.703438633044,-68.5098731399727,2
TCGA-97-A4M3-01A,191.45355159435,-189.805917785566,-66.9672413455026,2
TCGA-L9-A5IP-01A,195.150226727093,-187.771008789388,-67.7299086447045,2
TCGA-L9-A743-01A,194.585662411966,-188.12733446084,-66.7164872720843,2
TCGA-L9-A8F4-01A,191.646017412204,-190.754318049279,-72.0756342625193,2
TCGA-MP-A4SV-01A,191.966950235885,-185.003162790895,-69.6784834109172,2
TCGA-MP-A4SY-01A,189.058255068527,-184.958351526715,-68.3280677750687,2
TCGA-MP-A4T4-01A,193.886015164425,-181.197027947197,-69.0912059418104,2
TCGA-MP-A4T8-01A,194.779829111244,-185.957435012659,-72.509731820789,2
TCGA-MP-A4TA-01A,189.557009630874,-179.235713104667,-71.5408637951555,2
TCGA-MP-A4TC-01A,192.093943577547,-189.171732973255,-66.3392607542014,2
TCGA-MP-A4TD-01A,189.827256039782,-190.39821560224,-67.1052710746066,2
TCGA-MP-A4TK-01A,189.519170325,-190.523117929958,-71.2749570890379,2
TCGA-NJ-A4YG-01A,190.165945368521,-186.382324343504,-70.5417981946666,2
TCGA-NJ-A4YP-01A,191.008346569897,-188.916737199217,-69.1400068191743,2
TCGA-05-4244-01A,-42.2196316121858,31.0152967642108,5.39174032571419,3
TCGA-05-4403-01A,-43.1166837701414,22.1917996521991,11.6208603679931,3
TCGA-05-4425-01A,-42.1907605084136,24.1995405709351,1.28391140897186,3
TCGA-05-4433-01A,-42.5006507458209,32.2825618043877,5.88579973160376,3
TCGA-05-5428-01A,-42.754376391895,24.5139497035335,1.19557410725938,3
TCGA-38-4626-01A,-42.5862499510683,31.412679073774,6.96488639726618,3
TCGA-38-4629-01A,-42.0016905228536,24.3731688058997,2.11150913329942,3
TCGA-38-4632-01A,-41.868476540713,27.5472835543716,4.26686388984597,3
TCGA-44-2662-01A,-42.0965902559666,30.1899854678102,4.9876389415206,3
TCGA-44-2668-01A,-42.5847788746094,32.6839109782499,6.00977754843544,3
TCGA-44-4112-01A,-41.0631366710432,24.1649636996456,1.8402351040775,3
TCGA-44-6774-01A,-43.5311309094973,19.5071552417838,19.2691522015015,3
TCGA-44-6779-01A,-40.6085672910449,20.5043725262052,12.2994440211712,3
TCGA-44-A47A-01A,-40.0760137987032,18.6213887030855,12.5063448001292,3
TCGA-44-A4SS-01A,-42.8502957856758,32.6078836122006,7.13280444020674,3
TCGA-49-4506-01A,-42.0882205319834,23.9240174733437,4.79426736605311,3
TCGA-49-4507-01A,-42.8980800924619,21.954700091211,11.7237550902453,3
TCGA-49-AAR3-01A,-45.1952648674052,23.8778323879884,15.4667939378411,3
TCGA-50-5066-01A,-42.4356629811829,24.3578637206082,1.3130366191185,3
TCGA-50-5942-01A,-43.8514470584829,17.4899543462491,19.0380458748592,3
TCGA-50-6592-01A,-42.753047720463,31.8160874501046,7.34033797482603,3
TCGA-50-6595-01A,-40.3820680046654,18.9660869432854,12.3477784133538,3
TCGA-50-6673-01A,-43.7988853296854,18.9986589100317,20.5120347756881,3
TCGA-55-6975-01A,-43.6551252990628,18.4143963601366,19.0058780525176,3
TCGA-55-6978-01A,-40.2275327783404,19.1297340199237,12.2425502932549,3
TCGA-55-6985-01A,-41.4621564292883,20.1644487684588,13.1489935516331,3
TCGA-55-7227-01A,-42.0108048434511,20.0942806163571,14.2337309051065,3
TCGA-55-7574-01A,-43.0562764621428,20.6240009946443,16.7992245698533,3
TCGA-55-7911-01A,-42.0916514530353,23.9788354570125,4.77049006097886,3
TCGA-55-8089-01A,-42.6399175362907,32.6232214855023,6.28176733519904,3
TCGA-55-8302-01A,-45.4833675006413,24.3113686657809,14.9818270992441,3
TCGA-55-8511-01A,-41.8453814774888,27.4938682230144,4.24396526343595,3
TCGA-55-8616-01A,-40.6744389636516,24.0028363587014,2.08379018707606,3
TCGA-55-8620-01A,-43.4143890879888,20.6568824395215,20.2209605727027,3
TCGA-62-A472-01A,-39.97213735247,18.2307036976237,12.0976347095653,3
TCGA-64-1676-01A,-41.998697891866,24.3296321146769,1.99574048850193,3
TCGA-64-5781-01A,-42.4012718105873,23.2636180085589,6.54102862448197,3
TCGA-67-6216-01A,-42.3654857201281,21.2547693333509,12.1568112458726,3
TCGA-69-8453-01A,-39.7522514927521,20.8627605352898,11.5646335097747,3
TCGA-73-4666-01A,-41.92856730791,23.9510533807656,4.15467109168908,3
TCGA-73-4670-01A,-41.983015480906,28.7993166136337,4.671558166144,3
TCGA-73-4676-01A,-41.7695885810489,24.2693557433899,3.10273184964372,3
TCGA-75-5122-01A,-42.3303558083238,22.8411975330164,7.69602156878375,3
TCGA-75-7030-01A,-43.0531889192312,32.279282335634,8.16201718830043,3
TCGA-78-7160-01A,-41.1988717323541,20.1335061573185,12.4318404958785,3
TCGA-78-7542-01A,-42.349932509157,31.9414573300645,5.34957046345791,3
TCGA-80-5607-01A,-46.6200791732645,25.7064132717865,15.1730556107152,3
TCGA-83-5908-01A,-40.0602331419716,20.1578424755771,11.9455578420938,3
TCGA-86-7711-01A,-41.841553050866,30.7059935645969,4.61243492037057,3
TCGA-93-8067-01A,-43.6964739673213,18.1672556151798,18.9923666883158,3
TCGA-95-7043-01A,-40.8009885446479,23.6074150063136,2.95860440087069,3
TCGA-95-7944-01A,-42.5782456753165,23.2813583604409,6.58047430567494,3
TCGA-97-7546-01A,-43.7203311339012,19.3069711131616,20.352573473817,3
TCGA-J2-A4AE-01A,-39.7481066965291,17.6509956571682,13.2816780318015,3
TCGA-MN-A4N5-01A,-45.5627817643552,24.3974809889501,15.0446839365394,3
TCGA-MP-A4TE-01A,-43.3941567045195,20.6816085673233,20.0506727001633,3
TCGA-MP-A4TI-01A,-43.0545620864826,20.6752561612374,16.6910534743121,3
TCGA-05-4249-01A,-60.9190705966238,48.1772956224068,27.1249957858747,4
TCGA-05-4382-01A,-61.8286006313486,63.5731156321567,19.6071796175251,4
TCGA-05-4384-01A,-56.5990546890424,69.0928057640682,19.7833776006687,4
TCGA-05-4396-01A,-58.2328429000241,51.6435659189046,27.7773375768397,4
TCGA-05-4397-01A,-67.9761551412375,66.1154347959028,17.3673204391489,4
TCGA-05-4402-01A,-61.8888322591842,61.0204828117831,21.1514988072742,4
TCGA-05-4405-01A,-53.6218029912192,48.725673478647,24.4151436526163,4
TCGA-05-4410-01A,-71.4200488646112,57.1606672797284,26.3062938724763,4
TCGA-05-4417-01A,-51.4385915271065,47.428251477116,18.4644294486897,4
TCGA-05-4418-01A,-77.296538439254,63.6344364905662,18.9379022853987,4
TCGA-05-4424-01A,-59.1743354135236,57.2835334155086,24.2887106619943,4
TCGA-05-4426-01A,-58.1603593733128,70.5483931640444,13.6605453907216,4
TCGA-05-4430-01A,-66.8216473971868,52.0612970898086,22.9511413365912,4
TCGA-05-5420-01A,-76.3991409638449,61.9264108189121,16.9152463762093,4
TCGA-05-5423-01A,-75.7051441057597,63.1382772032448,20.9523355022248,4
TCGA-05-5425-01A,-53.2792797977385,56.6351775676776,11.3109501464497,4
TCGA-05-5429-01A,-76.15794559969,65.3824225312293,15.6465078280123,4
TCGA-05-5715-01A,-74.228773518017,64.2295066634194,23.3436446894546,4
TCGA-35-3615-01A,-77.8402112754716,62.1052222043303,20.4967626851717,4
TCGA-35-4122-01A,-76.5461631345512,62.0970203489338,17.1245226006352,4
TCGA-35-5375-01A,-58.0265171363951,70.8919572812496,13.4237371079423,4
TCGA-38-4627-01A,-65.1020233691362,54.4302854743345,20.0142785441536,4
TCGA-38-4628-01A,-76.545988855485,61.2211370773564,23.6702872838694,4
TCGA-38-4631-01A,-76.1567468549448,65.4045659438159,15.6173576369049,4
TCGA-38-6178-01A,-58.9947849045054,62.0468125718538,21.8275459731453,4
TCGA-38-A44F-01A,-56.8207710988425,56.1126769198927,15.6508989825465,4
TCGA-44-2655-01A,-72.6551394672614,60.1472051604255,20.8358695058143,4
TCGA-44-2656-01B,-44.2740545830481,53.3563124365277,12.0333191469781,4
TCGA-44-2657-01A,-66.0854633028526,54.0552045522911,22.9391607293301,4
TCGA-44-2659-01A,-55.6818266556075,65.5865733210563,21.428082086189,4
TCGA-44-2661-01A,-72.5442139491674,59.8778991026665,20.7316633884101,4
TCGA-44-2662-01B,-49.4531860485849,56.0603477850374,11.3899904189975,4
TCGA-44-2665-01A,-57.269845672395,71.6662308687154,10.8589059366584,4
TCGA-44-2666-01B,-42.599849452393,53.1440773467224,12.4242983865333,4
TCGA-44-2668-01B,-49.9008905937889,55.956704591418,11.1896179202527,4
TCGA-44-3396-01A,-54.0119805377581,56.3466968924212,11.7210720722802,4
TCGA-44-3398-01A,-74.246199025896,64.6940613582797,19.3402238561039,4
TCGA-44-3917-01B,-42.7669938909287,53.1322207037918,12.4501704280909,4
TCGA-44-3918-01A,-57.9589601414141,71.1053169552381,12.8297703908322,4
TCGA-44-3918-01B,-44.6313658184335,53.5538598550363,11.7783996346162,4
TCGA-44-3919-01A,-68.6221066052573,54.4011402663979,21.2568962810401,4
TCGA-44-4112-01B,-42.9880393743525,53.3337644225705,12.1724364325522,4
TCGA-44-5645-01A,-62.7868586188166,54.6967421258482,27.7491239806066,4
TCGA-44-5645-01B,-43.9908444170154,52.7782574190774,12.8320630598869,4
TCGA-44-6145-01A,-58.9047513033455,66.7818461598451,15.6857386655784,4
TCGA-44-6146-01A,-50.6460623515414,55.9133696001374,10.8329719372945,4
TCGA-44-6146-01B,-50.0676043222511,55.9143326144479,11.0799607000753,4
TCGA-44-6147-01A,-42.4069956886126,53.0829018315621,12.5377407678624,4
TCGA-44-6147-01B,-44.7914135253467,53.493839537972,11.7906054950506,4
TCGA-44-6148-01A,-54.4005518837485,47.5798602046674,29.0780869956681,4
TCGA-44-6775-01A,-46.2289313426506,52.4565291181887,14.0762980398185,4
TCGA-44-6775-01C,-44.0245992435536,53.1039466668745,12.4334099686386,4
TCGA-44-6776-01A,-73.0143858594714,60.65251642267,21.0433447897063,4
TCGA-44-6777-01A,-58.757859405856,67.9114777629644,15.3640217093644,4
TCGA-44-7659-01A,-55.82686143079,52.8094335060078,30.3008702464355,4
TCGA-44-7662-01A,-80.4411605142449,57.8694768210941,15.7851752460179,4
TCGA-44-7671-01A,-61.0851672378171,36.178375679717,23.6428385287037,4
TCGA-44-7672-01A,-58.774947915218,48.6686485822818,22.5351015228067,4
TCGA-44-8117-01A,-74.8291437616134,64.5615411174665,23.1076762849781,4
TCGA-44-8120-01A,-61.2759067280276,47.8343889760704,26.9921564533224,4
TCGA-44-A47B-01A,-58.8073555569974,66.1720883132255,15.9211716801207,4
TCGA-44-A47G-01A,-59.7523004690327,44.5501403046949,13.5746367335757,4
TCGA-44-A4SU-01A,-59.5583994157929,48.9526491750823,24.066132625627,4
TCGA-49-4486-01A,-74.2869169231307,60.2546842087188,17.5160474310387,4
TCGA-49-4488-01A,-57.5310391430339,72.2829486968213,11.0716430777578,4
TCGA-49-4490-01A,-64.4141551009347,60.4146940964389,22.347972116648,4
TCGA-49-4494-01A,-70.9083592127006,58.3742996616885,21.2177111266252,4
TCGA-49-4501-01A,-74.4093514021709,63.9757257456859,21.9744976689705,4
TCGA-49-4510-01A,-58.5756337980785,74.274932840842,17.5745244643641,4
TCGA-49-4512-01A,-63.5945232040263,58.4584304311593,20.8685136691907,4
TCGA-49-4514-01A,-65.8195409402076,61.0136563050535,23.0690779333058,4
TCGA-49-6742-01A,-52.8599401446851,48.3916875443882,23.5952932209237,4
TCGA-49-6743-01A,-54.1773879424386,59.8828905387811,24.6272506395519,4
TCGA-49-6744-01A,-56.417617038035,70.8918548860273,18.4061806603144,4
TCGA-49-AAQV-01A,-60.7328125517385,61.5623753042145,20.5568556954067,4
TCGA-49-AAR2-01A,-58.8974065849475,52.3710295636891,29.8471323846963,4
TCGA-49-AAR4-01A,-57.7982256520028,49.0606468256994,21.3120122501703,4
TCGA-49-AAR9-01A,-50.6613834157065,57.2742144297697,12.226748002904,4
TCGA-49-AARE-01A,-54.1593794947475,58.559523073741,14.2314794829841,4
TCGA-49-AARN-01A,-56.6565991492443,71.0466228684315,10.5257276468674,4
TCGA-49-AARO-01A,-52.4633268601921,46.9082775554597,19.8343787631854,4
TCGA-49-AARQ-01A,-63.9411005000462,58.5635009831138,20.8443471193914,4
TCGA-49-AARR-01A,-51.9981150790949,46.5376588248258,23.9053752809876,4
TCGA-4B-A93V-01A,-59.4950966331949,47.655084053948,31.0311849866133,4
TCGA-50-5044-01A,-57.2995081094124,55.6917531624892,16.1432976285815,4
TCGA-50-5045-01A,-72.9719856162281,59.3429447881369,20.0373199032921,4
TCGA-50-5049-01A,-62.7028858993982,40.7871260278536,14.6853218725429,4
TCGA-50-5051-01A,-53.1919045422383,49.1642107873435,21.7810814806988,4
TCGA-50-5055-01A,-62.4276877238846,40.9450398750105,14.9404423589449,4
TCGA-50-5068-01A,-74.6710365459716,65.0564455684832,19.1355484180695,4
TCGA-50-5072-01A,-48.3227725396276,58.4941804576259,25.2094738764824,4
TCGA-50-5930-01A,-56.4558715066507,66.0810646058202,21.0067877855299,4
TCGA-50-5932-01A,-73.5285180617752,60.4245727867255,20.7711951753227,4
TCGA-50-5935-01A,-60.4892784703406,62.5255740956437,19.0287541035019,4
TCGA-50-5941-01A,-56.8709507408493,71.4789890025172,8.85037333647429,4
TCGA-50-5944-01A,-63.2698396741498,58.0916153584026,22.9540755759083,4
TCGA-50-5946-01A,-51.7486356892344,60.7210095093716,25.5607184413245,4
TCGA-50-6593-01A,-58.9245078503423,73.7383389281186,18.2452326863637,4
TCGA-50-6594-01A,-64.8015833251821,68.9748285759754,15.9123768851726,4
TCGA-50-6597-01A,-70.3245586509032,57.9908465967102,21.1726343932184,4
TCGA-50-8457-01A,-56.1804921981487,66.2493478058561,21.655728094255,4
TCGA-50-8459-01A,-57.6589777752061,57.3836146840359,22.4171151795297,4
TCGA-50-8460-01A,-65.4997421344949,54.6759357292316,23.0086871606435,4
TCGA-53-7624-01A,-49.1145733888637,55.310004685121,10.7153119574004,4
TCGA-55-1592-01A,-66.9433998906627,59.7457882316759,24.6228619961361,4
TCGA-55-1596-01A,-76.5206179368855,64.1734535283221,22.3576508121327,4
TCGA-55-6543-01A,-53.3277287181624,47.0202327144989,18.9552842161171,4
TCGA-55-6712-01A,-78.53800477401,58.8288531513121,17.1333011349381,4
TCGA-55-6968-01A,-52.1694041444693,60.5821589680721,25.4076008454765,4
TCGA-55-6970-01A,-57.7089685818641,71.3467298220397,12.0865771462029,4
TCGA-55-6972-01A,-57.1865775366729,72.8741543314771,17.4420798312179,4
TCGA-55-6979-01A,-59.9748953090978,44.4588199952042,13.7976189020178,4
TCGA-55-6980-01A,-54.5883696212985,48.6271921089637,21.7493545072859,4
TCGA-55-6981-01A,-79.6405977599516,58.0862174020864,16.3199667328999,4
TCGA-55-6982-01A,-76.3730499583057,61.9963859693165,16.6796655555734,4
TCGA-55-7281-01A,-62.0499022807198,47.6843611807157,24.9037869063736,4
TCGA-55-7284-01B,-51.3196072985806,57.6405666947875,12.4972746818637,4
TCGA-55-7573-01A,-57.2360704095417,51.0759167327204,27.0787359057699,4
TCGA-55-7726-01A,-49.6393451783743,57.5199497032716,14.9971800676923,4
TCGA-55-7727-01A,-65.0694640596045,68.8219589202286,16.0210621588515,4
TCGA-55-7728-01A,-56.7238415851904,57.56465231095,21.1338026773623,4
TCGA-55-7815-01A,-51.0442996142952,47.6056117307288,18.1058976293443,4
TCGA-55-7816-01A,-52.5231911113135,46.8363599879784,20.1231047354655,4
TCGA-55-7907-01A,-73.4509183413622,62.6002758041207,21.320541302437,4
TCGA-55-7995-01A,-55.268997176546,63.0301232630514,20.542145147265,4
TCGA-55-8087-01A,-61.8660642375471,55.5021607115793,27.2686797052174,4
TCGA-55-8090-01A,-59.1437550567456,49.2299668427774,32.18641190741,4
TCGA-55-8091-01A,-53.0384479154183,47.0758607893284,18.9682640636541,4
TCGA-55-8092-01A,-66.4417797755092,67.6344867611597,16.8610292414816,4
TCGA-55-8096-01A,-53.0885908582033,49.0676071445489,21.9122320402731,4
TCGA-55-8097-01A,-57.3709930507375,50.9917426613464,27.4775957390328,4
TCGA-55-8206-01A,-54.945439845096,58.7318902718038,23.9454648264096,4
TCGA-55-8207-01A,-61.2068085287853,69.3115276384169,14.5521521221935,4
TCGA-55-8208-01A,-56.2887532411976,56.8214513354307,15.2423030785598,4
TCGA-55-8505-01A,-54.0159116690839,57.948738290836,24.2154823562803,4
TCGA-55-8506-01A,-61.4055594325119,48.5655457256817,23.9261341488042,4
TCGA-55-8510-01A,-61.914595742486,48.3511526585852,22.9688426483996,4
TCGA-55-8513-01A,-59.8439885430199,48.1898717656746,21.958944913861,4
TCGA-55-8514-01A,-75.6983815245956,62.891171422014,22.3607167223385,4
TCGA-55-8619-01A,-59.5773351423315,47.5873190219666,30.8492867740687,4
TCGA-55-8621-01A,-60.0396754097453,52.6380212740885,25.3562244031261,4
TCGA-55-A48X-01A,-61.1118974550546,49.6596368537298,24.2427151103492,4
TCGA-55-A48Y-01A,-57.6136169625773,37.2948469449576,22.2502642320164,4
TCGA-55-A48Z-01A,-58.4942843670178,58.3257274651381,17.1513566637019,4
TCGA-55-A491-01A,-54.9076726526986,61.0079548038568,24.2174388203202,4
TCGA-55-A492-01A,-59.3197409734934,36.638935679522,22.8904996046819,4
TCGA-55-A494-01A,-58.5911754162432,35.1648359546639,22.4569287858676,4
TCGA-55-A4DG-01A,-59.8268812516459,51.8523735201349,29.1841538061811,4
TCGA-55-A57B-01A,-58.8864223726508,35.998187850295,22.5478148579375,4
TCGA-62-8394-01A,-67.0104664830008,64.1228024045931,17.5568998491231,4
TCGA-62-8395-01A,-58.6593013230803,36.8116262209999,22.1594292095301,4
TCGA-62-8397-01A,-59.6570695204196,61.4057877693813,22.0154408616873,4
TCGA-62-A46O-01A,-48.2100342352795,58.2383385129556,25.2820825742454,4
TCGA-62-A46R-01A,-76.8626883165363,63.5169814226045,19.2724735647001,4
TCGA-62-A46V-01A,-66.0427120679287,68.0366386706912,16.6232765487593,4
TCGA-62-A46Y-01A,-65.1436646586244,54.4131568653321,20.1034814122763,4
TCGA-62-A470-01A,-58.6261054893219,52.8639324625164,30.2183911442816,4
TCGA-64-1678-01A,-75.0514360451916,65.7904184965814,18.7300400750871,4
TCGA-64-1679-01A,-56.2000225206062,66.5593429213557,22.1459457857066,4
TCGA-64-1680-01A,-77.7610057661588,62.6115154936951,19.8988752504706,4
TCGA-64-1681-01A,-61.7400790218085,61.1338155792489,21.0120195326819,4
TCGA-64-5778-01A,-73.5308192977743,60.1737279943277,18.4966269458933,4
TCGA-67-3770-01A,-75.3423975906679,63.3684876591074,20.8664157170145,4
TCGA-67-3772-01A,-73.1480381085125,61.2473414481929,21.4119063882537,4
TCGA-67-3773-01A,-74.4876628152228,60.6587023970167,17.9285951093691,4
TCGA-67-3774-01A,-77.1743823822934,59.9422975333412,24.1757467709107,4
TCGA-67-4679-01B,-61.3883776879421,55.4371005907989,27.8376514614593,4
TCGA-67-6215-01A,-76.9965647485306,64.1281903367369,19.5030876473726,4
TCGA-67-6217-01A,-67.0804124759736,52.7764083563805,22.8560710086431,4
TCGA-69-7761-01A,-50.6199297038045,55.8995778693037,11.2553080785511,4
TCGA-69-7763-01A,-60.5700172736468,63.6384557011424,17.7327051389584,4
TCGA-69-7764-01A,-62.201561865561,61.9925563269699,19.7764614707537,4
TCGA-69-7974-01A,-79.8252019910675,64.0134567665195,18.6415366443075,4
TCGA-69-7979-01A,-54.9262200014668,62.2716887217553,20.5588097340609,4
TCGA-69-7980-01A,-60.407780430819,48.7884587255239,25.4285563071404,4
TCGA-69-8253-01A,-64.8729656745737,60.2691109052981,22.6359508877382,4
TCGA-69-8254-01A,-74.008210334462,63.5567906390545,24.1901338214844,4
TCGA-69-A59K-01A,-77.5704238146707,63.1418112433668,18.5686138237283,4
TCGA-71-6725-01A,-76.6151592968205,60.9459208590759,23.862836671018,4
TCGA-71-8520-01A,-68.0744378244403,58.1539340491111,23.2658531463638,4
TCGA-73-4662-01A,-75.5558519639347,64.6627198405685,23.2141350395614,4
TCGA-73-4675-01A,-56.8215991525873,70.098219804524,19.2990607848509,4
TCGA-73-4677-01A,-73.0236997280179,59.9628900121061,18.2736464526505,4
TCGA-73-7498-01A,-63.8907424540777,56.3392409526805,26.2446390616011,4
TCGA-73-7499-01A,-68.2897561170318,66.0255637391146,17.4145638856327,4
TCGA-75-5125-01A,-80.0034365344305,58.0073959464502,16.0818062001775,4
TCGA-75-5146-01A,-77.186416360271,60.0298446726853,24.0691779991654,4
TCGA-75-5147-01A,-73.9961373909058,64.3855503466959,21.8097980828863,4
TCGA-75-6203-01A,-65.3968387621913,54.9397885256244,23.1078142097614,4
TCGA-75-6206-01A,-56.275158247515,70.9971630016379,18.4569746391939,4
TCGA-75-6212-01A,-60.6528235326498,62.8450153256352,18.5873031247169,4
TCGA-75-7025-01A,-59.0444386667727,58.6844066954713,19.4180448877576,4
TCGA-75-7027-01A,-50.5554192500055,57.7041252972023,12.5952350507566,4
TCGA-78-7143-01A,-67.744785287416,66.5316664630444,17.268898957239,4
TCGA-78-7147-01A,-70.3379001795065,57.6754864484827,20.6608590000543,4
TCGA-78-7148-01A,-60.5948014244479,63.605652766256,17.3174293561487,4
TCGA-78-7149-01A,-59.8574248389411,36.5769198588819,23.2100401717298,4
TCGA-78-7156-01A,-56.5929585935387,71.7768790016484,17.6970830642268,4
TCGA-78-7161-01A,-56.7118831053276,66.0531078405926,20.9578534144755,4
TCGA-78-7162-01A,-72.4406311274139,59.7665712524106,18.1356193671916,4
TCGA-78-7163-01A,-60.095832807176,62.694649713492,18.9861444609679,4
TCGA-78-7166-01A,-59.4243025809762,63.5708467013286,18.872301148576,4
TCGA-78-7167-01A,-56.9418430069883,72.4505467071027,17.5930491533423,4
TCGA-78-7220-01A,-48.3212261016113,58.4608477826635,25.2226137350808,4
TCGA-78-7535-01A,-58.2194018312657,51.7641540095147,26.7713353310699,4
TCGA-78-7537-01A,-65.7327363213586,60.5677636955085,23.1203072180169,4
TCGA-78-7539-01A,-62.2488795976711,41.0209984571286,15.1284696474377,4
TCGA-78-7540-01A,-55.1540339439724,57.8663093008087,14.4319447247891,4
TCGA-78-7633-01A,-58.7256787736241,73.8744245133245,17.7913816613889,4
TCGA-78-8648-01A,-57.7685929751238,53.2911074332244,23.4949507378618,4
TCGA-78-8655-01A,-61.1736507124691,43.8524547186316,14.8560445174007,4
TCGA-80-5608-01A,-62.807490748185,58.8432504560778,20.5656893651152,4
TCGA-80-5611-01A,-57.5306565697521,72.1862351168514,11.1542609305956,4
TCGA-86-6562-01A,-53.973379304922,59.0047830936859,14.2931887943812,4
TCGA-86-6851-01A,-58.2199540944521,57.4608535504145,23.4624352367654,4
TCGA-86-7714-01A,-56.0111946214697,64.5009564759267,20.7986080931052,4
TCGA-86-7953-01A,-56.106760414703,52.1343447054882,29.7459022782093,4
TCGA-86-7954-01A,-60.6306307375359,56.74004315006,24.0161197669624,4
TCGA-86-8055-01A,-66.2332186223552,67.8707540960794,16.7257826282917,4
TCGA-86-8056-01A,-61.0253845153661,48.2766015638736,27.5107369787294,4
TCGA-86-8073-01A,-54.4469028503634,47.5853972324453,29.1174666418356,4
TCGA-86-8074-01A,-56.8792987327781,71.5114226727785,8.82511465378048,4
TCGA-86-8075-01A,-55.7722868194729,57.5289895360495,14.861726866015,4
TCGA-86-8278-01A,-60.6385198009433,44.2298458660863,14.3341573111707,4
TCGA-86-8280-01A,-63.1735605633841,57.8397949790079,21.5724621016959,4
TCGA-86-8281-01A,-64.5149438606506,60.4207299717104,22.3715323486998,4
TCGA-86-8585-01A,-59.7296471149289,61.3253140827505,18.4311818913331,4
TCGA-86-8668-01A,-63.6786431848604,56.2598464016695,26.3273703527582,4
TCGA-86-8671-01A,-57.5619558926099,48.9239771197522,21.2291871398659,4
TCGA-86-8672-01A,-77.3396373858811,59.1349140999029,24.6853071959475,4
TCGA-86-8673-01A,-54.2915776315754,48.9137504929837,24.431221904942,4
TCGA-86-8674-01A,-59.7602310573274,36.7284051510365,22.9078756111895,4
TCGA-86-A4JF-01A,-55.7987607078458,55.8851293819564,14.0824697414408,4
TCGA-86-A4P7-01A,-61.0513631309125,47.5786798797974,23.9044128771571,4
TCGA-86-A4P8-01A,-60.0121178314701,49.0756530084139,24.9112356585118,4
TCGA-91-6830-01A,-58.3963083416306,70.222961591826,13.9472651988752,4
TCGA-91-6835-01A,-61.3127563020967,43.8048247258147,14.9417677435498,4
TCGA-91-7771-01A,-59.1173386174109,73.8108735120124,16.4861024212596,4
TCGA-91-8496-01A,-74.488826656686,63.6447776742418,21.2639439421264,4
TCGA-91-8497-01A,-56.8772199897675,50.4972192612112,27.9577129121067,4
TCGA-91-A4BD-01A,-67.3582574423344,64.6215211960154,17.5486960547712,4
TCGA-93-7347-01A,-61.5600909856617,48.0235710480577,21.9978164005617,4
TCGA-93-7348-01A,-61.5978992487082,55.9068714449799,25.9221361913072,4
TCGA-93-A4JN-01A,-58.6605659241713,58.3580385541331,19.1396397304631,4
TCGA-93-A4JP-01A,-60.0939855899418,52.6261921695965,25.2953522615654,4
TCGA-93-A4JQ-01A,-52.7771169238573,49.2977803034051,21.373957018388,4
TCGA-95-7039-01A,-79.8199988223959,64.0342457990132,18.6231807827018,4
TCGA-95-7947-01A,-61.7683529502799,63.4960077585819,19.5779920612428,4
TCGA-95-8039-01A,-66.8469990894287,53.2395275445862,22.7582596078606,4
TCGA-95-A4VK-01A,-61.465519804988,56.7540030948117,24.0093370531814,4
TCGA-95-A4VP-01A,-53.701922998741,48.0301749975111,26.5242197604377,4
TCGA-97-7547-01A,-60.2832030659488,47.5039467424086,28.8903530898913,4
TCGA-97-7552-01A,-45.6948106797504,53.5731324645488,11.4456715144327,4
TCGA-97-7553-01A,-56.0400036502328,60.287515156965,14.8934572005843,4
TCGA-97-7937-01A,-55.7666271833793,70.9539495807239,18.556066463478,4
TCGA-97-8172-01A,-56.2771559828061,50.5200397391816,26.6647236643502,4
TCGA-97-8174-01A,-66.8075306359325,59.2414034292706,24.3788765933578,4
TCGA-97-8175-01A,-54.2405251698132,56.3222236752397,11.9035051803652,4
TCGA-97-8177-01A,-74.305772907933,64.6480826090832,19.5761707979481,4
TCGA-97-8179-01A,-68.8582434415672,58.0944550808175,23.4578567872822,4
TCGA-97-8547-01A,-69.8572658421764,57.4118043012891,21.0738675489151,4
TCGA-97-8552-01A,-63.147473227727,55.7814463025256,26.7699891364828,4
TCGA-97-A4LX-01A,-57.2249666380823,48.6808069435136,21.0006721751168,4
TCGA-97-A4M0-01A,-52.2101483330567,46.5863892344639,20.7294855603924,4
TCGA-97-A4M1-01A,-61.6227252703259,56.0872580325904,24.8511030509778,4
TCGA-97-A4M2-01A,-58.7221962080104,37.1366159446955,22.4739565669727,4
TCGA-97-A4M5-01A,-59.6654480256888,48.8156153985624,23.6859471857797,4
TCGA-97-A4M6-01A,-63.2435454277013,57.8001580351126,22.3358023446576,4
TCGA-97-A4M7-01A,-57.6825609451498,57.4444123805334,22.2531636767514,4
TCGA-99-7458-01A,-59.3790945582669,58.9428678964615,19.4432633507427,4
TCGA-99-8025-01A,-76.3206445294159,64.4814063627061,22.9771311933932,4
TCGA-99-8028-01A,-55.8593214238494,56.0400611369523,14.1909149952108,4
TCGA-99-8032-01A,-55.3168522035328,65.660597751162,21.7881522935236,4
TCGA-99-8033-01A,-80.4738309232744,57.9006385373317,15.7765805354402,4
TCGA-99-AA5R-01A,-58.8273697834211,38.2243014653572,22.3116990089577,4
TCGA-J2-8192-01A,-59.7585469841496,61.1689878414926,18.4875079435737,4
TCGA-J2-8194-01A,-61.043375382999,69.4062826355053,14.4568149499161,4
TCGA-J2-A4AD-01A,-56.7527290930874,70.1562967272022,19.2270736790943,4
TCGA-J2-A4AG-01A,-54.9853837105815,53.5651951651801,30.38596960723,4
TCGA-L4-A4E5-01A,-54.9600010595456,61.2043074633438,24.1660292690396,4
TCGA-L4-A4E6-01A,-60.9026505721996,48.5301314385284,23.6718260913231,4
TCGA-L9-A443-01A,-71.0781317818811,58.4658727283809,20.73134025084,4
TCGA-L9-A444-01A,-66.9889074553217,52.7571824306825,22.7618914435007,4
TCGA-L9-A50W-01A,-56.5348155910341,50.6352187316381,26.76884086025,4
TCGA-MN-A4N1-01A,-60.2821960597303,48.5714706120684,28.0581406890194,4
TCGA-MN-A4N4-01A,-57.7411130954014,53.268876360452,23.5968428651377,4
TCGA-MP-A4SW-01A,-61.438953114728,48.9108343812216,28.3081326350125,4
TCGA-MP-A4T6-01A,-59.3559666192864,57.3443531883791,23.4887443548352,4
TCGA-MP-A4T7-01A,-59.0909668193451,49.3957799274458,32.1841837054138,4
TCGA-MP-A4T9-01A,-52.5338870971236,57.6352835762468,11.3741451807427,4
TCGA-MP-A4TF-01A,-55.2117823056746,58.6805548469239,23.7035088861846,4
TCGA-MP-A4TH-01A,-55.8157148669712,50.2170166867442,26.2705883857321,4
TCGA-MP-A5C7-01A,-59.8267430779468,36.6051565864994,24.0788301296322,4
TCGA-NJ-A4YF-01A,-56.1191329943248,52.5204438300653,30.1109726654645,4
TCGA-NJ-A4YI-01A,-57.3379690997176,57.2467722090691,24.0009029487557,4
TCGA-NJ-A4YQ-01A,-57.520476686864,51.0138767561183,27.4670823360346,4
TCGA-NJ-A55A-01A,-54.1312890944165,48.7652002547222,22.107982124023,4
TCGA-NJ-A55O-01A,-68.4180248445157,58.028520569958,23.1307590766581,4
TCGA-NJ-A55R-01A,-54.1103238279473,48.2680999478785,27.0609518589177,4
TCGA-NJ-A7XG-01A,-59.0068752582485,52.003693994555,29.2798692911042,4
TCGA-O1-A52J-01A,-54.5510762845467,59.6382527629666,24.4636076472005,4
TCGA-S2-AA1A-01A,-58.3030024201355,57.3464828648894,21.1642704829854,4
