Sample,X,Y,Z,Cluster
TCGA-05-4244-01A,5.66813954909506,1.44316756838075,1.60983820355111,1
TCGA-05-4249-01A,-10.8575316329898,10.2400222504035,-12.5480548551031,1
TCGA-05-4382-01A,11.1710680565707,24.7233811974483,29.3394527167461,1
TCGA-05-4384-01A,13.6553510333447,46.8436202309941,34.3811466630052,1
TCGA-05-4389-01A,13.9113088425299,51.2960689801686,26.0875299977451,1
TCGA-05-4395-01A,15.1115744129064,27.4570948512662,27.2890784201886,1
TCGA-05-4396-01A,-10.9062580341055,11.649183331157,-8.23267453977824,1
TCGA-05-4397-01A,-0.954366448967243,15.9770015242546,-12.5947870794741,1
TCGA-05-4402-01A,16.4936617128866,34.1534739563872,31.5211783107046,1
TCGA-05-4403-01A,-3.1567238635711,10.4650153728429,-9.22571130803073,1
TCGA-05-4410-01A,11.3653405847763,20.7933271118583,17.4254817466616,1
TCGA-05-4415-01A,6.79117745195212,49.2191041574309,30.917100329015,1
TCGA-05-4417-01A,-2.21848389945156,8.1510734123968,-2.86679085807629,1
TCGA-05-4418-01A,19.8456413047036,29.0632546171462,28.8363500401245,1
TCGA-05-4420-01A,-1.21629273429862,16.038986292528,-12.8699477401479,1
TCGA-05-4432-01A,12.6177423943064,42.5262972744183,35.3487842351566,1
TCGA-05-4433-01A,15.780524854969,32.4607819001645,23.8885953145006,1
TCGA-05-4434-01A,6.18360537904633,50.9270329079642,29.1141685879095,1
TCGA-05-5420-01A,19.8460293881653,34.614507710676,23.1032559451099,1
TCGA-05-5423-01A,-9.55873929944736,14.9813490536144,-11.0403050652399,1
TCGA-05-5425-01A,8.76586857496174,9.99635620445396,12.8000116495122,1
TCGA-05-5428-01A,-6.19181490209515,22.2170105787848,-10.5530054906624,1
TCGA-05-5429-01A,-8.28349349479366,8.23270320162757,-13.4649388344778,1
TCGA-05-5715-01A,-2.64886402575237,10.175879656111,-9.32393885124607,1
TCGA-35-3615-01A,22.1258317555338,28.3599944513886,30.6708975476914,1
TCGA-35-4122-01A,-2.78489163714825,8.27891480042597,-7.28146991705774,1
TCGA-35-4123-01A,-8.2966104506938,8.08992372246497,-13.2424759046466,1
TCGA-35-5375-01A,18.0471000658533,33.6751590427858,29.7018805597562,1
TCGA-38-4625-01A,-9.62436547379269,16.3874247415095,-10.9085952712106,1
TCGA-38-4626-01A,20.4013193406983,32.4775213205363,22.7915551980589,1
TCGA-38-4627-01A,16.1799030395789,49.9826232420826,25.164338837282,1
TCGA-38-4628-01A,-2.40937819016679,7.82869288541294,-6.01852001826012,1
TCGA-38-4629-01A,9.47043232208764,4.06736503537881,17.0554502493911,1
TCGA-38-4630-01A,-1.07818803694818,7.50785517310678,-12.6701319763521,1
TCGA-38-4631-01A,10.8415255155821,46.8550678088531,34.7074781105516,1
TCGA-38-4632-01A,9.0877663283889,3.72341225811991,14.5526465037419,1
TCGA-38-6178-01A,12.4778981434483,20.6120016634837,16.3659988614283,1
TCGA-38-7271-01A,2.26720189764085,7.73533561888124,3.9045201672764,1
TCGA-38-A44F-01A,-4.22520946694852,11.1430916012874,-8.65282551459975,1
TCGA-44-2655-01A,-4.9620734837148,20.1336356327256,-9.94515155595207,1
TCGA-44-2656-01A,20.2035099371644,28.5294835888731,30.0360507944713,1
TCGA-44-2656-01B,9.12175610356244,-0.715889529479975,2.94805842432931,1
TCGA-44-2657-01A,7.49515901179749,16.8083967435287,11.7280887065527,1
TCGA-44-2661-01A,-2.72444697885448,8.09519057550523,-6.74561824651876,1
TCGA-44-2662-01A,10.1839081723613,39.9261228971126,35.0745460098904,1
TCGA-44-2662-01B,8.98101906392511,-0.63642002153972,2.84880334713369,1
TCGA-44-2665-01A,8.9240486621153,6.77297172899448,13.8037038325601,1
TCGA-44-2666-01B,6.52598648706429,0.717323099837308,1.78211513964668,1
TCGA-44-2668-01A,8.36243662869745,8.89057835627619,12.2068873218059,1
TCGA-44-2668-01B,8.80329763680531,-0.332870599457215,2.87576200545393,1
TCGA-44-3396-01A,16.0202793539816,50.1132146257812,25.3222650376322,1
TCGA-44-3398-01A,-7.10675571966877,13.0998450406137,-10.4071077188055,1
TCGA-44-3917-01A,10.3026248596636,53.9629717108584,26.155254679845,1
TCGA-44-3917-01B,2.67068942233218,53.1588707381287,33.6185077719417,1
TCGA-44-3918-01A,-2.19764698319649,6.09552871040847,-13.3105500962975,1
TCGA-44-3918-01B,7.4527017718468,0.679400462313135,2.23938205151559,1
TCGA-44-4112-01A,-10.5761993860575,9.97085339977317,-11.521363476153,1
TCGA-44-4112-01B,7.1780122588191,0.503853202564375,2.03819341921517,1
TCGA-44-5643-01A,-1.67452426297243,8.07440841357161,-10.2867091920979,1
TCGA-44-5644-01A,8.33409619140436,9.06161867082266,12.0572684934029,1
TCGA-44-5645-01B,7.57342957032973,0.238975091513655,2.20904156271216,1
TCGA-44-6145-01A,15.7880588620627,32.4586345249554,23.8908414311135,1
TCGA-44-6146-01A,14.1427435880534,26.9016775943956,23.1793013614809,1
TCGA-44-6146-01B,8.30864608563405,0.0590816910157824,2.53405678085571,1
TCGA-44-6147-01A,-2.29850293004396,7.9080566392101,0.572835584773329,1
TCGA-44-6147-01B,7.94586276433759,0.0409487327196576,2.23503902136354,1
TCGA-44-6148-01A,2.17112111449176,8.86097182767189,3.21134338383373,1
TCGA-44-6774-01A,4.03717154826508,9.71395211688907,5.98976599081755,1
TCGA-44-6775-01A,10.6839317481397,21.2390902035135,17.7065895642901,1
TCGA-44-6775-01C,8.21696196022735,0.000475619723543045,2.50019378426327,1
TCGA-44-6776-01A,20.1275630253613,33.3783463370916,23.0357021564364,1
TCGA-44-6777-01A,9.68258063469416,20.1045391623973,15.8191567787573,1
TCGA-44-6778-01A,16.504909427872,34.605300308958,31.3965166558317,1
TCGA-44-6779-01A,9.36676663748449,47.0711827282502,37.4865976204344,1
TCGA-44-7660-01A,11.7580453645543,48.4821395529313,34.8793321993439,1
TCGA-44-7667-01A,5.40083590124337,50.223292125284,31.5384576796213,1
TCGA-44-7669-01A,18.1093518888551,43.8185050292123,29.450925107469,1
TCGA-44-7670-01A,13.4914171480202,53.3037423062115,23.4013902462918,1
TCGA-44-7671-01A,19.2893818912653,44.4134741619462,24.1089524247965,1
TCGA-44-7672-01A,16.4874671579828,24.0042604362384,17.8509641496394,1
TCGA-44-8119-01A,14.308879078893,31.7146145299605,22.009064089953,1
TCGA-44-A479-01A,-0.827742382518107,15.8211702228997,-12.3143458619124,1
TCGA-44-A47A-01A,-8.47351430906259,9.52741873263855,-12.1567920341436,1
TCGA-44-A47G-01A,4.34223661115899,50.4476293476892,32.1576455343659,1
TCGA-44-A4SS-01A,10.314175575079,46.3881505278497,34.6201662333725,1
TCGA-49-4486-01A,21.3896073575378,32.4486500773465,21.1292846417889,1
TCGA-49-4487-01A,10.2341912819878,5.90307628504266,14.2634861733994,1
TCGA-49-4494-01A,8.99862273726888,53.5439656582024,26.0823643773036,1
TCGA-49-4501-01A,16.0661006645681,25.5750670138413,18.4751408474025,1
TCGA-49-4506-01A,9.85321299163236,3.87634351369054,15.0770076641753,1
TCGA-49-4507-01A,17.7843802124363,47.6918520578541,24.917684119275,1
TCGA-49-4514-01A,19.6170976204802,37.4522672756484,22.0836900600946,1
TCGA-49-6742-01A,19.2662530136037,28.8252866362937,28.2545520715351,1
TCGA-49-6743-01A,16.8699874551904,33.3276394750036,31.307898867465,1
TCGA-49-6744-01A,15.114413255695,22.6258333900349,19.4059726498856,1
TCGA-49-AAQV-01A,9.5404980622197,48.1661430822882,35.4157849901026,1
TCGA-49-AAR0-01A,18.37923456912,42.8393541037784,29.9737256132092,1
TCGA-49-AAR2-01A,-3.38486799535277,18.7567557551187,-10.1695953303319,1
TCGA-49-AAR3-01A,10.5840339284955,48.4091060010028,35.2830525193614,1
TCGA-49-AAR4-01A,-7.15918665466185,12.7505538871596,-10.7404592741537,1
TCGA-49-AAR9-01A,21.5116264765993,28.3650642255952,30.2993624042504,1
TCGA-49-AARE-01A,14.9835411013767,50.6467483170145,25.9225606322091,1
TCGA-49-AARR-01A,8.43345673949173,19.0183139441185,13.9489764624785,1
TCGA-4B-A93V-01A,22.486716111376,28.363218080701,31.3311150282639,1
TCGA-50-5044-01A,8.45495222520413,54.0077988953627,25.8582903568159,1
TCGA-50-5045-01A,-8.66328139597647,8.054220871729,-11.6345680700323,1
TCGA-50-5049-01A,-2.81861043495875,6.43188928858086,-13.42629653797,1
TCGA-50-5051-01A,7.47343505872972,51.4786597498664,28.0837890819682,1
TCGA-50-5055-01A,-4.04604131570595,11.1177901396924,-9.12974708812702,1
TCGA-50-5066-01A,-6.41864762849044,21.9668248732993,-10.6001855526672,1
TCGA-50-5068-01A,-8.02793612639904,8.15968099869279,-13.7974431151713,1
TCGA-50-5072-01A,19.6954789444176,28.7447553507193,28.9580577953063,1
TCGA-50-5930-01A,15.1608376123828,23.6902617985262,20.0163482718092,1
TCGA-50-5931-01A,14.4086984579157,31.9155763363523,21.982370958777,1
TCGA-50-5936-01A,18.2023382837855,33.2609834699787,29.9326663117941,1
TCGA-50-5939-01A,9.3251594542569,47.020121369712,37.511427971468,1
TCGA-50-5941-01A,-9.43303218505207,18.5131048336697,-10.209570069175,1
TCGA-50-5944-01A,-10.2409598389173,12.311572377765,-9.95200338358106,1
TCGA-50-6590-01A,11.2764982011614,24.8790312437659,29.3609424191619,1
TCGA-50-6591-01A,15.4220347970623,26.861919382455,25.7680015819373,1
TCGA-50-6592-01A,10.1735670624039,39.8251142560362,35.109980905444,1
TCGA-50-6593-01A,8.26816743568177,51.807023251822,27.3725201888737,1
TCGA-50-6594-01A,7.64172711454562,48.8554749070768,35.2913797698247,1
TCGA-50-6595-01A,7.58296988162263,15.4702487665305,12.2346766896383,1
TCGA-50-7109-01A,-2.13224094183115,4.85615938360568,-13.5104002280727,1
TCGA-50-8459-01A,9.68061405479847,19.9065854178582,15.4898427517177,1
TCGA-53-7624-01A,18.8563613532306,33.4009656151941,26.6979332198246,1
TCGA-53-7626-01A,3.23832737616062,7.96315942067586,5.11176559790893,1
TCGA-53-A4EZ-01A,16.3655374289453,44.4374304462227,31.2134897995465,1
TCGA-55-1592-01A,0.765366966652458,15.4111511661337,-13.3593897118618,1
TCGA-55-1594-01A,12.8699764920029,51.5043224245815,26.7133675704082,1
TCGA-55-1596-01A,12.0971716926686,46.9878545737126,31.0788571057257,1
TCGA-55-5899-01A,10.2356513370502,46.6155778182851,34.6888819626612,1
TCGA-55-6712-01A,8.45406918153808,48.1836376701483,36.6856935801287,1
TCGA-55-6968-01A,13.3182755930687,42.7738362799902,34.810074584573,1
TCGA-55-6970-01A,21.504600443514,28.2560407381989,30.2647769201619,1
TCGA-55-6971-01A,4.42693503321436,14.7566420172577,6.29366930383075,1
TCGA-55-6972-01A,-8.68610574900452,19.2672025710533,-9.17465994485557,1
TCGA-55-6975-01A,13.5323569236598,53.2585471767559,23.4254627650248,1
TCGA-55-6978-01A,9.49597482913309,4.07138732411007,16.8947715427752,1
TCGA-55-6980-01A,17.3644021156226,25.7768148267486,19.8115367406879,1
TCGA-55-6982-01A,15.4268471196864,50.3747286053427,25.7333325388509,1
TCGA-55-6983-01A,4.57741915278031,14.2195211320388,7.4090274984127,1
TCGA-55-6984-01A,16.7034065527084,25.4523153879073,19.3764136371283,1
TCGA-55-6985-01A,12.8813854105595,53.5685201354711,23.547032850887,1
TCGA-55-6987-01A,12.1645041749103,47.7517158255245,34.8071634832686,1
TCGA-55-7284-01B,3.52337190317014,10.3551873886905,5.53599615872421,1
TCGA-55-7570-01A,17.412750113096,32.7226230725983,31.0091573109716,1
TCGA-55-7573-01A,9.81252843316331,20.5560438788112,16.5861431037315,1
TCGA-55-7574-01A,-2.27437084346354,7.30889521582618,0.632121022739702,1
TCGA-55-7724-01A,16.4030578689211,27.244730568247,25.5346724126587,1
TCGA-55-7726-01A,-1.28135504961068,15.3704217542483,-11.1697187787358,1
TCGA-55-7727-01A,-0.759663653404835,8.19299001799905,-12.4342633743034,1
TCGA-55-7815-01A,18.1819851186336,26.1398555330124,27.1500587417341,1
TCGA-55-7816-01A,1.86734456449111,9.9117986169071,3.02212830951162,1
TCGA-55-7910-01A,-1.88217984169082,4.34398275122041,-13.6122121180554,1
TCGA-55-7913-01B,-11.141464281634,9.93593551821608,-13.0809289985226,1
TCGA-55-7995-01A,16.5653954782653,44.3971237747178,30.8958255127596,1
TCGA-55-8085-01A,-5.12012525516561,20.4473483853758,-9.90735980059492,1
TCGA-55-8089-01A,11.5875702428919,43.465121957903,34.9962989803223,1
TCGA-55-8091-01A,6.85766748026343,49.542711961155,30.9684985875975,1
TCGA-55-8092-01A,10.7932314680762,21.7469541363578,18.3712949048289,1
TCGA-55-8094-01A,-2.38282167150587,9.96816993559424,-9.52085062984171,1
TCGA-55-8204-01A,-2.73342654518639,17.953750199589,-10.3063284926349,1
TCGA-55-8205-01A,2.15939014376942,2.10113033773694,-13.4131378314185,1
TCGA-55-8206-01A,14.9416929400194,22.6239747456966,19.5617667934903,1
TCGA-55-8208-01A,18.8221007207397,43.4341784381484,26.3364601323,1
TCGA-55-8299-01A,-10.8704515414109,11.821355600289,-8.78932322748599,1
TCGA-55-8302-01A,7.49530187410939,48.4277840021092,31.7465332161554,1
TCGA-55-8505-01A,18.8758700872363,33.7181563253829,26.216833425635,1
TCGA-55-8506-01A,-5.49585764035208,12.4187127831856,-9.96279854153565,1
TCGA-55-8510-01A,10.6502962364138,52.3889463164477,26.2391894002856,1
TCGA-55-8512-01A,-9.67715724909175,17.4197561494226,-10.7864430211545,1
TCGA-55-8513-01A,4.40828475890102,14.5851848401038,6.63966213113692,1
TCGA-55-8514-01A,-8.70452437509578,13.1132248276338,-11.2600888385665,1
TCGA-55-8614-01A,7.57033136827736,15.2303764936667,12.7482460427356,1
TCGA-55-8619-01A,8.4456423130538,19.081818994128,14.0037748271371,1
TCGA-55-8620-01A,18.511606542933,45.9959614231404,25.2355950470739,1
TCGA-55-8621-01A,10.2334210185528,21.2972908680442,17.7759193922315,1
TCGA-55-A48Y-01A,20.2688990146714,32.9432693291485,22.8950492012681,1
TCGA-55-A492-01A,-3.96017428498886,18.1509295773937,-9.86747290632919,1
TCGA-55-A493-01A,2.63208295815154,53.1649426148913,33.6255300255075,1
TCGA-55-A4DF-01A,11.315547381453,48.0789641063957,35.1159316642503,1
TCGA-55-A4DG-01A,2.26148292547376,8.1904142196675,3.97740490618302,1
TCGA-55-A57B-01A,8.16885476289371,21.3593216041096,18.2114531478276,1
TCGA-62-8394-01A,-5.92038984468702,12.5285023059287,-10.1365536544949,1
TCGA-62-8395-01A,18.9981813776477,45.1268220772639,24.5441537536913,1
TCGA-62-8398-01A,18.0084731552739,43.6346554340906,30.580686103805,1
TCGA-62-8399-01A,12.6353674995147,25.6613170825786,28.787073657161,1
TCGA-62-A46O-01A,18.9830170268311,32.978982119787,26.793181840625,1
TCGA-62-A46P-01A,-9.79454358014313,13.6806351599879,-11.2931313231442,1
TCGA-62-A46R-01A,-1.42113152029124,6.03921829489721,-12.9387967374489,1
TCGA-62-A470-01A,18.925789581867,43.5801315423237,26.0249601014755,1
TCGA-62-A471-01A,17.310409150853,33.0313693546682,31.2627683670058,1
TCGA-64-1678-01A,18.495253221265,44.4576946032398,28.6629479515226,1
TCGA-64-1679-01A,1.88981210441846,9.45646481694823,3.46190798685203,1
TCGA-64-1681-01A,22.1291516449903,28.5039690152524,30.1722364145364,1
TCGA-64-5774-01A,-1.82372057930781,3.35531223054296,-13.5979414585851,1
TCGA-64-5775-01A,-1.51484536657398,3.36534740496425,-14.9145040511091,1
TCGA-64-5779-01A,4.72267351455402,8.30749045538983,6.45096828774478,1
TCGA-64-5781-01A,17.9395838470458,28.742166953212,26.0580519384925,1
TCGA-67-3770-01A,21.5242236731651,32.7098855568416,20.6003161663495,1
TCGA-67-3771-01A,18.8885705921252,33.0614201061445,26.8810563864419,1
TCGA-67-3772-01A,19.5124534699568,38.0956293792138,22.9017963141838,1
TCGA-67-3774-01A,17.5566424935279,45.161813573695,27.6926289748654,1
TCGA-67-6217-01A,15.3695915723637,23.9621282939425,20.0363899624358,1
TCGA-69-7761-01A,13.7547936084288,31.1847915357906,21.59273942981,1
TCGA-69-7763-01A,9.26192502093556,5.24145109193448,13.8316567183572,1
TCGA-69-7764-01A,2.13204220777163,2.21966714210063,-13.3205561646227,1
TCGA-69-7765-01A,-2.58763269228761,9.49834016275538,0.0404418719229047,1
TCGA-69-7978-01A,2.34464073123759,8.66281000776303,4.25613856875298,1
TCGA-69-7979-01A,9.91119028442014,47.0705027114485,34.7426012870545,1
TCGA-69-8253-01A,21.4111013609306,31.8826330804466,21.0765346184508,1
TCGA-69-8254-01A,-2.50233542753888,9.05597096327725,0.294894772991064,1
TCGA-69-8255-01A,18.2357109926212,27.4895005740125,27.9045778221374,1
TCGA-69-8453-01A,21.3467344273478,32.9754283873361,21.4433311936872,1
TCGA-69-A59K-01A,10.0955203959895,39.2660550805353,35.159581944356,1
TCGA-73-4659-01A,5.95529919885082,49.8538728175686,30.3081019581739,1
TCGA-73-4666-01A,6.97135708020123,49.1095307205211,33.007766265893,1
TCGA-73-4670-01A,17.889803313918,32.3525357113792,30.5612510496375,1
TCGA-73-4675-01A,18.3945241784942,33.0718715532769,30.6371890046372,1
TCGA-73-4676-01A,7.22574418102956,48.7895339451764,31.2691522778515,1
TCGA-73-4677-01A,-9.3291177094731,18.6558571628667,-10.7544191235342,1
TCGA-73-7498-01A,9.46849235321009,51.6829382981752,27.0357686104476,1
TCGA-73-7499-01A,-1.60623165225229,19.114540886588,-10.7861444802664,1
TCGA-73-A9RS-01A,18.103442617619,27.8326606893819,28.400302646152,1
TCGA-75-5122-01A,7.80602430655912,47.9142775931057,31.6442568106125,1
TCGA-75-5125-01A,4.89564992477603,7.76539913358679,6.47854867794808,1
TCGA-75-5146-01A,-1.25878963289842,7.02738080152736,-12.7522587032565,1
TCGA-75-5147-01A,-9.37098267484586,14.9101570958842,-10.9694658336047,1
TCGA-75-6205-01A,5.76922706553167,49.8350387058451,32.3046615703801,1
TCGA-75-6206-01A,21.3902388258747,31.3878331894761,21.1201966971139,1
TCGA-75-6211-01A,11.5430771571029,48.4245408632492,35.0149518502923,1
TCGA-75-6214-01A,-2.43025210640672,15.0018803764934,-9.72578132443573,1
TCGA-75-7027-01A,14.2150648606972,51.2399648725993,25.8753100274836,1
TCGA-75-7030-01A,2.66949168712177,11.3968676235438,4.6095866590774,1
TCGA-75-7031-01A,13.6754685517003,46.6232597145564,34.3506344122602,1
TCGA-78-7145-01A,9.47263316102345,2.23700702451812,15.3825174215046,1
TCGA-78-7146-01A,6.8471532035042,50.8372492447158,28.8981209783107,1
TCGA-78-7147-01A,17.9323138625405,28.5792310530121,26.9516069438781,1
TCGA-78-7148-01A,18.2983886939273,42.9188339588623,30.158421567619,1
TCGA-78-7149-01A,19.6548845739777,37.347303526245,21.9985750995569,1
TCGA-78-7150-01A,19.3864731905351,39.0976147892511,23.5004688748382,1
TCGA-78-7154-01A,9.57996022857946,45.2512302452068,33.9716607777101,1
TCGA-78-7155-01A,18.0455226056509,27.632714231724,28.2016659790429,1
TCGA-78-7156-01A,-5.04017593856241,20.093830600625,-9.88213980978387,1
TCGA-78-7159-01A,-1.84704960425966,2.46527819219429,-13.854537943639,1
TCGA-78-7160-01A,16.9163191314875,44.2221784224516,30.838293627186,1
TCGA-78-7162-01A,19.9940637300582,35.9565040455506,21.981065019343,1
TCGA-78-7163-01A,11.1789077341926,53.3202402393503,25.0759270067646,1
TCGA-78-7166-01A,18.6387754386781,41.9744840223889,30.3856495771663,1
TCGA-78-7167-01A,-8.47710887219085,20.4308938046149,-10.8888386542531,1
TCGA-78-7220-01A,13.3903390623349,45.5490836124984,34.038715670016,1
TCGA-78-7536-01A,1.99805550561291,2.23024934544018,-13.3773873436904,1
TCGA-78-7537-01A,-2.46923939907599,7.96336198891136,-6.26765368733498,1
TCGA-78-7539-01A,11.1708954245614,3.40391469851327,15.7971970879653,1
TCGA-78-7540-01A,-2.67711101718956,15.0279588903397,-9.72241943671837,1
TCGA-78-7542-01A,17.4664705654321,48.0541069799793,25.1101061809551,1
TCGA-78-7633-01A,-9.11714846768481,19.0568738166157,-9.94127688944217,1
TCGA-78-8640-01A,7.52804618395851,48.7473790956681,33.5237572407243,1
TCGA-78-8648-01A,8.72459918911476,19.2746245421244,14.3760200267401,1
TCGA-78-8660-01A,-9.16900280073462,20.5068979379676,-11.0452502613046,1
TCGA-78-8662-01A,-2.38890862287192,9.02273427464153,-8.71054639069297,1
TCGA-80-5611-01A,10.3239204814612,52.818547495389,26.0583249589568,1
TCGA-83-5908-01A,6.52734431604819,1.71148710777169,2.05162838042593,1
TCGA-86-6562-01A,4.43721847844269,14.5371413732866,6.78223389582696,1
TCGA-86-6851-01A,4.63277206410063,6.72290282875074,5.8127545017761,1
TCGA-86-7701-01A,-1.59446254310479,7.51782564864968,-1.10650982140787,1
TCGA-86-7711-01A,12.4992642023341,42.7720972494415,35.1692096520935,1
TCGA-86-7953-01A,7.4606239338986,48.8492072388063,34.2779273333844,1
TCGA-86-7954-01A,17.7428288373698,46.1682161808122,26.7588415602528,1
TCGA-86-7955-01A,5.79323301341627,49.7763650506655,31.4556375807724,1
TCGA-86-8054-01A,-1.64139418572167,3.41577467552415,-14.0288717312332,1
TCGA-86-8055-01A,8.20322706103688,48.3535924769191,36.4691522677382,1
TCGA-86-8073-01A,19.3351253982107,39.4934569199624,23.7540441585826,1
TCGA-86-8074-01A,17.8162942740371,24.995170469239,19.35399269809,1
TCGA-86-8075-01A,15.3028009934117,32.6167719056041,31.6351897171566,1
TCGA-86-8278-01A,13.8160615432889,42.3550762356844,34.7166876208233,1
TCGA-86-8280-01A,9.78197124997954,41.0871486601632,35.0529193786856,1
TCGA-86-8281-01A,18.8254662822027,40.85013014825,30.3362675257612,1
TCGA-86-8358-01A,17.9051549393034,33.6898219262903,29.950959404956,1
TCGA-86-8359-01A,-10.4193314084505,9.45175618866341,-11.3837959127459,1
TCGA-86-8585-01A,7.41952992181826,17.2793395062996,11.3890129085698,1
TCGA-86-8671-01A,3.67486702680155,50.644424399401,32.3618557981712,1
TCGA-86-8672-01A,8.41140310861459,51.5931413113764,27.5019213182132,1
TCGA-86-8673-01A,2.80919738495724,6.9890437135023,2.37775379371615,1
TCGA-86-8674-01A,20.9595231963018,29.3407573399384,28.939414063044,1
TCGA-86-A4D0-01A,18.4774598776197,45.6006474864119,26.4974881647999,1
TCGA-86-A4JF-01A,-8.49186755115274,7.83098649599493,-12.4997255465384,1
TCGA-86-A4P7-01A,-8.98974564579004,9.02625278678417,-11.7955365558669,1
TCGA-86-A4P8-01A,14.5618478410685,20.6101928611298,16.9684999828763,1
TCGA-91-6830-01A,-3.77455466288596,17.7753339266529,-9.83476802109102,1
TCGA-91-6831-01A,15.1709644361271,26.5335886823538,24.95341098847,1
TCGA-91-6835-01A,4.96792695046233,7.84269909864584,6.58205473766229,1
TCGA-91-6840-01A,0.478479473836223,15.4578821783128,-13.1666010376923,1
TCGA-91-6847-01A,17.432942908811,28.2846192738625,27.8014910615274,1
TCGA-91-6848-01A,18.2593766716784,28.3899825778069,27.5491380307432,1
TCGA-91-6849-01A,19.3613988269043,44.24733298959,23.9206443291229,1
TCGA-91-7771-01A,-0.494596339943728,4.92461488433366,-12.9781771136595,1
TCGA-91-8496-01A,9.56020527662844,3.0199957499017,15.3718206380553,1
TCGA-91-8499-01A,-1.46574984523832,3.64936453899243,-14.5613700013247,1
TCGA-93-7348-01A,-2.55509318436939,10.1020132766221,-0.356512995015814,1
TCGA-93-8067-01A,17.9163646621205,44.269078616519,30.793433914492,1
TCGA-93-A4JN-01A,7.61742995674339,7.8792582386447,10.2948265705817,1
TCGA-93-A4JO-01A,8.96950850201338,53.9832759366838,25.7063233724376,1
TCGA-93-A4JP-01A,-2.80988767613158,16.1159895131417,-9.75925143509873,1
TCGA-95-7043-01A,18.330221947399,33.515205002163,28.9120142881176,1
TCGA-95-7562-01A,11.0416158004062,3.33668596551009,15.9333232595361,1
TCGA-95-7567-01A,-2.43023644606314,9.12851986519261,-8.73164787114939,1
TCGA-95-7944-01A,1.91268769854396,9.67441017422483,3.13078251552361,1
TCGA-95-7947-01A,14.1605342883214,26.8111696091033,23.2682513873837,1
TCGA-95-8039-01A,-2.34663800592816,18.5561470930723,-10.5435663715473,1
TCGA-95-A4VK-01A,11.9819697446006,20.6345645784181,16.8933932174573,1
TCGA-95-A4VP-01A,-8.59666505143058,9.34113390174427,-12.1472139457928,1
TCGA-97-7546-01A,6.15835949753594,7.06230094559463,8.01319574748753,1
TCGA-97-7552-01A,3.95111793532598,10.3827281522547,6.05991829854393,1
TCGA-97-7553-01A,15.0343028166555,27.3653349351665,27.2359520883975,1
TCGA-97-7937-01A,-10.8464995929016,10.5022153108478,-12.3122486939706,1
TCGA-97-7941-01A,10.0503654550991,4.20705029975849,14.8631069125138,1
TCGA-97-8174-01A,14.6792781359624,27.034296951492,27.5141354890053,1
TCGA-97-8176-01A,18.7837427334728,43.1218512034076,31.3953469098109,1
TCGA-97-8177-01A,-9.47589731906634,14.8107592954375,-10.9970860558926,1
TCGA-97-8179-01A,13.3179235892709,51.5496363700037,26.1561424989516,1
TCGA-97-A4LX-01A,12.3564082614073,20.4815628881449,16.2980141166686,1
TCGA-97-A4M1-01A,14.8439817375175,20.6039941386769,17.0645204743666,1
TCGA-97-A4M2-01A,16.531348270814,23.5136480632874,18.0724269747495,1
TCGA-97-A4M3-01A,20.9801494947315,29.6825328422887,28.7198714010952,1
TCGA-97-A4M5-01A,9.75968846836847,4.54390733353706,14.4869234519362,1
TCGA-97-A4M6-01A,17.4332297926008,45.9000397008129,27.3329094330542,1
TCGA-97-A4M7-01A,2.23885271497437,13.9033663660444,4.26336185936699,1
TCGA-99-8025-01A,-6.80781623351669,21.5235763264728,-10.700233431773,1
TCGA-99-8028-01A,8.16047573327891,3.56319507113636,13.9253956095636,1
TCGA-99-8033-01A,18.401563367425,32.8005538406337,29.5683290971558,1
TCGA-99-AA5R-01A,4.61631012075347,14.229992327111,7.5606907552028,1
TCGA-J2-8192-01A,9.045211369755,21.1928771355991,17.788352994034,1
TCGA-J2-8194-01A,6.79893530838265,50.7607820397404,29.0623093394549,1
TCGA-J2-A4AD-01A,18.332185189416,44.8874698131804,31.027429408001,1
TCGA-J2-A4AE-01A,-2.2908591973815,8.69076757579942,-1.76401256707108,1
TCGA-J2-A4AG-01A,-2.56586870719525,9.73662110174114,-0.430741563309144,1
TCGA-L4-A4E5-01A,8.0884573906855,8.22064471360824,9.78221696842034,1
TCGA-L4-A4E6-01A,2.47217101362653,13.5384278157856,4.44471455378666,1
TCGA-L9-A50W-01A,-9.57620071243596,12.6271636813709,-10.3064274493919,1
TCGA-L9-A5IP-01A,13.9913654575292,51.3264707378469,25.9746199967221,1
TCGA-L9-A743-01A,-10.6912495319566,11.6437714350583,-10.1903899715442,1
TCGA-L9-A7SV-01A,8.69211038028818,5.64671279865019,11.7598777109318,1
TCGA-L9-A8F4-01A,6.08689473981029,7.00859999532899,7.90568376880602,1
TCGA-MN-A4N4-01A,11.3240015189874,24.8739295762512,29.31650011019,1
TCGA-MN-A4N5-01A,-7.77718348730522,13.019608641907,-10.7433947156097,1
TCGA-MP-A4SW-01A,-3.16021707732187,16.2392460726877,-9.55537394171473,1
TCGA-MP-A4T4-01A,7.66069523243666,7.98933377009034,10.2628384444627,1
TCGA-MP-A4T6-01A,2.55417134941638,12.3550292775256,4.54900611179563,1
TCGA-MP-A4T7-01A,-8.27820134635015,19.4283973914303,-8.65693672441098,1
TCGA-MP-A4T8-01A,-2.53245561895604,15.0532926819981,-9.43514097714459,1
TCGA-MP-A4T9-01A,7.57168314645495,15.1805607465608,12.8005964470291,1
TCGA-MP-A4TA-01A,-3.25349667233044,17.7861591308106,-10.020529040787,1
TCGA-MP-A4TC-01A,-2.29371087112671,8.03996410513704,-3.70747450419057,1
TCGA-MP-A4TD-01A,12.6409082753942,53.513429925645,23.8013959040893,1
TCGA-MP-A4TE-01A,7.74564984264637,52.0339575548184,27.5836891813903,1
TCGA-MP-A4TF-01A,9.31869157305803,20.993299135393,17.4142685623616,1
TCGA-MP-A4TI-01A,16.1576933145398,25.28480925668,17.3095571191051,1
TCGA-MP-A4TJ-01A,7.95207205048717,8.58952490928715,11.1567324528734,1
TCGA-MP-A5C7-01A,19.687198926973,37.0302462749891,21.8451092484461,1
TCGA-NJ-A4YP-01A,9.54381840523261,4.71017165287365,13.8672885826091,1
TCGA-NJ-A4YQ-01A,12.4860385907775,42.9283957204668,35.0770129100503,1
TCGA-NJ-A55A-01A,-2.32233207535824,8.06635944777648,0.725671844064641,1
TCGA-NJ-A55O-01A,16.2679842731323,25.3550235806868,18.2117105111533,1
TCGA-NJ-A55R-01A,18.6036192742455,45.1187419034602,26.6363998948183,1
TCGA-O1-A52J-01A,10.7495592320726,53.2430270972563,25.6288530970425,1
TCGA-S2-AA1A-01A,-7.15428837359859,13.08496677749,-11.9280547293753,1
TCGA-05-4250-01A,-23.7001299986104,-62.4376861388807,-36.3970522311839,2
TCGA-05-4390-01A,-12.4374050798866,-62.5078460243652,-28.2323943972748,2
TCGA-05-4398-01A,-26.9958578919686,-52.4249741592711,-41.2883590217999,2
TCGA-05-4405-01A,-12.9734793676009,-64.6972101291177,-31.438540317169,2
TCGA-05-4422-01A,-22.2752537386093,-65.5965938267535,-32.565743287858,2
TCGA-05-4424-01A,-16.01060114822,-64.0186343590728,-34.0439477709578,2
TCGA-05-4425-01A,-26.1634809195177,-64.1743379044343,-33.5633014758899,2
TCGA-05-4426-01A,-22.5284012411568,-58.9573604013141,-29.9004920910671,2
TCGA-05-4427-01A,-7.55683612617226,-62.4256147401371,-30.1267122420398,2
TCGA-05-4430-01A,-8.54287887004045,-58.6223175416428,-29.9445762161315,2
TCGA-44-2659-01A,-9.53706890678376,-66.6363851864873,-29.31864439691,2
TCGA-44-2666-01A,-12.5631376912702,-64.8778768919946,-31.2288944986047,2
TCGA-44-3919-01A,-5.81075685314836,-58.4368407862306,-30.9644342009198,2
TCGA-44-5645-01A,-11.7898241735744,-61.9435965260322,-23.6504513356051,2
TCGA-44-7659-01A,-13.4106583346238,-65.2617724111507,-29.3080003364084,2
TCGA-44-7661-01A,-14.4216052121952,-64.700416743033,-35.3017907357944,2
TCGA-44-7662-01A,-22.7456256826534,-56.4785470041891,-28.8965840439567,2
TCGA-44-8117-01A,-22.7427456138227,-56.5223361496506,-28.9307704902859,2
TCGA-44-8120-01A,-21.9677766310119,-65.0824273319389,-31.904741905455,2
TCGA-44-A47B-01A,-14.4640367945687,-65.3346295107157,-33.48431353833,2
TCGA-44-A4SU-01A,-11.6877145023054,-61.8743159583636,-24.7172970949604,2
TCGA-49-4488-01A,-26.7040047757723,-64.4568844779453,-33.5157636812591,2
TCGA-49-4490-01A,-30.212354286571,-47.8041762954974,-35.5443567151197,2
TCGA-49-4505-01A,-30.4477050599881,-47.7255089830641,-36.5658879023071,2
TCGA-49-4510-01A,-7.9973083896588,-57.1020908601952,-25.0825159737363,2
TCGA-49-4512-01A,-28.6930687386502,-54.5602934099819,-37.0621817879384,2
TCGA-49-6745-01A,-7.77522291719904,-58.3867048154297,-27.2136575127442,2
TCGA-49-6761-01A,-29.0882054900776,-50.7777382930164,-38.3239635136883,2
TCGA-49-6767-01A,-14.6796490798086,-65.1239131725233,-34.3194323729725,2
TCGA-49-AARN-01A,-29.0331090730222,-53.2340468518824,-38.6770998416558,2
TCGA-49-AARO-01A,-29.3548262739545,-52.326224406978,-38.3004193147289,2
TCGA-49-AARQ-01A,-21.0988555168875,-59.3132741618268,-23.6654524183593,2
TCGA-50-5932-01A,-26.1593853162494,-64.3630825438388,-33.4880999021019,2
TCGA-50-5933-01A,-6.90598127519709,-62.0843198612921,-29.92229081498,2
TCGA-50-5935-01A,-28.9559370000078,-51.7882266325707,-39.354139879932,2
TCGA-50-5942-01A,-12.4950806415199,-62.837856725955,-26.4261888433442,2
TCGA-50-5946-01A,-8.82212903933779,-59.17199903245,-27.4828773674463,2
TCGA-50-6597-01A,-22.2004703252955,-53.2822401335794,-41.3161298863821,2
TCGA-50-6673-01A,-8.98046969054319,-58.0660482296511,-30.8294862555775,2
TCGA-50-8457-01A,-11.7477009379679,-64.8954442540696,-35.2488706862037,2
TCGA-50-8460-01A,-11.6673384073042,-62.401615989797,-27.5339660205676,2
TCGA-53-7813-01A,-17.0471636237579,-66.7443752710923,-33.2056160262897,2
TCGA-55-6543-01A,-19.999083922241,-62.2982318773736,-28.3266082672058,2
TCGA-55-6642-01A,-12.5041838783312,-62.7048488510802,-25.434031924156,2
TCGA-55-6979-01A,-5.84318412107589,-58.4552715151444,-30.9494651786471,2
TCGA-55-6981-01A,-20.8872121344686,-59.478189364579,-24.044597844131,2
TCGA-55-6986-01A,-11.795624499699,-62.6616842455919,-27.6431805444397,2
TCGA-55-7227-01A,-14.3346931581129,-66.178082957882,-30.5989916705991,2
TCGA-55-7281-01A,-28.4915838278314,-53.2154184747307,-39.2792142590902,2
TCGA-55-7283-01A,-28.8570097918635,-53.342635357364,-38.7721545642493,2
TCGA-55-7576-01A,-8.62297004706511,-60.4681305859069,-28.849508156312,2
TCGA-55-7725-01A,-7.40032522078484,-62.1541261610007,-30.1930626829553,2
TCGA-55-7728-01A,-30.6114815900481,-45.0479206031629,-35.6186009811227,2
TCGA-55-7903-01A,-9.19518120612297,-59.5309111899384,-27.6249139874602,2
TCGA-55-7907-01A,-16.5963084554647,-64.322652887569,-29.8410381787307,2
TCGA-55-7911-01A,-23.9247716868318,-62.3840316350595,-35.8599457334069,2
TCGA-55-7914-01A,-23.9635355931296,-63.4693581755692,-34.9886459276374,2
TCGA-55-7994-01A,-7.64711497528761,-58.1854198506809,-26.6641592797789,2
TCGA-55-8087-01A,-12.1898900909884,-65.6367707453155,-32.8972252219511,2
TCGA-55-8090-01A,-24.2361496466791,-60.659611948355,-31.9486192722617,2
TCGA-55-8096-01A,-11.6962154305107,-61.898771857047,-23.1695705426155,2
TCGA-55-8097-01A,-13.9467783768573,-66.0917199561032,-30.5568251588513,2
TCGA-55-8203-01A,-19.9657431990181,-62.7062933063959,-28.709419460165,2
TCGA-55-8207-01A,-12.5516347493898,-62.3823622753183,-27.8116587976136,2
TCGA-55-8301-01A,-18.5454475349982,-66.6990946052622,-31.5354057817024,2
TCGA-55-8507-01A,-17.7728058235,-65.0797709352069,-34.5255499274677,2
TCGA-55-8508-01A,-16.9257456817387,-66.4998946612357,-31.8502411876444,2
TCGA-55-8511-01A,-9.19529150690051,-58.6210113971261,-27.1995864066075,2
TCGA-55-8615-01A,-30.4012098120394,-47.6294987043013,-36.2502890327946,2
TCGA-55-8616-01A,-27.6251511517,-52.8166719728217,-40.3262722029723,2
TCGA-55-A48X-01A,-12.5970940056702,-62.9316072645425,-35.9679221654944,2
TCGA-55-A48Z-01A,-23.1847955279925,-58.855060643406,-30.4709724086902,2
TCGA-55-A490-01A,-24.7570031270289,-54.0453086909558,-42.0037185894881,2
TCGA-55-A491-01A,-28.999704540295,-52.410742353841,-39.2610167818873,2
TCGA-55-A494-01A,-22.6967541881466,-63.2683985949341,-35.4944009112047,2
TCGA-62-8397-01A,-19.7943442470993,-59.7463545960731,-25.435681802316,2
TCGA-62-8402-01A,-21.2343688819969,-59.2301605757525,-23.4334291381442,2
TCGA-62-A46S-01A,-12.0937429201525,-67.1033684129768,-33.5690001150484,2
TCGA-62-A46V-01A,-24.0765025402207,-62.2371209008331,-34.8657232014512,2
TCGA-62-A46Y-01A,-28.8906029658704,-53.6144527708508,-38.0743073812835,2
TCGA-62-A472-01A,-15.8260461106167,-65.5413259781878,-30.4625893276119,2
TCGA-64-1676-01A,-25.2637113460022,-61.6015081214477,-33.4199241787658,2
TCGA-64-1677-01A,-8.4552333621067,-60.43794168675,-28.3620767435134,2
TCGA-64-1680-01A,-27.6263494681501,-53.1519802473545,-40.1198997611769,2
TCGA-64-5778-01A,-24.098698027031,-63.7415018321614,-35.1507015962478,2
TCGA-64-5815-01A,-30.0360282136045,-47.9391955240636,-34.4674723751074,2
TCGA-67-3773-01A,-15.0588410836167,-67.152127152296,-30.5001343734178,2
TCGA-67-4679-01B,-16.8402246346052,-66.1611641523954,-30.9289725074623,2
TCGA-67-6215-01A,-22.4608379079926,-53.8854896324858,-41.2600428573025,2
TCGA-67-6216-01A,-12.9446237867216,-64.5862927150001,-30.9596837292493,2
TCGA-69-7760-01A,-8.52763902515713,-65.850302127755,-27.762083101708,2
TCGA-69-7973-01A,-23.336838781894,-63.061568568302,-35.7490521373933,2
TCGA-69-7974-01A,-9.4480316254172,-59.645177138326,-27.4664288277031,2
TCGA-69-7980-01A,-29.9046113432697,-47.9406372306428,-33.9756154980752,2
TCGA-71-6725-01A,-21.9691404884426,-54.6155711999504,-41.0447100660665,2
TCGA-71-8520-01A,-13.4596563546014,-63.7202655751086,-31.2933477570668,2
TCGA-73-4658-01A,-24.5607062231398,-61.4716044869303,-35.1086948020163,2
TCGA-73-4662-01A,-24.2096314546702,-53.8589511542439,-41.4791655323451,2
TCGA-73-4668-01A,-7.75629733103133,-56.6919607520713,-24.4402792888769,2
TCGA-75-5126-01A,-25.9360662136231,-53.263929137594,-34.8042968050953,2
TCGA-75-6203-01A,-28.9156965163256,-47.6275833681233,-30.5097645693882,2
TCGA-75-6207-01A,-17.8829692723266,-63.0862652039789,-29.6861427021311,2
TCGA-75-6212-01A,-16.0215815003737,-65.5910764040514,-30.4607984243459,2
TCGA-75-7025-01A,-18.4126660733937,-60.305655374828,-25.5255983240037,2
TCGA-78-7143-01A,-11.6277343238539,-65.8972286030952,-35.0903301351218,2
TCGA-78-7152-01A,-22.6126925388467,-54.3801244242051,-41.2178759572952,2
TCGA-78-7153-01A,-15.9015680166485,-68.2035722376911,-30.6202641275613,2
TCGA-78-7158-01A,-12.2807146805092,-67.020289887867,-33.4013752761344,2
TCGA-78-7161-01A,-30.0275458985988,-52.6701894910142,-39.2102969553512,2
TCGA-78-7535-01A,-30.6490115819239,-44.7668093688281,-35.6134581961469,2
TCGA-78-8655-01A,-24.9372811123454,-61.3961985733715,-33.6532800256427,2
TCGA-80-5607-01A,-7.82315328295087,-60.7532196112107,-30.9627014060823,2
TCGA-80-5608-01A,-25.3408232393053,-64.1173962621246,-33.9196903133584,2
TCGA-86-7713-01A,-8.09209682868128,-56.8081443276579,-24.6649388812552,2
TCGA-86-7714-01A,-12.1431909027872,-62.8250339396047,-26.4662446041078,2
TCGA-86-8056-01A,-17.3623224906788,-66.2165367871011,-31.2348923786188,2
TCGA-86-8076-01A,-7.85361572902447,-60.9133689864273,-31.74204197432,2
TCGA-86-8279-01A,-8.45369717399184,-66.1888403317366,-29.1325425873137,2
TCGA-86-8668-01A,-11.828521278883,-61.947820349116,-24.121435778575,2
TCGA-86-8669-01A,-18.3959018230197,-64.1054081659254,-33.67369076175,2
TCGA-86-A456-01A,-8.47234073005875,-65.8926230468835,-27.850733087318,2
TCGA-91-6828-01A,-13.429190266163,-62.3719240453285,-27.355782762956,2
TCGA-91-6829-01A,-7.88336053685296,-56.8506703000609,-24.7113414705652,2
TCGA-91-6836-01A,-7.49790074325679,-58.2937268397277,-26.51641399084,2
TCGA-91-8497-01A,-9.43281574221257,-63.618902266559,-35.0416580250369,2
TCGA-91-A4BC-01A,-22.7724407886186,-58.602123172801,-29.9766957683046,2
TCGA-91-A4BD-01A,-14.8059921214894,-68.1127091924006,-30.3829109685045,2
TCGA-93-7347-01A,-21.9360898162163,-65.6360291600223,-32.3544930519577,2
TCGA-93-A4JQ-01A,-24.3527885117084,-63.3026106781361,-33.6508672757076,2
TCGA-95-7039-01A,-19.3978398226888,-60.0138836850849,-25.7185969387849,2
TCGA-95-7948-01A,-9.16764365707757,-66.4755464741844,-29.2112921866748,2
TCGA-95-8494-01A,-29.929072960272,-47.9682850523257,-34.0866167867218,2
TCGA-95-A4VN-01A,-18.6977551066939,-60.3543211801277,-25.7639500692436,2
TCGA-97-7547-01A,-13.6078168418301,-62.8853227320115,-26.3673173012675,2
TCGA-97-7554-01A,-11.2851383222564,-66.3471683246858,-34.9672337219633,2
TCGA-97-7938-01A,-14.179936164155,-65.3319114510765,-33.6407389638084,2
TCGA-97-8171-01A,-16.966103441187,-66.7177377814484,-32.5734768679243,2
TCGA-97-8172-01A,-14.0383822520415,-63.1227325795661,-26.2185075616266,2
TCGA-97-8175-01A,-15.7306993385715,-68.1933869242141,-30.5537396987414,2
TCGA-97-8547-01A,-20.0420410373565,-59.6136203529101,-25.6616231705972,2
TCGA-97-8552-01A,-28.9412533448148,-47.5875489978869,-30.5506211901663,2
TCGA-97-A4M0-01A,-29.726233489407,-50.9549643094965,-37.7514161117588,2
TCGA-99-7458-01A,-10.228470905593,-64.4643950743651,-35.0916468615359,2
TCGA-99-8032-01A,-24.5843447174984,-53.8054286344425,-41.539009778476,2
TCGA-L9-A443-01A,-18.0223634876494,-64.8451672304314,-34.6890003187176,2
TCGA-L9-A444-01A,-13.1316317145188,-64.8891204458763,-29.5235976768149,2
TCGA-MN-A4N1-01A,-28.302703228214,-50.2589863450369,-38.2608637006221,2
TCGA-MP-A4SV-01A,-17.9811664186578,-63.2267385925672,-29.9680378560989,2
TCGA-MP-A4SY-01A,-19.0232896946407,-59.9407934336751,-25.0397581425221,2
TCGA-MP-A4TH-01A,-11.3962330995737,-65.2792124086033,-35.2264483240847,2
TCGA-MP-A4TK-01A,-30.0165126853388,-48.5577483423926,-35.2811726346512,2
TCGA-NJ-A4YF-01A,-8.47540287117431,-58.624934186319,-29.4531173581168,2
TCGA-NJ-A4YG-01A,-22.4057786762759,-54.3079988089544,-41.1854269829237,2
TCGA-NJ-A4YI-01A,-8.78500351314059,-61.4338207048474,-29.6683637583865,2
TCGA-NJ-A7XG-01A,-21.8678092606199,-65.0957389995648,-31.7943748461699,2
