Sample,X,Y,Z,Cluster
TCGA-05-4382-01A,6.80767830690244,64.8738100761027,15.8627302096536,1
TCGA-05-4389-01A,6.65594494415236,65.3760462330783,20.4231157159222,1
TCGA-05-4390-01A,14.4408455782211,58.5071060153824,5.84021401047656,1
TCGA-05-4395-01A,7.56849701518554,62.79762598652,22.0498251261798,1
TCGA-05-4398-01A,-7.72895771421129,70.9898385102352,3.10924084514139,1
TCGA-05-4405-01A,-2.81486042011808,69.9813479627987,10.1134460590328,1
TCGA-05-4420-01A,14.8138820418869,58.109497101933,5.99628756784702,1
TCGA-05-4422-01A,4.2891566118804,67.1668751658547,11.6450108754991,1
TCGA-05-4425-01A,6.28067029175525,74.801171163855,9.81389519787955,1
TCGA-05-4427-01A,13.6386247521112,61.6700902309733,5.99085093321656,1
TCGA-05-4432-01A,2.84778504305637,69.5836243031413,16.088876236167,1
TCGA-05-4434-01A,4.24127598244548,67.4861906398869,17.3026141943472,1
TCGA-05-5428-01A,11.1770102296746,61.5935560243002,6.26891204569767,1
TCGA-05-5429-01A,3.02213865568607,69.4053280186405,17.2186989511965,1
TCGA-35-3615-01A,-0.478516673941734,64.9782266215401,14.604337416048,1
TCGA-35-4122-01A,15.2960830967898,58.1797251898306,6.30755403544196,1
TCGA-35-5375-01A,7.78396526646782,66.1207317784409,7.21357466330238,1
TCGA-38-4625-01A,12.821655816268,61.871565052467,4.9434076223292,1
TCGA-38-4627-01A,-8.64386374939546,71.6141797930923,5.69823453889998,1
TCGA-38-4630-01A,8.72579541520683,62.1424057689654,7.11891108758993,1
TCGA-44-2655-01A,1.47247263634905,69.2024243444693,18.7648863118792,1
TCGA-44-3396-01A,-5.67735910591176,71.3199389711397,7.5140224173957,1
TCGA-44-4112-01A,-3.95575640462166,67.8481881786272,11.9079175870377,1
TCGA-44-5643-01A,7.92567974223153,64.9074189542123,15.5249804833073,1
TCGA-44-5644-01A,10.1009795612305,56.2658697742752,5.68454997712664,1
TCGA-44-6774-01A,-5.70092950617236,71.3141535722983,7.46260878052606,1
TCGA-44-6779-01A,4.23875107849908,67.7733632232755,17.0922229789507,1
TCGA-44-7667-01A,8.38491096383729,65.6347441401511,7.01426836840385,1
TCGA-44-7671-01A,2.02381010997901,68.2441559725848,11.9280266951563,1
TCGA-44-A47A-01A,6.26240340509018,58.857945417551,9.03418271733964,1
TCGA-49-4486-01A,4.39784242982767,64.3943556708276,19.001300367095,1
TCGA-49-4487-01A,11.4723323743372,61.1916316397755,6.34145447468561,1
TCGA-49-4494-01A,2.55058545842092,69.9726790489752,15.219525037635,1
TCGA-49-4507-01A,6.77174555206877,65.1315255540385,15.8040473245149,1
TCGA-49-4514-01A,4.62617757179435,67.4972965041167,9.43604383210066,1
TCGA-49-6742-01A,5.48319819783648,65.2905647964638,18.7400623519067,1
TCGA-49-6761-01A,-1.94706685547728,70.0964396156615,11.6043077922938,1
TCGA-49-AAQV-01A,-5.58456163302032,70.5011063138681,5.39033020504239,1
TCGA-49-AAR2-01A,5.17241843744325,59.635804121204,12.0267684393791,1
TCGA-49-AARE-01A,-7.81749851992223,70.9982975826662,2.94656675835158,1
TCGA-49-AARN-01A,0.597371028239599,63.595796837608,13.8588160733634,1
TCGA-49-AARO-01A,-2.81548920331977,58.3868410473657,7.85565425539338,1
TCGA-49-AARQ-01A,9.52387813848398,56.4804257166928,6.01627387665384,1
TCGA-4B-A93V-01A,4.42508643376816,67.6045810805846,10.5469843624815,1
TCGA-50-5045-01A,9.44927328788699,63.7679458743397,5.63325536868198,1
TCGA-50-5051-01A,-3.90749238464215,67.1731262706109,11.9229445060187,1
TCGA-50-5066-01A,14.5691606978828,58.1128235389534,5.85269894536779,1
TCGA-50-5930-01A,7.5913976422995,65.0036337752657,15.7998435252242,1
TCGA-50-6595-01A,2.7823291557025,69.1993970266059,10.1611415492225,1
TCGA-50-6673-01A,-7.66658938182798,71.2474333050092,5.48230255017787,1
TCGA-50-7109-01A,9.52927352649987,61.7785324512046,8.32227038812946,1
TCGA-50-8459-01A,3.02517907251178,63.8459256116376,20.1364255014918,1
TCGA-50-8460-01A,-3.06500577599027,70.2297730892855,11.9594755709432,1
TCGA-55-1592-01A,10.002691061549,56.3294274363761,5.10310969189163,1
TCGA-55-1596-01A,14.5728266095915,57.4306860322958,5.65133163053952,1
TCGA-55-6642-01A,0.758956122955503,67.5739425757423,11.6921676354613,1
TCGA-55-6970-01A,4.81513916868346,64.0408640223658,18.36241716401,1
TCGA-55-6972-01A,2.07022852958923,62.5869859386584,16.8357824428988,1
TCGA-55-6979-01A,3.94015862758864,68.2637545792766,6.65656662274905,1
TCGA-55-6983-01A,-2.84820763318961,70.2754543719354,11.1080044262784,1
TCGA-55-6985-01A,1.47996635398302,69.6661269909313,10.7278542240682,1
TCGA-55-6986-01A,1.90815963764336,69.2823694548865,18.6325739632449,1
TCGA-55-6987-01A,3.63130180276169,57.8656206524467,12.0227278425919,1
TCGA-55-7281-01A,-3.27693869746952,70.3174825573667,11.2963899961755,1
TCGA-55-7570-01A,6.55578169343338,65.543572906929,14.8690933700311,1
TCGA-55-7907-01A,-2.94341593593094,67.1290584024875,6.91024113358682,1
TCGA-55-7994-01A,9.26341549302226,64.3159203604641,5.26004947426432,1
TCGA-55-7995-01A,-1.50237735092321,67.0935055740285,6.81936880719063,1
TCGA-55-8090-01A,-0.580907889465607,70.4441231297815,15.0786244039306,1
TCGA-55-8203-01A,-3.18178712655823,66.7680598568654,7.2609822688226,1
TCGA-55-8208-01A,9.5160353489006,63.5394277952249,5.83512602125467,1
TCGA-55-8299-01A,3.54952933409183,58.6127977873061,11.8394334644702,1
TCGA-55-8301-01A,-2.71224725679541,67.6749780579648,6.41027677809646,1
TCGA-55-8508-01A,3.69656468678443,66.0137458469273,7.94257609365905,1
TCGA-55-8614-01A,8.79587557957363,62.0746265758644,6.96194534497671,1
TCGA-55-8615-01A,9.8476080482321,56.0638644285269,10.3579435270199,1
TCGA-55-8620-01A,-7.07904408824863,70.8546208351256,4.18475307881463,1
TCGA-55-8621-01A,2.38079750085087,73.3427802203556,9.79900852286924,1
TCGA-55-A48X-01A,-3.79786087141128,55.3397924057059,7.2537228025949,1
TCGA-55-A491-01A,-7.51752136689471,70.9613028215165,3.52091568627597,1
TCGA-55-A492-01A,6.80156363218793,61.7096076559185,22.7923439434345,1
TCGA-55-A494-01A,-3.82640786770188,55.536920782529,7.24659960766055,1
TCGA-55-A4DF-01A,6.62662989653446,61.8116106298839,7.63396965357558,1
TCGA-55-A4DG-01A,1.38570307896964,57.5785135218054,9.1755149866184,1
TCGA-55-A57B-01A,1.84863299503781,57.6204160864475,9.76614864004206,1
TCGA-62-8394-01A,-3.29075229465453,68.1110759762717,6.05447603382256,1
TCGA-62-8395-01A,6.55726517771354,65.2361246530238,20.2754137098538,1
TCGA-62-A46P-01A,6.35450003786007,58.6390640792665,9.19737040436366,1
TCGA-64-1677-01A,7.15004062364236,61.8519104037873,7.48267667832395,1
TCGA-64-1679-01A,-8.68461465221293,71.6258041309774,5.67745365944149,1
TCGA-64-1680-01A,-1.09896153616178,69.966460714066,14.435019059671,1
TCGA-64-5774-01A,13.0458428359045,61.5198899686953,6.20128338711079,1
TCGA-64-5775-01A,-6.69015494121408,70.8749575523457,5.41039769082185,1
TCGA-64-5778-01A,-6.60160826360396,70.8211230176392,4.963820488103,1
TCGA-64-5781-01A,8.27673982022762,55.3916686202622,11.2400975849462,1
TCGA-64-5815-01A,-0.931536274652538,71.3407109382343,14.2874177929404,1
TCGA-69-7763-01A,1.17163641070988,62.9337442512094,14.1520875757222,1
TCGA-69-7973-01A,12.7350055585798,60.6696909806059,5.65920136291615,1
TCGA-69-7979-01A,8.80745936982096,61.9237843408007,7.07130053395213,1
TCGA-69-8253-01A,-0.370975237986106,65.3097299425968,12.3344490639442,1
TCGA-69-A59K-01A,6.09031936975649,74.7186822665967,9.81289321873074,1
TCGA-73-4659-01A,2.35327022103229,68.2362851757055,11.7662884604343,1
TCGA-73-4666-01A,2.54843455181517,69.1912859941588,10.0625555381986,1
TCGA-73-4677-01A,-1.47888339207787,69.7529999196437,14.3064570505821,1
TCGA-75-5125-01A,0.280581397606315,70.4593990086543,14.601119283814,1
TCGA-75-6206-01A,3.00672398012882,63.2724112867689,19.3403480341914,1
TCGA-75-6214-01A,2.1531247260602,68.9333541410348,10.8215683297994,1
TCGA-75-7027-01A,4.5056149576749,60.1522652801596,13.1340108235091,1
TCGA-75-7031-01A,-2.78145180423034,69.7580165614545,10.4610386469506,1
TCGA-78-7149-01A,1.56842049494441,62.6046152074259,13.8525401787102,1
TCGA-78-7152-01A,-1.03715629938728,69.7202107707276,12.6443778109242,1
TCGA-78-7153-01A,-2.29386979255113,70.1339303909695,11.1161874218138,1
TCGA-78-7154-01A,-5.39242597338442,70.0174063220826,5.43350418702983,1
TCGA-78-7155-01A,12.8568667435775,60.4889548223399,5.61340588819016,1
TCGA-78-7156-01A,-0.149600759888272,64.5628649710883,13.4188662128423,1
TCGA-78-7158-01A,-2.39071254556598,66.9770318559023,7.14231976802917,1
TCGA-78-7159-01A,8.99393968110691,61.1727536820893,6.54519363564327,1
TCGA-78-7160-01A,1.48556461284312,69.7030626174708,10.3214659877972,1
TCGA-78-7161-01A,-3.68471871436761,54.7252355423916,7.35093646387075,1
TCGA-78-7162-01A,1.43524163758807,69.1635608480124,18.778605400629,1
TCGA-78-7166-01A,5.50769202288615,64.0060298185201,17.7285313188443,1
TCGA-78-7536-01A,3.94606424926528,68.3701292374707,6.59905534643652,1
TCGA-78-7537-01A,-4.01123562091192,67.7598834379075,12.035700447575,1
TCGA-78-7633-01A,3.42705955701737,63.8444848523141,19.2091025582289,1
TCGA-78-8648-01A,3.02422709969422,74.1013291941632,9.21095694353179,1
TCGA-78-8655-01A,-2.36857669457463,67.3506441055284,6.55302357349983,1
TCGA-86-6851-01A,2.42819159433423,73.3885839958575,9.74195346202158,1
TCGA-86-7711-01A,7.50909871503969,62.7064879289028,22.0941388709218,1
TCGA-86-7955-01A,10.9486069546689,56.6675595777164,4.35322128659719,1
TCGA-86-8054-01A,8.56336929617778,55.6651127960573,10.970375616449,1
TCGA-86-8076-01A,0.716417841805859,67.2541972870826,11.8029871889048,1
TCGA-86-8279-01A,3.96477864278281,67.4117235883509,11.4775553337415,1
TCGA-86-8281-01A,2.92857675255252,62.9069033795585,18.1555193344292,1
TCGA-86-8358-01A,7.60354210021846,55.9035894513621,11.1220247400575,1
TCGA-86-8359-01A,6.04251558266118,64.8375862291717,19.4402637764033,1
TCGA-86-8668-01A,3.07058718014198,74.173850327031,9.18114380985041,1
TCGA-86-8672-01A,11.2683399803058,57.081210124969,3.99753944839738,1
TCGA-86-8673-01A,4.45181092165932,66.780363640937,8.26685543374762,1
TCGA-86-8674-01A,1.69458267423386,62.4549610068716,13.7919229738202,1
TCGA-86-A4D0-01A,-3.40823746548374,68.401650946243,5.50761455227513,1
TCGA-91-6830-01A,3.14937152044858,63.6409756420618,20.4621537706187,1
TCGA-91-6840-01A,5.62634407649387,64.6425733174484,19.0955052088406,1
TCGA-91-6847-01A,4.06904433174795,66.3251472231954,7.93499967756022,1
TCGA-91-6848-01A,1.70927838012494,69.1867349925264,10.4159441512742,1
TCGA-91-6849-01A,6.76345727420009,61.7116307049102,22.7801647961168,1
TCGA-91-8499-01A,4.37448649942568,67.5807237491664,11.3172665151442,1
TCGA-91-A4BD-01A,3.05787679199044,63.1154161003496,20.7730768606294,1
TCGA-93-8067-01A,6.93622462019084,65.7566099482755,20.9771016590156,1
TCGA-93-A4JN-01A,4.27544916514987,59.7445316789833,12.3028171089306,1
TCGA-93-A4JO-01A,10.0202341772215,56.3098526021486,5.12999985323586,1
TCGA-95-7043-01A,2.14370292239385,69.4739483326502,9.90263587184642,1
TCGA-95-7562-01A,-0.338252004004888,70.3488991957235,10.6643086697598,1
TCGA-95-7567-01A,8.42223750613133,65.7193096856618,6.99684770824135,1
TCGA-95-7944-01A,7.90582170281517,55.8278832201196,11.0791019575412,1
TCGA-95-7947-01A,0.395898187793087,70.373567141256,12.7879397201439,1
TCGA-95-7948-01A,-0.473828470184751,64.9148310548543,14.4830261912996,1
TCGA-95-A4VK-01A,7.58903859632481,55.8554651805292,11.1324335802754,1
TCGA-95-A4VP-01A,9.36790273253799,56.6006898248714,6.24478177286211,1
TCGA-97-7937-01A,2.70250204074212,69.7538588467955,15.6939736781629,1
TCGA-97-8171-01A,0.360975597254061,57.6810393437252,9.50198173810726,1
TCGA-97-8172-01A,-3.90457839825352,55.0240808255393,7.2002630868929,1
TCGA-97-8174-01A,2.86839693849622,62.7081115536588,20.1337718504566,1
TCGA-97-8176-01A,4.23517550128229,67.8519041509822,16.927783557579,1
TCGA-97-8179-01A,-1.80366192524376,66.9725922162236,6.91697553971245,1
TCGA-97-A4M1-01A,-2.79944265317295,58.214782202579,7.92333010479568,1
TCGA-97-A4M3-01A,-0.78155939350439,65.2094768890386,14.4577328250775,1
TCGA-97-A4M7-01A,1.4568820344301,57.6827156904107,8.85871738447087,1
TCGA-99-8028-01A,4.47227173982758,67.4821923512519,6.95035664964108,1
TCGA-J2-A4AD-01A,7.51139872499587,60.4442606569544,6.2983622293832,1
TCGA-L9-A5IP-01A,6.47160675610287,58.5504531254805,9.15031768995867,1
TCGA-L9-A7SV-01A,4.71647943861504,58.0199304055907,9.67940829453183,1
TCGA-L9-A8F4-01A,6.91711122610848,61.4417846257068,6.87693046424155,1
TCGA-MN-A4N1-01A,12.7181964780997,62.0892725325941,4.81088563498793,1
TCGA-MN-A4N4-01A,-4.24303790865851,69.1019153145693,5.2830828303172,1
TCGA-MP-A4T4-01A,-4.38285849564983,54.6176566823169,6.92600452449077,1
TCGA-MP-A4TA-01A,10.8111742636794,60.8725877672623,6.8423629044588,1
TCGA-MP-A4TC-01A,-5.03393168067321,69.7586796363922,5.35982642136452,1
TCGA-MP-A4TD-01A,-2.85886310783937,58.1866278598215,7.8755407709997,1
TCGA-MP-A4TI-01A,3.93356986429491,59.2955370391256,12.5201683000944,1
TCGA-MP-A4TJ-01A,2.22616216412711,57.718004218893,10.2992005913843,1
TCGA-MP-A4TK-01A,12.7235129263555,61.0052549127333,5.02961215523783,1
TCGA-MP-A5C7-01A,-1.0671341346319,58.2274034302228,9.43293828694361,1
TCGA-NJ-A4YG-01A,5.90069616926603,61.515946592686,7.96468527175265,1
TCGA-NJ-A4YP-01A,4.2024186361987,60.0178374858141,12.5159855985219,1
TCGA-NJ-A55A-01A,2.55600677772748,57.5863147334958,9.90992051811329,1
TCGA-NJ-A7XG-01A,-1.24690566523568,58.2742437100815,9.3780163329308,1
TCGA-05-4244-01A,-11.2412707188734,-46.5774386690965,-19.514253972901,2
TCGA-05-4249-01A,-14.8622106152346,-28.4208954451765,-31.1459715935143,2
TCGA-05-4250-01A,-8.81356351774525,-43.0372600514813,-6.63248706504961,2
TCGA-05-4384-01A,-12.7928673988327,-26.1784050834529,-32.8418976346416,2
TCGA-05-4396-01A,-4.35540130938175,-39.4248211229202,-1.02384113840023,2
TCGA-05-4397-01A,8.85855527360555,-43.8048226994689,-0.761563287740795,2
TCGA-05-4402-01A,-4.05675647917695,-39.9221413484327,-1.12137696270117,2
TCGA-05-4403-01A,-15.2875283761128,-25.9147644942955,-33.3895554803897,2
TCGA-05-4410-01A,-13.3059545815009,-33.1200279502577,-31.2340984195734,2
TCGA-05-4415-01A,9.31412027636786,-26.9757492038992,9.45704509002119,2
TCGA-05-4417-01A,-11.0488530776461,-39.9421990214951,-26.1956112480312,2
TCGA-05-4418-01A,16.2312025722787,-14.7980493088966,15.2081183961423,2
TCGA-05-4424-01A,-15.4314888834894,-27.0615129912329,-32.7848383108909,2
TCGA-05-4426-01A,18.0514580363413,-14.693446010756,9.65932574026085,2
TCGA-05-4430-01A,-15.6129368069631,-26.5610519290934,-33.0987235437769,2
TCGA-05-4433-01A,1.8906185935796,-30.6125573174125,3.56449011328316,2
TCGA-05-5420-01A,9.9057033738631,-25.4918271294235,9.38019962376847,2
TCGA-05-5423-01A,-10.7279430175003,-40.1306658482855,-27.6411610061542,2
TCGA-05-5425-01A,-2.62810109535417,-41.5898032899735,-1.16594430986505,2
TCGA-05-5715-01A,-10.9021966833383,-33.7721420548472,-31.9384617621097,2
TCGA-35-4123-01A,2.62311380443306,-44.6811294386769,0.0419299136382203,2
TCGA-38-4626-01A,17.5680785675423,-14.7651222439874,7.97533374759565,2
TCGA-38-4628-01A,17.171720030069,-13.8171225995042,13.1638240596494,2
TCGA-38-4629-01A,-7.07623862914561,-46.6781359743747,-13.414911630691,2
TCGA-38-4631-01A,-2.52192951926545,-41.801721566026,-1.24071079522953,2
TCGA-38-4632-01A,10.9782369182251,-44.7911938717244,-0.963385855736462,2
TCGA-38-6178-01A,-11.2062010662708,-32.3589428290854,-32.2789907753649,2
TCGA-38-7271-01A,-15.9868614620405,-28.1837952256252,-32.4825530467111,2
TCGA-38-A44F-01A,17.1316952913914,-15.1969811283542,16.707517524483,2
TCGA-44-2656-01A,-8.84108151025727,-42.7503899081104,-4.3341802265174,2
TCGA-44-2656-01B,1.38958527273617,-41.2244295265172,7.36151139233039,2
TCGA-44-2657-01A,1.75518386522461,-49.4229326016783,-4.63048940475674,2
TCGA-44-2659-01A,-10.9786250580938,-43.8425337579854,-8.76648681309886,2
TCGA-44-2661-01A,9.40248495961373,-21.7022185382879,14.1826653432472,2
TCGA-44-2662-01A,-8.73740821261168,-49.6449883499404,-13.4540424801943,2
TCGA-44-2662-01B,1.78041926115054,-40.3660995204488,7.68573605407224,2
TCGA-44-2665-01A,-10.8690955251554,-45.3411605385989,-21.4019758767568,2
TCGA-44-2666-01A,15.8554571348643,-13.7903117242441,17.0751803703239,2
TCGA-44-2666-01B,4.15096371312255,-30.4506178382805,7.93698208235149,2
TCGA-44-2668-01A,-8.23797257435605,-42.5644756878617,-4.28295156365614,2
TCGA-44-2668-01B,1.83511487094649,-39.8530921273299,7.95588436441473,2
TCGA-44-3398-01A,16.9219443221194,-14.8637128380259,16.2159088415038,2
TCGA-44-3917-01A,7.3949366989309,-29.9017387011388,8.78187741275448,2
TCGA-44-3917-01B,2.27753261688017,-38.8932233865812,8.62780299613642,2
TCGA-44-3918-01A,4.24863684237541,-30.531678066764,8.01931018521818,2
TCGA-44-3918-01B,1.98251910620366,-39.4912310300917,8.28376397955013,2
TCGA-44-3919-01A,-8.96083078162236,-43.3766696221222,-7.61444454250735,2
TCGA-44-4112-01B,1.17895634404635,-39.9950670858795,8.55577721469556,2
TCGA-44-5645-01A,1.83134701923126,-30.6287623535184,3.48297796557358,2
TCGA-44-5645-01B,3.44806184882108,-30.8555991511635,6.48279829348441,2
TCGA-44-6145-01A,-7.62899015304023,-41.4726400239877,-3.86773771632012,2
TCGA-44-6146-01A,-10.0384245351602,-38.8490680008072,-7.99749282728347,2
TCGA-44-6146-01B,0.978201093262294,-41.1034701757834,7.39833876009679,2
TCGA-44-6147-01A,-9.69003353188841,-51.7389787134946,-10.8579110153564,2
TCGA-44-6147-01B,1.5112399042995,-40.2575321102074,8.2935344092722,2
TCGA-44-6148-01A,11.7059314780954,-13.038387654943,18.5557333551363,2
TCGA-44-6775-01A,-8.80413687282687,-49.6506471161766,-13.2427387939141,2
TCGA-44-6775-01C,1.51651723605361,-40.8132328153135,7.52282998904664,2
TCGA-44-6776-01A,-10.9753982417861,-23.4430732769518,-33.6971082297796,2
TCGA-44-6777-01A,-11.641915117115,-36.6898522135729,-28.3377304510223,2
TCGA-44-6778-01A,4.82160052041777,-23.8623898847871,16.1231519888213,2
TCGA-44-7659-01A,2.38459635250821,-25.2353723456495,16.4985451351378,2
TCGA-44-7660-01A,8.61048747642276,-27.870229381557,10.6912392701072,2
TCGA-44-7661-01A,-5.46371418528376,-49.1334773215396,-9.90382660450983,2
TCGA-44-7662-01A,7.73260809584724,-46.2745396023838,-1.6103172205111,2
TCGA-44-7669-01A,4.92330597608174,-29.9905889785635,7.56376321695825,2
TCGA-44-7670-01A,15.06394075526,-22.826931970158,8.66403335921526,2
TCGA-44-7672-01A,-12.4525105535287,-33.3442038018568,-31.7091245385122,2
TCGA-44-8117-01A,0.28789499251719,-45.7756864995722,-1.95913858592769,2
TCGA-44-8119-01A,-6.40399870672629,-48.77684198411,-10.8963290358071,2
TCGA-44-8120-01A,-10.2563733291636,-44.436112388601,-20.7423594223809,2
TCGA-44-A479-01A,6.11401612222145,-45.3310101539209,-0.15006938277892,2
TCGA-44-A47B-01A,0.476990047481733,-42.102894644608,6.45176962778334,2
TCGA-44-A47G-01A,-12.3955717577364,-43.354561611528,-20.8464102711009,2
TCGA-44-A4SS-01A,-11.0114628912608,-40.5083428545063,-25.7757511169851,2
TCGA-44-A4SU-01A,-8.99692037841531,-52.6886804758128,-8.87651469326273,2
TCGA-49-4488-01A,-4.82511133737459,-46.9437148042397,-6.07916912998027,2
TCGA-49-4490-01A,-11.3607169832095,-47.3821986455952,-18.0467584765475,2
TCGA-49-4501-01A,17.243907663,-14.1741698724915,13.4126611254577,2
TCGA-49-4505-01A,-11.1355593860013,-32.6076783851558,-32.2168987860712,2
TCGA-49-4506-01A,10.2516103746929,-20.8735890291911,14.228734335956,2
TCGA-49-4510-01A,16.6431891480631,-14.7944539184617,15.0140898309983,2
TCGA-49-4512-01A,-8.4227528978886,-39.1110038371451,-8.34186370417711,2
TCGA-49-6743-01A,11.5422036757482,-44.9852723330971,-1.16470683438568,2
TCGA-49-6744-01A,17.874935351686,-14.7037123533408,9.3556341341668,2
TCGA-49-6745-01A,17.3075041218993,-14.152799516551,13.2174624540859,2
TCGA-49-6767-01A,0.128977065199972,-49.2818668984131,-6.73561524228538,2
TCGA-49-AAR0-01A,10.0300025977103,-21.5871922935998,13.8064019568063,2
TCGA-49-AAR3-01A,11.5348147401433,-43.9395448460667,2.13414566089413,2
TCGA-49-AAR4-01A,11.6044688523736,-43.8784703411441,2.29140760429023,2
TCGA-49-AAR9-01A,-9.4555630503797,-44.4871040347401,-10.458927633728,2
TCGA-49-AARR-01A,3.86282185631242,-26.0190349886973,15.1524219459233,2
TCGA-50-5044-01A,13.027659436903,-14.8712126723573,16.9515594808164,2
TCGA-50-5049-01A,17.3802556509517,-15.7323763777305,10.6040119747526,2
TCGA-50-5055-01A,12.1904775729804,-13.7325058873162,17.9810051357078,2
TCGA-50-5068-01A,8.11176399200061,-45.2938468215701,-1.59386852014926,2
TCGA-50-5072-01A,14.7101462084729,-15.6600208956578,14.9822187623104,2
TCGA-50-5931-01A,8.83213801854471,-27.715549261665,10.7318417352798,2
TCGA-50-5932-01A,-14.3233943228403,-29.762198675359,-28.469089591039,2
TCGA-50-5933-01A,-15.9417269778732,-29.1384734938365,-32.5374150325472,2
TCGA-50-5935-01A,-12.7778163406614,-33.4635577397819,-31.42678995243,2
TCGA-50-5936-01A,14.1269203129617,-14.6460915916643,16.7857247043022,2
TCGA-50-5939-01A,11.126067859175,-12.4156756887143,18.9390274174664,2
TCGA-50-5941-01A,-8.4424697645068,-49.5848935373512,-14.2339258767138,2
TCGA-50-5942-01A,-12.0573600192533,-37.625148049936,-26.682264223737,2
TCGA-50-5944-01A,-8.48274754335069,-42.7574007437907,-6.43338924918092,2
TCGA-50-5946-01A,0.905651572329338,-45.6340957668936,-1.36067228272506,2
TCGA-50-6590-01A,-5.33727823141304,-49.6014252561882,-8.78192270184592,2
TCGA-50-6591-01A,7.67761394078028,-29.78364304215,9.40662133824498,2
TCGA-50-6592-01A,-9.35057418779063,-37.3369735043916,-8.71526224963201,2
TCGA-50-6593-01A,-7.01386080228283,-48.3666380046397,-11.8053343755791,2
TCGA-50-6594-01A,-9.69368230898552,-44.3758071694345,-20.7333609217965,2
TCGA-50-6597-01A,13.9644805367189,-14.5526536711434,16.9201513673703,2
TCGA-50-8457-01A,-11.2900318714206,-44.0284704949507,-21.2001929429459,2
TCGA-53-7624-01A,8.48630049301136,-28.0669157920595,9.19693755563947,2
TCGA-53-7626-01A,-11.5789862047047,-36.5118320565814,-28.6110540511606,2
TCGA-53-7813-01A,3.64097441458256,-38.2380818996126,10.5168957920388,2
TCGA-53-A4EZ-01A,-13.9660033220365,-32.227327151866,-24.8503560577211,2
TCGA-55-1594-01A,6.53247076586513,-44.2364933720117,-1.53866589764647,2
TCGA-55-5899-01A,2.92767421831637,-44.8165364214885,0.0126122785568364,2
TCGA-55-6543-01A,-12.3819803206345,-25.2078050626206,-33.5782086967687,2
TCGA-55-6712-01A,-7.21295955291669,-48.26253617156,-12.0891538925059,2
TCGA-55-6968-01A,5.2170988020485,-30.1516731353472,7.79807374981874,2
TCGA-55-6971-01A,11.5023910621235,-12.8076793767724,18.7084317679616,2
TCGA-55-6975-01A,15.0825077280966,-22.8053535049604,8.66209265511292,2
TCGA-55-6978-01A,-7.81955741169076,-47.9412596161974,-12.3593384098103,2
TCGA-55-6980-01A,-9.6648305578367,-45.5621702975354,-16.0744335895205,2
TCGA-55-6981-01A,-11.03834099655,-38.249470121863,-30.8883662438454,2
TCGA-55-6982-01A,17.9412125599541,-14.8597631018154,10.1728374322869,2
TCGA-55-6984-01A,17.0700867075081,-14.557827798214,14.58113209003,2
TCGA-55-7227-01A,-14.8811489298703,-28.5797942664628,-31.0433771132287,2
TCGA-55-7283-01A,-11.7283123087404,-31.5726243011514,-32.5190703331219,2
TCGA-55-7284-01B,-10.2673689157875,-42.8267158813337,-21.464833550767,2
TCGA-55-7573-01A,4.55510942245059,-23.734877383244,16.3978075852477,2
TCGA-55-7574-01A,2.4603672945086,-37.3165559782525,9.58273803433821,2
TCGA-55-7576-01A,-5.436023727233,-47.0521113886284,-6.63199666057535,2
TCGA-55-7724-01A,13.1912105521915,-16.0589972088009,15.7538543847177,2
TCGA-55-7725-01A,-11.4230370750883,-47.4106224052413,-18.1070758595848,2
TCGA-55-7726-01A,9.80983180763939,-25.6736795863186,9.37720095288887,2
TCGA-55-7727-01A,-6.93868389292563,-49.5827619871426,-8.65689447600805,2
TCGA-55-7728-01A,-0.251804816831898,-39.0495422373474,10.2288571871969,2
TCGA-55-7815-01A,-9.843453474498,-44.5351321510412,-11.5116858815339,2
TCGA-55-7816-01A,-20.5932356145526,-26.7829424874571,-29.5597968009297,2
TCGA-55-7903-01A,-10.8373195266293,-45.8263013281421,-19.5624570590696,2
TCGA-55-7910-01A,4.57347438297357,-45.8844611389307,0.09167339812706,2
TCGA-55-7911-01A,5.09482909830137,-25.993051565723,14.0262195539623,2
TCGA-55-7913-01B,2.46205375602004,-45.8557322046726,-1.22656516962236,2
TCGA-55-7914-01A,3.74414889074041,-45.9166727802143,-0.267869490651591,2
TCGA-55-8085-01A,9.8131141687268,-25.7033463484377,9.67723373788623,2
TCGA-55-8087-01A,-14.3754872053248,-29.6182682326113,-28.5568863459014,2
TCGA-55-8089-01A,18.1293102629465,-15.0796973016176,16.1854487578894,2
TCGA-55-8091-01A,-8.92032074808785,-45.004004828036,-13.0493480697293,2
TCGA-55-8092-01A,4.14989810145176,-26.4920475974099,14.8927848766097,2
TCGA-55-8094-01A,1.40661755023095,-42.7595380021325,3.95606248725177,2
TCGA-55-8096-01A,-6.48911972599051,-49.2747672678474,-10.2196975499586,2
TCGA-55-8097-01A,-13.3838453912194,-34.0477509427073,-22.5791849057255,2
TCGA-55-8204-01A,9.75193680993254,-43.4870992245272,-0.96433150374789,2
TCGA-55-8205-01A,-11.6809065990961,-38.7960852934913,-30.0960934211359,2
TCGA-55-8206-01A,-11.5783417098317,-44.3249523675239,-20.2520963792051,2
TCGA-55-8207-01A,-10.7787648413586,-45.2497110283883,-19.3788450084558,2
TCGA-55-8302-01A,-0.0460602248929644,-48.9174548812056,-6.40127740253638,2
TCGA-55-8505-01A,15.5488328616052,-15.1800496917275,14.6958365212728,2
TCGA-55-8506-01A,0.411989661446794,-49.6060195668716,-6.86056588040058,2
TCGA-55-8507-01A,1.33994560271906,-42.6950004574669,4.18066008938714,2
TCGA-55-8510-01A,-9.31338459677877,-51.9827468739232,-10.3201689396096,2
TCGA-55-8511-01A,-6.41174616813622,-47.8467389510477,-13.9246305157796,2
TCGA-55-8512-01A,7.56209364748107,-22.8391175542441,14.5630852600392,2
TCGA-55-8513-01A,5.31651790549599,-23.6187345127705,15.8700403188464,2
TCGA-55-8514-01A,2.26631193267137,-50.6365601048411,-5.38141726232593,2
TCGA-55-8616-01A,-7.29247402384216,-51.2335448084635,-8.42570251603754,2
TCGA-55-8619-01A,-20.6842576896098,-26.7962197903893,-29.4156894597665,2
TCGA-55-A48Y-01A,11.0082944625117,-19.2763703261094,14.9058552980516,2
TCGA-55-A48Z-01A,2.35002886079325,-50.7417381936776,-5.37887236138951,2
TCGA-55-A490-01A,-3.36658287564236,-40.566635838546,-0.997652599395495,2
TCGA-55-A493-01A,-19.9614646538614,-26.861253286098,-30.3277865161431,2
TCGA-62-8397-01A,-9.79019439297822,-44.6486048771828,-11.0876017268518,2
TCGA-62-8398-01A,13.4770732298302,-15.9578248123953,15.5913543920523,2
TCGA-62-8399-01A,7.68624756626581,-43.5763231955151,-0.672346274418937,2
TCGA-62-8402-01A,11.6421446933995,-45.6432275258961,-1.40338091621651,2
TCGA-62-A46O-01A,-2.34388558467266,-40.4581017974435,-0.272227424739372,2
TCGA-62-A46R-01A,-7.13892810882402,-50.9071384064507,-8.49915487904301,2
TCGA-62-A46S-01A,0.605060348739484,-40.1710517347094,8.7729468265778,2
TCGA-62-A46V-01A,9.53832409408913,-21.596259968838,14.1609814612186,2
TCGA-62-A46Y-01A,-14.2148740855583,-31.6561441041381,-31.7021383225742,2
TCGA-62-A470-01A,9.34301037798438,-22.7877735910489,13.2017483678422,2
TCGA-62-A471-01A,10.2625146214189,-26.1904992363891,10.8028949904503,2
TCGA-62-A472-01A,-7.03679459243373,-49.3333515410575,-8.69577185580907,2
TCGA-64-1676-01A,-7.10777295270522,-50.8052582780592,-8.51353002975672,2
TCGA-64-1678-01A,9.58598013053495,-44.2281140581858,-0.852681266437627,2
TCGA-64-1681-01A,-10.9642707312665,-38.5203501240664,-26.4160289916187,2
TCGA-64-5779-01A,2.22889214324937,-40.6399760164737,6.05180728712724,2
TCGA-67-3770-01A,13.9903412658362,-14.1823623767946,17.2229048844537,2
TCGA-67-3771-01A,10.1074373630894,-26.3423906699584,10.7712537666308,2
TCGA-67-3772-01A,-15.0791939104476,-23.7328975991752,-34.3386017505495,2
TCGA-67-3773-01A,2.37028840794915,-30.5378268679978,4.30022304543397,2
TCGA-67-3774-01A,13.1190950992758,-14.2823735156216,17.3981210584794,2
TCGA-67-4679-01B,-13.8159074955238,-32.79720156198,-24.5021931087372,2
TCGA-67-6215-01A,-13.7001848520876,-33.3897068422118,-23.8008127587041,2
TCGA-67-6216-01A,-11.5343502528608,-24.1598354987572,-33.6715893958476,2
TCGA-67-6217-01A,-10.6957411921385,-44.1305927939975,-9.79655924326369,2
TCGA-69-7760-01A,-8.49867174973401,-43.4840496324517,-12.9855571811711,2
TCGA-69-7761-01A,-9.31052979475473,-42.9977833752423,-4.90890294835012,2
TCGA-69-7764-01A,2.07263954649783,-26.215470708077,16.0948993246535,2
TCGA-69-7765-01A,-8.25952601249128,-51.8020725199658,-8.99355593006879,2
TCGA-69-7974-01A,-6.42246123824879,-47.9184954142663,-13.9644764735718,2
TCGA-69-7978-01A,-9.41178821817751,-45.3418655245821,-17.7616305904706,2
TCGA-69-7980-01A,-4.88999633840229,-39.6077273783488,-1.36219483539876,2
TCGA-69-8254-01A,-10.0194256995813,-38.7360488339699,-8.03748070845333,2
TCGA-69-8255-01A,-4.5107008268152,-46.9665617032445,-5.85883777238795,2
TCGA-69-8453-01A,10.0727838163582,-11.2801162747761,19.5827012762921,2
TCGA-71-6725-01A,-6.52338309175228,-49.1977073642462,-9.9279711957788,2
TCGA-71-8520-01A,-6.35899402455444,-48.6407512220428,-11.11610239871,2
TCGA-73-4658-01A,-9.35261786903266,-38.0151841040517,-8.50029222501412,2
TCGA-73-4662-01A,-10.6362283268718,-44.2743886979047,-10.9067304385526,2
TCGA-73-4668-01A,-14.9257152374672,-27.1092484359361,-32.6830031322509,2
TCGA-73-4670-01A,7.46484544605104,-43.7129924279267,-0.603326112506061,2
TCGA-73-4675-01A,-11.1726082833932,-23.6953563708086,-33.6836160709172,2
TCGA-73-4676-01A,-10.9459305515215,-38.0645441766412,-31.4341216905988,2
TCGA-73-7498-01A,-13.393426716234,-34.2956310373484,-23.6082157912573,2
TCGA-73-7499-01A,1.15415672856327,-45.7626724972541,-1.45624688823812,2
TCGA-73-A9RS-01A,9.12821628950412,-27.256803701271,9.92866931485477,2
TCGA-75-5122-01A,15.3851382185202,-14.4158617756989,16.3394325874925,2
TCGA-75-5126-01A,-8.98909435938452,-39.2518882887588,-8.99587608280026,2
TCGA-75-5146-01A,-8.81495277000404,-44.9329795705732,-13.1265730666582,2
TCGA-75-5147-01A,-12.0530734877042,-33.9153290445314,-31.6864969972317,2
TCGA-75-6203-01A,-9.82781600297456,-38.4227570925348,-8.23953788506563,2
TCGA-75-6205-01A,-17.0844556385205,-27.8397535184189,-32.2425339361948,2
TCGA-75-6207-01A,-0.235300370702747,-45.8042435442832,-2.27544425834094,2
TCGA-75-6211-01A,6.13803362297219,-44.0648379522092,-0.493305016056205,2
TCGA-75-6212-01A,-14.1157850968178,-25.0319875906648,-33.7677398616485,2
TCGA-75-7025-01A,18.6467465951087,-15.2417192747424,16.026687658097,2
TCGA-75-7030-01A,-13.6358852405944,-26.7662231413094,-32.6192709111736,2
TCGA-78-7143-01A,17.0417656183485,-14.535415334734,14.1927375802181,2
TCGA-78-7145-01A,-9.71954693254984,-43.1004795159976,-22.3809449925445,2
TCGA-78-7146-01A,-15.3173736612455,-25.2107384813188,-33.7845104516909,2
TCGA-78-7147-01A,-3.25153878796417,-40.5396571021353,-0.867178112024712,2
TCGA-78-7148-01A,-15.1680439654512,-23.4618047134404,-34.4487449297296,2
TCGA-78-7150-01A,8.0798248920354,-44.9898072677871,-2.28050955339497,2
TCGA-78-7163-01A,-11.1276683251825,-38.6240461229175,-26.6422542142623,2
TCGA-78-7167-01A,2.05576362191204,-25.4558594384843,16.5405898559944,2
TCGA-78-7220-01A,12.4212172969153,-15.5707243595195,16.4840267992428,2
TCGA-78-7535-01A,3.15080866018922,-46.0310985278521,-0.529915658715609,2
TCGA-78-7539-01A,-12.3882337738368,-36.1873010431496,-24.9367403237555,2
TCGA-78-7540-01A,-11.4393149921767,-38.2842204429742,-26.191779470454,2
TCGA-78-7542-01A,-3.03833994243851,-40.8317921537375,-0.931753098919942,2
TCGA-78-8640-01A,10.3049642616451,-44.1105408266249,-0.956035392561149,2
TCGA-78-8660-01A,-2.39639675032139,-40.6447334434257,-0.355449404668116,2
TCGA-78-8662-01A,7.17395361321254,-43.6852480952619,-0.88477410451894,2
TCGA-80-5607-01A,10.1848281846261,-11.4021261411172,19.5203377476024,2
TCGA-80-5608-01A,11.7686177156886,-45.8736150953369,-1.51187595516678,2
TCGA-80-5611-01A,-14.3137006399916,-31.3984019586162,-31.8647338349897,2
TCGA-83-5908-01A,-11.0283111265419,-39.2882977032837,-28.6655311370219,2
TCGA-86-6562-01A,-10.2980565996259,-33.4309819215081,-32.1017696363974,2
TCGA-86-7701-01A,1.51286598300183,-45.8217940288108,-1.3097715831993,2
TCGA-86-7713-01A,8.12923376776051,-45.0827092816494,-1.35909957470433,2
TCGA-86-7714-01A,18.119253154836,-14.6580475852999,9.83854131045202,2
TCGA-86-7953-01A,-5.80826913838288,-49.0854889908872,-9.67233802698007,2
TCGA-86-7954-01A,-10.9736050548086,-39.5749113008202,-26.9961076465634,2
TCGA-86-8055-01A,-15.8296754576808,-29.3224864205589,-32.431126889793,2
TCGA-86-8056-01A,-7.53290158336092,-40.4694024774001,-3.14060541552307,2
TCGA-86-8073-01A,-5.94523627240226,-47.3044500595222,-7.20122784240375,2
TCGA-86-8074-01A,-15.455904763827,-26.531087785884,-33.0525880432677,2
TCGA-86-8075-01A,-11.190589834937,-38.8122322976544,-30.1261556836854,2
TCGA-86-8278-01A,-7.48131914864785,-40.3589497338842,-3.08210250125109,2
TCGA-86-8280-01A,-12.8735891134615,-34.5830937453741,-30.5254476854847,2
TCGA-86-8585-01A,7.50713427424439,-29.9765902253681,9.19266933892284,2
TCGA-86-8669-01A,-8.49819394177318,-43.4680673886304,-13.0220937789877,2
TCGA-86-8671-01A,-20.1475295686473,-26.8185914255947,-30.1495977027227,2
TCGA-86-A456-01A,18.2546362357199,-14.6200198435001,10.0510180816911,2
TCGA-86-A4JF-01A,0.658617070794938,-50.0182401769512,-7.14473584100175,2
TCGA-86-A4P7-01A,3.62482851544205,-45.97968269175,-0.211213059645775,2
TCGA-86-A4P8-01A,3.86937847113941,-29.875615587667,9.18281757320516,2
TCGA-91-6828-01A,-11.1592933894823,-44.3598946424928,-20.00580066885,2
TCGA-91-6829-01A,-8.14526781107767,-42.1975533953855,-4.19393466805019,2
TCGA-91-6831-01A,16.3601115988923,-14.7671668072663,14.9353594514936,2
TCGA-91-6835-01A,-9.1780172185395,-50.4744308805378,-13.1727984628778,2
TCGA-91-6836-01A,-4.95106322156189,-40.4495066942655,-2.14883014496795,2
TCGA-91-7771-01A,17.2834501574982,-14.8709839823901,15.6380081561624,2
TCGA-91-8496-01A,-9.94130547953451,-42.4213803942372,-23.6607815984085,2
TCGA-91-8497-01A,-13.3644315758569,-34.5112566608889,-23.4992477774441,2
TCGA-91-A4BC-01A,10.6650700184596,-44.3909031424429,0.078867408197715,2
TCGA-93-7347-01A,-12.7150430408839,-25.4782283189894,-33.4772966935814,2
TCGA-93-7348-01A,-9.9026441212353,-32.9515573879935,-32.185104049761,2
TCGA-93-A4JP-01A,1.09073675287652,-39.2901131171937,9.38924442345032,2
TCGA-93-A4JQ-01A,4.55361503188006,-26.4861315761041,14.4625980760488,2
TCGA-95-7039-01A,-12.2528291232305,-33.2754427687218,-31.7640593168104,2
TCGA-95-8039-01A,-9.80681600771678,-42.9202116949671,-22.8929686480915,2
TCGA-95-8494-01A,-10.7166877410702,-39.9462099325304,-28.0979717971644,2
TCGA-95-A4VN-01A,-8.43028218099114,-39.1234944414236,-8.48831859484653,2
TCGA-97-7546-01A,-9.67092854367834,-45.5849077314458,-16.3648043631772,2
TCGA-97-7547-01A,-10.5557807914737,-44.5920484689347,-21.4854190102266,2
TCGA-97-7552-01A,-12.3458098633131,-37.4362928769805,-26.7871593478713,2
TCGA-97-7553-01A,-15.8195368665147,-30.1851957923003,-32.5638991787572,2
TCGA-97-7554-01A,-13.9581041820388,-31.6748152690753,-31.9462817044137,2
TCGA-97-7938-01A,-8.70564193748308,-42.9081749526239,-6.74701428004761,2
TCGA-97-7941-01A,10.1453113100443,-11.3510978779987,19.5452741189383,2
TCGA-97-8175-01A,0.566630445238106,-49.6765886903835,-6.74176216569234,2
TCGA-97-8177-01A,12.8296900799104,-14.851616424081,17.0287631089774,2
TCGA-97-8547-01A,-8.7996461908183,-42.6086423618334,-4.3588103278836,2
TCGA-97-8552-01A,-12.1821494087434,-43.1091833018024,-20.9094440043444,2
TCGA-97-A4LX-01A,-12.9681448969542,-37.6077818482419,-26.8064154076002,2
TCGA-97-A4M0-01A,-9.391440403639,-53.5020077736751,-7.83873624397337,2
TCGA-97-A4M2-01A,7.96184757369327,-22.7575472366255,14.3204144537352,2
TCGA-97-A4M5-01A,2.0920318222674,-25.6697621096318,16.39938106811,2
TCGA-97-A4M6-01A,3.04810152215342,-30.5717237182276,5.45710711677559,2
TCGA-99-7458-01A,-9.30137831763461,-51.4884914053757,-10.8944650500304,2
TCGA-99-8025-01A,2.5288208485566,-50.7814775011801,-5.2523997865809,2
TCGA-99-8032-01A,-11.580598087982,-47.3156777328868,-20.025040102329,2
TCGA-99-8033-01A,8.82634021779878,-27.7410348847252,9.42037115851272,2
TCGA-99-AA5R-01A,4.05801569256027,-26.494464529726,14.9145585196137,2
TCGA-J2-8192-01A,-9.90496254299884,-42.5419042524039,-21.3300571929351,2
TCGA-J2-8194-01A,-12.0974127084564,-37.0232093309265,-25.8258586975625,2
TCGA-J2-A4AE-01A,4.74294187950169,-29.4882240813533,7.14095389776358,2
TCGA-J2-A4AG-01A,-8.90596122860587,-43.3337670593565,-7.62344121493296,2
TCGA-L4-A4E5-01A,3.4186458144405,-31.0049852934255,6.53256538446523,2
TCGA-L4-A4E6-01A,7.89534790226299,-22.844279390943,14.2779474457336,2
TCGA-L9-A443-01A,-9.57065965558839,-54.054229136364,-6.84843142722967,2
TCGA-L9-A444-01A,-11.0226362149529,-46.8376207220041,-18.0343926604887,2
TCGA-L9-A50W-01A,1.88393117085959,-45.7803464099407,-1.18925356399609,2
TCGA-L9-A743-01A,-9.55757187987438,-45.1149415627619,-11.331772961818,2
TCGA-MN-A4N5-01A,3.62747312854091,-38.2009227763974,10.4584559066319,2
TCGA-MP-A4SV-01A,0.768251918469353,-41.7406332766163,6.77332317222399,2
TCGA-MP-A4SW-01A,17.8727396443556,-14.8155614036669,9.66544921961534,2
TCGA-MP-A4SY-01A,2.16165303506461,-30.5183951987228,3.92806263901963,2
TCGA-MP-A4T6-01A,-9.48887775713823,-53.7988048013119,-7.32684182330028,2
TCGA-MP-A4T7-01A,10.3165396937591,-20.3615430180958,14.5869214687627,2
TCGA-MP-A4T8-01A,1.41479494447801,-42.6920310842556,4.05048821291074,2
TCGA-MP-A4T9-01A,-9.02832875845663,-51.227583226091,-10.9457224608826,2
TCGA-MP-A4TE-01A,-11.3707878537287,-46.7413969767049,-19.5798167841871,2
TCGA-MP-A4TF-01A,9.48795099981559,-20.7442978157587,14.9128593830573,2
TCGA-MP-A4TH-01A,-13.5091283158219,-34.9698667407218,-21.7578297975389,2
TCGA-NJ-A4YF-01A,5.7879654225074,-45.2159585807852,-0.124857064499457,2
TCGA-NJ-A4YI-01A,-13.0345571395837,-35.0192372421217,-24.0019574354437,2
TCGA-NJ-A4YQ-01A,2.58291842558181,-37.5810067165142,9.51078437153303,2
TCGA-NJ-A55O-01A,0.276470746257458,-38.871412647208,10.1219743549307,2
TCGA-NJ-A55R-01A,-9.50089020702885,-53.077483974579,-8.98837541462009,2
TCGA-O1-A52J-01A,-8.89304451528827,-51.1413305423681,-10.9463238154845,2
TCGA-S2-AA1A-01A,4.57979981951394,-24.3994579162419,15.9755846121351,2
