Sample,X,Y,Z,Cluster
TCGA-A6-2671-01A,-64.8081606526334,-125.739889973758,-38.7430872270183,1
TCGA-A6-2672-01B,-69.8980392450181,-120.564770398084,-29.7285425620985,1
TCGA-A6-2684-01A,-61.1040692253684,-122.04271885726,-36.0944446173757,1
TCGA-A6-3809-01A,-67.6398206918666,-122.429359732807,-28.992127859764,1
TCGA-A6-5656-01A,-63.7386900729302,-128.21100197663,-26.089614727926,1
TCGA-A6-5659-01A,-75.1667477978703,-114.995137282742,-32.7894666368707,1
TCGA-A6-5661-01B,-70.948888670198,-115.607545730277,-26.7341399914321,1
TCGA-A6-5665-01B,-71.0089783950831,-123.534661568553,-26.2044315315048,1
TCGA-A6-6137-01A,-71.8093277750127,-120.269615904572,-33.3862931014706,1
TCGA-A6-6648-01A,-72.3508983865669,-117.198542425553,-39.7103352003408,1
TCGA-A6-6653-01A,-76.6066143225113,-119.771344051918,-29.7610021657557,1
TCGA-A6-6780-01A,-65.0407853984106,-124.76988251856,-33.9914568093671,1
TCGA-A6-A56B-01A,-68.6341787807341,-123.139092882552,-32.5515249171487,1
TCGA-AA-3517-01A,-70.4521344225082,-121.559730510087,-32.3694705601921,1
TCGA-AA-3526-01A,-63.884556292947,-119.591275314975,-33.2901970581394,1
TCGA-AA-3530-01A,-69.5000059997351,-119.762310289388,-27.3250577756999,1
TCGA-AA-3554-01A,-65.2610716684725,-110.749696573215,-45.4697232362084,1
TCGA-AA-3560-01A,-68.8235276430553,-117.886503550743,-28.5175881508675,1
TCGA-AA-3655-01A,-80.9273758315849,-116.121719808083,-46.0415267467836,1
TCGA-AA-3673-01A,-60.3765914137604,-116.613311229776,-28.9775813313742,1
TCGA-AA-3678-01A,-71.8992269090947,-126.272834108682,-32.6404945468418,1
TCGA-AA-3679-01A,-69.3847198843568,-108.129352132912,-36.5366369752789,1
TCGA-AA-3681-01A,-73.6884624383547,-118.584617709177,-29.9163174465475,1
TCGA-AA-3712-01A,-73.8308170981837,-125.751794277056,-36.3044497312167,1
TCGA-AA-3713-01A,-75.9868302264478,-116.735746821921,-34.0612253391437,1
TCGA-AA-3819-01A,-74.5259800247458,-118.767682798003,-40.4865165620837,1
TCGA-AA-3831-01A,-69.2334229677195,-111.772114143447,-27.9371699274142,1
TCGA-AA-3850-01A,-62.5420540966048,-106.964109701072,-37.0375931351167,1
TCGA-AA-A00A-01A,-74.224962886998,-119.314845048141,-35.7922454249232,1
TCGA-AA-A00D-01A,-66.5984363433636,-130.303415936895,-33.7608219309256,1
TCGA-AA-A00Q-01A,-65.6398682996604,-124.5500659756,-41.3358669159563,1
TCGA-AA-A00W-01A,-74.9579892737958,-120.760187746768,-40.2359492071558,1
TCGA-AA-A00Z-01A,-74.2633189842396,-121.864056437125,-39.6457567814397,1
TCGA-AA-A010-01A,-70.7888655467979,-116.13237204315,-38.1544560967829,1
TCGA-AA-A01D-01A,-71.4532059758774,-117.97506598502,-37.0081469454795,1
TCGA-AA-A01G-01A,-71.1597716735491,-125.113389857032,-37.6046682154925,1
TCGA-AA-A01K-01A,-74.8204811246175,-120.386321585386,-52.1494505843895,1
TCGA-AA-A01X-01A,-61.1880352800618,-118.333666990112,-43.4538994109894,1
TCGA-AA-A02R-01A,-71.7393679490608,-121.18087497094,-45.078446042706,1
TCGA-AD-6548-01A,-66.9491260338667,-124.899402924465,-41.5169594518637,1
TCGA-AD-6890-01A,-69.1318862990504,-116.755678902783,-42.119096041588,1
TCGA-AD-6899-01A,-70.4493521640621,-120.225089202719,-36.601002649786,1
TCGA-AD-6963-01A,-70.9643866075267,-127.265209551027,-30.1525769763941,1
TCGA-AD-6965-01A,-60.3620439641433,-127.39862500834,-38.4258108414129,1
TCGA-AD-A5EJ-01A,-78.6348081710781,-114.538309741789,-35.8605679329476,1
TCGA-AD-A5EK-01A,-73.6331975099975,-124.34106055483,-39.7411382017784,1
TCGA-AM-5820-01A,-75.1735511963526,-120.498090670026,-44.9171761849284,1
TCGA-AU-6004-01A,-70.7605116634316,-119.600474707425,-35.6451567868529,1
TCGA-AY-5543-01A,-71.7601750657437,-120.819539002535,-36.2053168730496,1
TCGA-AY-6197-01A,-71.9645529158256,-119.218926799728,-38.3433144225622,1
TCGA-AY-A69D-01A,-62.1336302682759,-122.818691227048,-30.8317958794795,1
TCGA-AZ-4682-01B,-60.5877825744477,-115.822212423537,-35.373322685032,1
TCGA-AZ-6601-01A,-80.5533505967927,-119.658518935465,-43.0027698075952,1
TCGA-CA-5797-01A,-72.4284725018234,-114.450059806506,-37.1358228226367,1
TCGA-CA-6715-01A,-73.199948879088,-125.875903380377,-36.801566307381,1
TCGA-CA-6716-01A,-66.3680143401334,-126.976745328591,-37.4622634023834,1
TCGA-CA-6719-01A,-68.4515520810729,-123.123625558911,-41.986812332037,1
TCGA-CK-4947-01B,-69.6082918547052,-119.811602741758,-42.2127978078928,1
TCGA-CK-4950-01A,-65.1202313621927,-122.753537528557,-34.4212567779805,1
TCGA-CK-5913-01A,-70.95502405357,-110.102863078932,-38.8690885617609,1
TCGA-CK-5914-01A,-74.1098427248373,-122.803740406391,-47.3717702349024,1
TCGA-CK-5915-01A,-70.846203381715,-123.793602006807,-40.1017268032226,1
TCGA-CK-5916-01A,-66.5742279550877,-116.239646965281,-30.3630062482752,1
TCGA-CK-6746-01A,-63.7305300784337,-124.004009912813,-31.9052813424114,1
TCGA-CK-6747-01A,-67.6736778229509,-126.124401357193,-33.3750176611004,1
TCGA-CK-6748-01A,-59.7091714712379,-123.337623909713,-31.9196910997678,1
TCGA-CK-6751-01A,-66.6373884510643,-117.384492155233,-41.6694167522501,1
TCGA-CM-4751-01A,-74.6208800190542,-112.249745619325,-42.1987517685677,1
TCGA-CM-5861-01A,-64.3902222044727,-117.10550736044,-29.3404934503854,1
TCGA-CM-6168-01A,-64.7422562724944,-127.046030503789,-37.3475684560328,1
TCGA-CM-6675-01A,-72.3919464216531,-119.773643205177,-35.3212127325635,1
TCGA-D5-5537-01A,-67.6754095904575,-115.116803414303,-32.7653037374285,1
TCGA-D5-6530-01A,-75.4125138053466,-115.590929191344,-41.355036256691,1
TCGA-D5-6531-01A,-71.6187207641718,-126.514415972377,-33.4536494113944,1
TCGA-D5-6532-01A,-68.3129999478834,-125.712178825514,-37.3765720255277,1
TCGA-D5-6535-01A,-67.1986494293801,-126.357753547683,-41.7857038531767,1
TCGA-D5-6539-01A,-69.5630950850458,-119.734278232332,-34.6508708292231,1
TCGA-D5-6920-01A,-61.8002774433355,-117.399400312135,-39.1804556250906,1
TCGA-D5-6922-01A,-68.507830121559,-122.822500509619,-37.1359126703802,1
TCGA-D5-6923-01A,-80.1815601560464,-121.385333529771,-41.049062561546,1
TCGA-D5-6924-01A,-67.6241286388144,-128.555537733312,-33.6761661942354,1
TCGA-D5-6927-01A,-70.7663461830728,-123.672020063379,-44.9005726180736,1
TCGA-D5-6931-01A,-67.0696712437916,-117.742445365197,-36.1694526095883,1
TCGA-D5-6932-01A,-57.3066232488867,-122.297050556359,-30.5067571848799,1
TCGA-D5-7000-01A,-78.6072570062987,-125.417985898235,-29.0117009182691,1
TCGA-DM-A0X9-01A,-64.1637390219034,-113.870332214671,-33.8997495138856,1
TCGA-DM-A0XF-01A,-78.6999095281886,-114.764971291402,-29.8150674596478,1
TCGA-DM-A1D0-01A,-82.3301089084065,-121.970904059047,-32.5844890410491,1
TCGA-DM-A280-01A,-74.7372813791181,-118.707717151538,-35.8890613640431,1
TCGA-DM-A28C-01A,-58.0942620456585,-113.76027105935,-31.1418273530719,1
TCGA-F4-6569-01A,-74.8142961335961,-123.811400531794,-36.3974664606168,1
TCGA-F4-6854-01A,-74.129711531805,-118.843012519707,-37.1381210683449,1
TCGA-G4-6293-01A,-71.7151022516541,-111.873691116004,-35.9568236760794,1
TCGA-G4-6306-01A,-71.2369886284796,-113.808576969498,-48.5929100482994,1
TCGA-G4-6309-01A,-68.0707697384262,-111.419952941976,-39.8341171496224,1
TCGA-G4-6311-01A,-78.2900119884425,-122.316713839894,-30.5527554007272,1
TCGA-G4-6315-01A,-75.9811858501108,-126.492712104459,-24.2709013977746,1
TCGA-G4-6627-01A,-68.0877964520552,-116.367923726385,-36.7201487356977,1
TCGA-NH-A50T-01A,-70.2055951684926,-123.440022604945,-28.0429093862438,1
TCGA-NH-A6GA-01A,-70.2442186501155,-127.76443123647,-32.2327643069085,1
TCGA-NH-A6GB-01A,-68.1568301720542,-130.005670298401,-28.3113707374521,1
TCGA-NH-A8F7-01A,-66.3211684597422,-121.20972931004,-37.3163329546037,1
TCGA-QG-A5Z1-01A,-72.2610106177856,-119.027025423758,-33.3017131647322,1
TCGA-QG-A5Z2-01A,-69.9104163213145,-120.972059075245,-33.9426921097407,1
TCGA-3L-AA1B-01A,14.6181543871548,33.1077181635881,14.6476144327643,2
TCGA-4N-A93T-01A,16.9970648420674,33.5092233377854,7.11950329036463,2
TCGA-4T-AA8H-01A,21.9955751396655,38.7234706794332,0.0458198021942471,2
TCGA-5M-AAT4-01A,21.0267410277667,14.1832524814105,13.2850812730999,2
TCGA-5M-AAT5-01A,9.84660774826828,47.5695041349526,20.6108569451132,2
TCGA-5M-AAT6-01A,11.3365531506713,33.0261149020647,20.4385807966523,2
TCGA-5M-AATA-01A,9.57917587069386,40.0000687419344,7.49448766225144,2
TCGA-5M-AATE-01A,13.6100425999775,24.9977564766457,26.0351210481205,2
TCGA-A6-2672-01A,22.1601023785241,33.2356791453782,2.53296064740008,2
TCGA-A6-2674-01A,13.2452175004979,17.8518702832559,22.532312014634,2
TCGA-A6-2674-01B,13.2604074079135,15.6087473292894,13.1990536100331,2
TCGA-A6-2675-01A,11.5264182699171,32.1651955764965,12.4174783072935,2
TCGA-A6-2676-01A,31.5827640760955,27.2421349144433,5.64533417283785,2
TCGA-A6-2677-01A,26.6169903757087,25.1673963610509,10.7222254849888,2
TCGA-A6-2677-01B,13.2226669056286,4.52248007634165,16.2576809222768,2
TCGA-A6-2678-01A,25.9938088063661,30.7258207882912,10.645536567292,2
TCGA-A6-2679-01A,21.6590859935061,46.5955744168417,3.78821383524425,2
TCGA-A6-2680-01A,13.833339600151,50.2778876149861,-11.4017146859693,2
TCGA-A6-2681-01A,15.254105013414,53.6764364450671,-2.02140026732348,2
TCGA-A6-2682-01A,8.25711249839984,48.2233859284611,14.6249176636627,2
TCGA-A6-2683-01A,26.1342050458817,55.4705778746739,-1.20281871983805,2
TCGA-A6-2684-01C,14.2749820689289,13.6674846681859,21.9238832422974,2
TCGA-A6-2685-01A,17.0754300744196,36.3166931600131,15.2135643111983,2
TCGA-A6-2686-01A,34.6229424315718,27.3203129763587,5.50801300607075,2
TCGA-A6-3807-01A,22.3233132842993,30.954355231526,9.51940374779474,2
TCGA-A6-3808-01A,15.646426684984,42.7960209796302,25.182710392626,2
TCGA-A6-3809-01B,11.5801825325206,11.5596695662718,21.9157500113953,2
TCGA-A6-3810-01A,11.9249645200215,13.1494310829528,26.7804746712939,2
TCGA-A6-3810-01B,22.6191899990839,10.4959843289364,18.3359785110129,2
TCGA-A6-4105-01A,34.3082784201216,22.4097417479671,14.8057346392661,2
TCGA-A6-4107-01A,32.0929957600845,46.3665710657704,-1.84136626921738,2
TCGA-A6-5656-01B,20.2367778472252,13.0913548270792,19.4120122255924,2
TCGA-A6-5657-01A,11.832881082607,26.4571062897918,-1.98588334451656,2
TCGA-A6-5659-01B,21.7475291223132,12.3470656144118,13.2800964205704,2
TCGA-A6-5660-01A,13.9444412929307,19.9534188715706,16.301448709395,2
TCGA-A6-5661-01A,23.1436625725466,3.37511593664385,15.7270668749868,2
TCGA-A6-5662-01A,25.7817628153776,30.8201181558876,21.8610507206757,2
TCGA-A6-5664-01A,10.1553998254943,34.4956050549279,26.8427362330102,2
TCGA-A6-5665-01A,26.21635539474,43.4889966078839,4.3333361952524,2
TCGA-A6-5666-01A,27.1475596244019,21.742693746467,19.6384012478162,2
TCGA-A6-5667-01A,24.4119303799077,25.8564329674237,22.2744898493305,2
TCGA-A6-6138-01A,15.0064084792039,4.58954314072222,18.7192691650739,2
TCGA-A6-6140-01A,2.33714565342875,41.3513904955214,2.81959929907645,2
TCGA-A6-6141-01A,19.9546083659071,42.0668179289704,23.0766116230588,2
TCGA-A6-6142-01A,5.97150054458737,28.2653999077965,27.9521166750528,2
TCGA-A6-6649-01A,15.7749087620104,38.1133408663044,3.95186784003098,2
TCGA-A6-6650-01A,17.919000255832,8.79754395405474,20.061616230884,2
TCGA-A6-6650-01B,25.9394604580245,15.3465352221135,23.2296614571905,2
TCGA-A6-6651-01A,5.11132610343477,29.726924980067,21.1425493309555,2
TCGA-A6-6652-01A,11.3389598423241,29.3042582478195,23.0316403477683,2
TCGA-A6-6654-01A,19.3768019939427,39.0316332304187,21.7647537699074,2
TCGA-A6-6780-01B,22.4541736179126,5.66233405541586,18.3308650284881,2
TCGA-A6-6781-01A,9.73523729340488,6.92253588571354,20.4014471208559,2
TCGA-A6-6781-01B,25.0069954574807,13.1713303038148,19.5395545942809,2
TCGA-A6-6782-01A,5.05467984209858,43.0928943890151,12.8544119448433,2
TCGA-A6-A565-01A,3.21210826757545,29.1104016508103,7.42891698950135,2
TCGA-A6-A566-01A,16.5605179392252,5.43069529308695,25.1885447871755,2
TCGA-A6-A567-01A,12.3862022886342,22.3580153737939,29.9693298147674,2
TCGA-A6-A5ZU-01A,11.6751015672852,26.7842805778351,28.5166780745412,2
TCGA-AA-3488-01A,14.8129485282482,37.1145943000786,7.91113382828041,2
TCGA-AA-3489-01A,11.239757166961,19.110967343987,15.1568705863981,2
TCGA-AA-3492-01A,31.4346948369108,35.3180937521806,-3.94619853797423,2
TCGA-AA-3494-01A,13.9024118828477,36.4504096921627,16.761313481405,2
TCGA-AA-3495-01A,12.8156930653313,9.97026845989832,23.3339028309498,2
TCGA-AA-3496-01A,10.6222937823852,27.8125808794727,18.4616668535784,2
TCGA-AA-3502-01A,4.07193786016601,43.6241647799186,0.874043210516819,2
TCGA-AA-3506-01A,15.0329060918495,41.1363273560217,-0.807927839360913,2
TCGA-AA-3509-01A,19.8473117760874,25.918485198635,32.204159930374,2
TCGA-AA-3510-01A,24.169853290479,46.3355748053277,2.85280295536213,2
TCGA-AA-3511-01A,13.8002319554443,36.8164081542818,-1.50607723840676,2
TCGA-AA-3514-01A,12.1585510897161,52.4805811233184,-0.965591394395333,2
TCGA-AA-3516-01A,31.6475071088221,43.6022911263561,-3.19049915287686,2
TCGA-AA-3518-01A,20.4886811638119,35.1660190297664,7.69923860519667,2
TCGA-AA-3519-01A,35.1599815022954,49.4586226794859,-9.10208241840433,2
TCGA-AA-3520-01A,17.3492667647848,37.6680792959026,15.7379776908357,2
TCGA-AA-3521-01A,6.91212450014933,32.6833541923147,2.24561902583967,2
TCGA-AA-3522-01A,36.1347126469926,27.9500360733479,16.7059079744684,2
TCGA-AA-3524-01A,38.3916201648952,34.107440213658,-2.53684841272793,2
TCGA-AA-3525-01A,34.6369746298873,36.8606543564204,2.64192480240433,2
TCGA-AA-3527-01A,14.2289808361199,47.5320836571387,-10.934021152269,2
TCGA-AA-3529-01A,23.8432195202807,28.5727662417422,19.0686347479863,2
TCGA-AA-3531-01A,20.6937701568994,46.6451015676665,0.396770765336706,2
TCGA-AA-3532-01A,27.5953085466398,35.187236991973,16.627553712834,2
TCGA-AA-3534-01A,28.9994539885512,18.6859398537408,28.7435329738241,2
TCGA-AA-3538-01A,15.6964893761769,22.8621858447831,14.4234966471759,2
TCGA-AA-3542-01A,30.7043877963721,41.2029845993055,-1.5443730807368,2
TCGA-AA-3543-01A,26.4632090500735,31.2499114067322,7.47404621227612,2
TCGA-AA-3544-01A,23.7583972071058,44.6716800744569,-0.791503896422588,2
TCGA-AA-3548-01A,27.3196663973643,39.1989878718829,11.8387030927514,2
TCGA-AA-3549-01A,25.5886591816441,36.4571313359435,16.8046064242679,2
TCGA-AA-3552-01A,16.4084613360085,37.2205751664296,13.2711017929186,2
TCGA-AA-3553-01A,27.2033981775196,16.9940128313235,24.481782759864,2
TCGA-AA-3555-01A,15.4008313761278,36.6465624230863,8.14687610582381,2
TCGA-AA-3556-01A,24.476622921685,10.462788429778,9.71196561859035,2
TCGA-AA-3561-01A,34.5594196948435,47.8950534879081,1.69022297070777,2
TCGA-AA-3562-01A,25.0931551004391,38.6223436374623,7.91112120686081,2
TCGA-AA-3660-01A,16.0114182194586,46.5649600698393,16.2162863765676,2
TCGA-AA-3662-01A,24.532620569171,41.9647425436175,-0.593468421416946,2
TCGA-AA-3663-01A,27.5396934784019,45.2162826684165,0.187286786064361,2
TCGA-AA-3664-01A,23.1647610958795,25.4695347250287,11.8324113606121,2
TCGA-AA-3666-01A,28.7383703217248,30.6929580880577,2.30686464734376,2
TCGA-AA-3667-01A,15.3615923399687,48.4191242519574,-7.31289179375716,2
TCGA-AA-3672-01A,22.2001118526832,51.9253450093385,1.81339556924164,2
TCGA-AA-3675-01A,18.6676676254795,36.9923251239776,19.3409352733543,2
TCGA-AA-3680-01A,27.6502911788888,27.1406118094409,6.60618594858175,2
TCGA-AA-3684-01A,26.1806935000297,50.3851134729623,-9.17629065649365,2
TCGA-AA-3685-01A,31.1213115803985,45.3626949270985,6.60395890421324,2
TCGA-AA-3688-01A,35.8391566574248,34.5017168051446,18.9053791225459,2
TCGA-AA-3692-01A,23.3144689237506,41.4656060643061,17.5672251601452,2
TCGA-AA-3693-01A,19.8581816995676,9.13751476627565,10.3149922994327,2
TCGA-AA-3696-01A,10.8234281425821,43.8451955865701,10.439280818565,2
TCGA-AA-3697-01A,14.0467122817722,35.3109626277935,4.97823017569702,2
TCGA-AA-3710-01A,24.8350494260126,39.686652148984,10.0580862645174,2
TCGA-AA-3715-01A,17.2543410601223,41.2060858267325,-6.51036231645729,2
TCGA-AA-3811-01A,27.5960410788949,33.8574856635258,6.22042109920632,2
TCGA-AA-3812-01A,24.7385592079813,44.8445006235855,-5.6150010266531,2
TCGA-AA-3814-01A,32.7775075624355,39.2997529596808,8.35060409537784,2
TCGA-AA-3815-01A,28.4474532394175,33.1340592566852,12.3528585410121,2
TCGA-AA-3818-01A,35.3687143195072,39.1646353774487,4.77622676996002,2
TCGA-AA-3821-01A,27.2048568528685,30.122550951148,18.5687428443618,2
TCGA-AA-3833-01A,33.8653950564588,45.9075387776007,3.36092773168855,2
TCGA-AA-3837-01A,23.0181495630704,44.4194051728662,1.87607425262099,2
TCGA-AA-3841-01A,13.0590472523619,47.0452187627212,-7.97953744640225,2
TCGA-AA-3842-01A,23.9815652120994,36.242549400284,10.4206330931397,2
TCGA-AA-3844-01A,35.1104949260681,46.8530341072888,3.12158101600986,2
TCGA-AA-3845-01A,28.2084517351854,28.9575337099838,22.5207810903589,2
TCGA-AA-3846-01A,27.9383578494575,28.1819754526553,14.3189265493551,2
TCGA-AA-3848-01A,20.0030153127665,48.2112235936118,-5.45385251425573,2
TCGA-AA-3851-01A,28.0414030664931,50.8549686250932,8.32183229514121,2
TCGA-AA-3852-01A,14.8661901336515,50.4883473231632,14.3818991630488,2
TCGA-AA-3854-01A,29.0195054939039,41.2987611135978,-1.75779236664888,2
TCGA-AA-3855-01A,20.3833276478009,38.0731746360887,-8.71267847571268,2
TCGA-AA-3856-01A,17.9650084769918,31.4477238084636,23.7364108478179,2
TCGA-AA-3858-01A,29.3441119175262,40.2766266258901,7.53735886445591,2
TCGA-AA-3860-01A,24.8559903462892,39.6490172568047,10.6905705324457,2
TCGA-AA-3861-01A,31.266405850932,40.4215542727194,6.75321143564697,2
TCGA-AA-3862-01A,33.260252134543,31.0701352001384,16.4033169336089,2
TCGA-AA-3864-01A,34.9962624341067,27.5612505611729,13.4014266387986,2
TCGA-AA-3866-01A,23.5448330100396,24.9948800148091,7.85699198296526,2
TCGA-AA-3867-01A,22.4064836818391,25.5344318853559,19.829875736211,2
TCGA-AA-3869-01A,15.697180205162,10.3387148322482,23.1403154529552,2
TCGA-AA-3870-01A,30.2046793887643,44.9464639830107,-1.62215794683392,2
TCGA-AA-3872-01A,18.4681671799434,41.930757589362,15.1982657716186,2
TCGA-AA-3875-01A,30.4870337927291,36.4213742602951,-8.88372352297645,2
TCGA-AA-3877-01A,22.2996127746394,33.4089740277388,6.70571114442925,2
TCGA-AA-3930-01A,25.5716214245791,38.906435848117,5.06987427000059,2
TCGA-AA-3939-01A,31.1287016193499,48.9226959658319,3.43480643959405,2
TCGA-AA-3941-01A,36.9701486532016,40.7736114374656,4.77941878445828,2
TCGA-AA-3947-01A,24.1342519408744,31.2428682725185,16.0107402713054,2
TCGA-AA-3949-01A,29.0767600984286,35.8853961811709,8.96994438322776,2
TCGA-AA-3950-01A,31.417059627627,31.4508029884497,8.24179746550757,2
TCGA-AA-3952-01A,33.5842647236056,24.8353588500594,12.4510550415424,2
TCGA-AA-3955-01A,27.4879968886348,31.2515404394792,13.7585697781836,2
TCGA-AA-3956-01A,15.7504264210152,29.975579089457,14.4972581576259,2
TCGA-AA-3966-01A,21.2360783270265,32.8595663196917,2.90497609307649,2
TCGA-AA-3968-01A,25.9984411123739,7.42599783357873,9.16234084417049,2
TCGA-AA-3970-01A,26.442654897943,33.5840459698882,-0.674437935135926,2
TCGA-AA-3971-01A,30.6909768553268,28.9935711879164,11.2750421121023,2
TCGA-AA-3972-01A,21.6147685533847,29.6551364450788,21.7584689198834,2
TCGA-AA-3973-01A,20.9865022680488,31.6637427059153,26.7905357105126,2
TCGA-AA-3975-01A,21.7867420769787,47.8475316106414,3.50944567491493,2
TCGA-AA-3976-01A,24.707349385551,38.6203837646534,-1.53466487742517,2
TCGA-AA-3977-01A,30.5011447323461,24.2169258950635,11.2338655819017,2
TCGA-AA-3979-01A,29.8605764134975,46.420054477524,5.09099056980634,2
TCGA-AA-3980-01A,33.8308409577109,33.5763011788114,7.56627517013005,2
TCGA-AA-3982-01A,35.2073552373737,31.9441886937275,3.97272710510825,2
TCGA-AA-3984-01A,31.5719340058171,25.7603943517377,9.85950620874243,2
TCGA-AA-3986-01A,30.386412303681,37.5532085385773,-0.245556683158423,2
TCGA-AA-3989-01A,29.3002850866852,48.7045037265266,-0.832084156692105,2
TCGA-AA-3994-01A,21.8886353712503,48.6159262965373,-3.92303813489654,2
TCGA-AA-A004-01A,13.230554556796,50.3473251203049,-8.80729289473678,2
TCGA-AA-A00E-01A,28.1895885013502,38.6383224896047,-5.11800851939375,2
TCGA-AA-A00F-01A,18.8720999574886,35.8993599510157,21.2189432124453,2
TCGA-AA-A00J-01A,7.63720139172801,32.7965867808061,1.83057990521922,2
TCGA-AA-A00K-01A,21.8694975691959,40.9882448919766,-9.41352277687947,2
TCGA-AA-A00L-01A,24.6289182727862,48.8751920931514,-2.53226837835083,2
TCGA-AA-A00N-01A,27.5201679888595,34.9669752189494,-2.96037390231629,2
TCGA-AA-A00O-01A,12.1521615064591,31.8410343913227,23.5090847290964,2
TCGA-AA-A00R-01A,28.508093731475,37.4917184392981,3.58013164511978,2
TCGA-AA-A00U-01A,14.8295825029058,37.3617298988323,22.2728224245733,2
TCGA-AA-A017-01A,16.1736160223235,46.2200761028071,3.25238195663201,2
TCGA-AA-A01C-01A,14.2274091717522,43.1736553775914,3.54961906640285,2
TCGA-AA-A01F-01A,20.958921370717,44.9020248948975,-10.3599016828145,2
TCGA-AA-A01I-01A,12.5485655292828,10.6984088103427,15.7579273074666,2
TCGA-AA-A01P-01A,12.8213253974029,31.8864923761216,2.07338710152491,2
TCGA-AA-A01Q-01A,7.41081279453069,44.2180057444204,3.6387554791733,2
TCGA-AA-A01R-01A,21.4022415441883,50.5301305877196,-3.5640601089127,2
TCGA-AA-A01S-01A,25.7527842628884,50.4417416994896,1.46122281005742,2
TCGA-AA-A01T-01A,15.124478684968,39.8243952805131,-9.73376647064766,2
TCGA-AA-A01V-01A,8.84720478770956,45.2952748095723,5.21987069770821,2
TCGA-AA-A01Z-01A,24.5795208198817,46.2973529846856,-3.3537050172644,2
TCGA-AA-A022-01A,20.8882423102043,39.3373594414446,-14.4049586449274,2
TCGA-AA-A024-01A,24.1701836331087,44.0093637558573,-17.6711826999276,2
TCGA-AA-A029-01A,31.326047936787,51.2313901587188,-4.84592678081912,2
TCGA-AA-A02E-01A,16.109679678301,46.68015515739,6.02913999131354,2
TCGA-AA-A02F-01A,19.6852265747506,42.0046637103032,16.1578257320017,2
TCGA-AA-A02H-01A,17.2511669314386,41.8802124432314,14.3277277751124,2
TCGA-AA-A02J-01A,20.5025746326776,49.5344417300162,4.28420406746419,2
TCGA-AA-A02K-01A,25.8014934364913,41.2635079201409,10.9828364583769,2
TCGA-AA-A02O-01A,18.3701582657558,40.6478013508499,-5.03487036405736,2
TCGA-AA-A02W-01A,15.3661713413361,35.1231226719316,11.3034911054546,2
TCGA-AA-A02Y-01A,21.4437420510446,48.1294652369969,3.67231141354002,2
TCGA-AA-A03F-01A,17.3608179295803,52.8353552775374,-7.09116428691851,2
TCGA-AA-A03J-01A,12.5247588625528,54.6028371708677,-4.68295568389363,2
TCGA-AD-5900-01A,20.5522245030624,23.1704124277376,4.58203720915973,2
TCGA-AD-6888-01A,19.2307802125706,51.2363815184359,-8.69321089683748,2
TCGA-AD-6889-01A,21.9234980807244,48.2712826554346,2.08438178906749,2
TCGA-AD-6895-01A,19.8575143252945,31.8767586983836,-7.73719834100998,2
TCGA-AD-6901-01A,10.6986354620477,43.3042269375332,14.0936996522215,2
TCGA-AD-6964-01A,14.816665615826,38.1607054086571,23.4848932293308,2
TCGA-AM-5821-01A,16.780310956204,30.9053171390852,20.6537303788554,2
TCGA-AU-3779-01A,22.9342437247962,39.1162603781275,6.28282661743829,2
TCGA-AY-4070-01A,22.2392467595427,32.4440781842493,18.362367965577,2
TCGA-AY-4071-01A,27.9368777303673,43.9442467641577,-4.39860610525957,2
TCGA-AY-6196-01A,11.6192722379597,29.6675084615302,24.764207511433,2
TCGA-AY-6386-01A,26.7737904273982,48.253551020278,-14.2278860289346,2
TCGA-AY-A54L-01A,12.8492912403043,39.747564398993,18.9978712720122,2
TCGA-AY-A71X-01A,11.0168387583168,46.475177974872,9.48851312663672,2
TCGA-AY-A8YK-01A,18.9358796952853,42.8284537469631,-12.8209375064212,2
TCGA-AZ-4308-01A,23.4170650509463,40.7283149506595,-8.64577713162159,2
TCGA-AZ-4313-01A,21.6884203818509,43.7859030681184,5.08586849446677,2
TCGA-AZ-4315-01A,29.9173749530031,45.1095978287782,9.2096455339676,2
TCGA-AZ-4323-01A,11.6055168659497,33.7502174128853,25.0675394142081,2
TCGA-AZ-4614-01A,9.91125238394335,30.6669419142954,17.9934087188824,2
TCGA-AZ-4615-01A,20.5856706112897,26.4260426028309,18.9840358659363,2
TCGA-AZ-4616-01A,20.6571154799991,30.0009889711218,20.9947212583149,2
TCGA-AZ-4684-01A,22.7145148356568,42.4983443946679,10.2924022345451,2
TCGA-AZ-5403-01A,27.9135451454649,43.0908557098149,22.9825809909026,2
TCGA-AZ-5407-01A,35.5783093838967,44.1734784111842,1.51314457299581,2
TCGA-AZ-6598-01A,9.14827686459063,32.9269738304473,6.87759259226914,2
TCGA-AZ-6599-01A,12.2271277584624,38.6363950152022,-1.18623029047454,2
TCGA-AZ-6600-01A,21.3777329585333,35.9096374126952,27.0000202605031,2
TCGA-AZ-6603-01A,14.8805022527726,31.2752677221943,29.3144724315791,2
TCGA-AZ-6605-01A,11.7233008118368,25.0647470364349,14.3363187153314,2
TCGA-AZ-6606-01A,24.0838575724982,48.432631899928,-13.422463803718,2
TCGA-AZ-6607-01A,12.6918489895252,24.9528305259058,22.3474208680761,2
TCGA-AZ-6608-01A,24.2005617481868,22.5587551765962,28.9006984635785,2
TCGA-CA-5254-01A,27.0542930741486,36.862816178081,13.3714595357297,2
TCGA-CA-5255-01A,30.2532974659759,39.2843717996318,-6.86531980053674,2
TCGA-CA-5256-01A,24.1148511237267,45.0509902632415,6.00177772922234,2
TCGA-CA-5796-01A,28.4602826006672,27.5880154166931,8.47319280855739,2
TCGA-CA-6717-01A,18.6187625094227,11.9140912728685,24.5248830790357,2
TCGA-CA-6718-01A,20.7670360084009,28.081431163793,9.85604988252973,2
TCGA-CK-4948-01B,17.0165062601905,30.318297924132,21.7783342156643,2
TCGA-CK-4951-01A,20.7238210494061,19.7945457684312,-5.9425626230505,2
TCGA-CK-4952-01A,10.311317804526,35.9542532206968,-2.8183437993316,2
TCGA-CK-5912-01A,20.749405345673,25.6574741475469,15.5009669628501,2
TCGA-CM-4743-01A,33.2225763814173,31.0798239868352,-2.88957684145247,2
TCGA-CM-4744-01A,30.0838418337848,42.9133371476396,-7.45041098635852,2
TCGA-CM-4746-01A,23.1957166685476,49.4668116501028,-2.16141482820459,2
TCGA-CM-4747-01A,19.0755939305895,45.0927049827855,-3.57225109893098,2
TCGA-CM-4748-01A,24.6108238410432,46.5964272433721,9.14935717655879,2
TCGA-CM-4750-01A,26.7021973963218,44.5645571154961,-2.87934945113378,2
TCGA-CM-4752-01A,17.3989635223028,38.2121005762764,10.9658882320465,2
TCGA-CM-5341-01A,22.0223695723709,31.3802754219752,2.98069469310586,2
TCGA-CM-5344-01A,10.5296833500553,29.5509506982578,5.08627265102166,2
TCGA-CM-5348-01A,23.1410971528072,26.5264744069499,24.8461325045386,2
TCGA-CM-5349-01A,27.1586218703505,32.1129506803277,19.1542363975017,2
TCGA-CM-5860-01A,25.9248339184301,31.3470320517537,21.6240981279031,2
TCGA-CM-5862-01A,20.7233444328279,20.0146394127187,15.8431461604407,2
TCGA-CM-5863-01A,7.704612406053,29.8388136024229,19.4700008306814,2
TCGA-CM-5864-01A,19.9036954485039,25.0230433872149,22.869794567495,2
TCGA-CM-5868-01A,9.84587439721938,34.0145398017224,21.7973878308977,2
TCGA-CM-6161-01A,13.572439125921,29.8345222378679,22.5996246846401,2
TCGA-CM-6162-01A,9.00254475800525,13.3219113299128,28.988317014228,2
TCGA-CM-6163-01A,25.0854060133028,29.5708223332845,10.1979382180679,2
TCGA-CM-6164-01A,10.3705823188033,27.4199646382248,6.53666489559797,2
TCGA-CM-6165-01A,21.7611505101804,8.62783639051354,17.752595275221,2
TCGA-CM-6166-01A,10.1234190842832,33.7559027861264,21.8980542843313,2
TCGA-CM-6167-01A,16.4473559939084,36.5438599248444,16.5502092901497,2
TCGA-CM-6169-01A,12.4376004393687,16.1957401854929,25.618535474372,2
TCGA-CM-6170-01A,21.9643823206836,14.7999948485755,26.3100702031328,2
TCGA-CM-6171-01A,12.7074379363692,35.2549541817629,-2.18666818991105,2
TCGA-CM-6172-01A,19.4147455818569,40.0727492456724,24.4079139103577,2
TCGA-CM-6674-01A,19.627275462357,35.9657233790763,12.0368330772542,2
TCGA-CM-6676-01A,24.4944461962183,47.2456246124779,-7.51673656442317,2
TCGA-CM-6677-01A,7.1343377670578,30.3285606187165,19.3108886902276,2
TCGA-CM-6678-01A,15.6516120503744,44.2009142865375,-2.17101188130351,2
TCGA-CM-6679-01A,3.29968425329325,25.7638962113145,29.4151613363917,2
TCGA-CM-6680-01A,12.0912539958086,19.6306857789559,18.0601691771914,2
TCGA-D5-5538-01A,23.9906640269523,30.1818123289465,17.0954182484051,2
TCGA-D5-5539-01A,6.86764766023471,42.6248256369352,19.1497806711972,2
TCGA-D5-5540-01A,24.68956163226,43.3960719508413,25.3234450992555,2
TCGA-D5-5541-01A,9.05867790923071,21.4382652329892,32.2996259034196,2
TCGA-D5-6529-01A,23.6275923144489,32.4439134440673,18.119603484925,2
TCGA-D5-6533-01A,24.8738342327731,23.6385585214254,12.3496583793552,2
TCGA-D5-6534-01A,20.3929336881857,29.1597415207856,16.5602374419352,2
TCGA-D5-6536-01A,9.80451052045802,38.8171686310325,23.9842788595997,2
TCGA-D5-6537-01A,24.9791992409307,31.455859904796,12.6637172661328,2
TCGA-D5-6538-01A,16.6298427221933,24.430707987803,18.9628383433957,2
TCGA-D5-6540-01A,26.1991074011999,32.1913975785528,2.94405542855492,2
TCGA-D5-6541-01A,13.4604258014657,15.017293480461,16.2057484716834,2
TCGA-D5-6898-01A,21.7536431766494,22.2389522253918,20.6437517940737,2
TCGA-D5-6926-01A,14.4491285848508,35.4432900184039,22.6634609559735,2
TCGA-D5-6928-01A,11.7900431795861,42.3486191805626,-0.994321486326502,2
TCGA-D5-6929-01A,24.2375000585262,36.5974763520677,7.240712113442,2
TCGA-D5-6930-01A,14.9337013070235,30.363786663909,-0.304976941077529,2
TCGA-DM-A0XD-01A,10.9156904521106,40.0870094073125,4.37551449181104,2
TCGA-DM-A1D4-01A,6.63048767836105,43.7650332922917,-3.15633908024719,2
TCGA-DM-A1D6-01A,14.7282060230292,41.0155887125396,1.65091471658125,2
TCGA-DM-A1D7-01A,21.1916752026791,45.4586941928024,23.0128501881956,2
TCGA-DM-A1D8-01A,13.202231510031,38.8594604799242,19.775405248721,2
TCGA-DM-A1D9-01A,22.3469756946425,45.6593397224157,12.0217291630835,2
TCGA-DM-A1DA-01A,9.29874166522092,42.7911620204173,0.715353216584951,2
TCGA-DM-A1DB-01A,13.9601640782701,34.6936886277272,8.09366042634459,2
TCGA-DM-A1HA-01A,23.7563029765034,28.0610663397769,19.1976371751915,2
TCGA-DM-A1HB-01A,27.5893258641545,39.960344384043,-9.05320737119833,2
TCGA-DM-A282-01A,11.5011377564754,49.9772445686894,0.0457422952484998,2
TCGA-DM-A285-01A,7.87760172008117,35.6262162591617,21.6886175113399,2
TCGA-DM-A288-01A,17.4221121541602,35.0969222843644,23.3340519692781,2
TCGA-DM-A28A-01A,11.4792365342891,19.5745179736604,11.4350943848427,2
TCGA-DM-A28E-01A,11.928475457955,34.9401658048517,9.96700550353344,2
TCGA-DM-A28F-01A,12.5184281956629,50.8104524047827,19.7732886170612,2
TCGA-DM-A28G-01A,5.68510449144284,42.1608848359689,5.82890226938848,2
TCGA-DM-A28H-01A,31.8979207257236,32.2293773035204,13.9542132059138,2
TCGA-DM-A28K-01A,20.5719346289278,43.0235741075916,16.5372939630975,2
TCGA-DM-A28M-01A,11.2880188367579,38.4452633559236,-8.06900433066551,2
TCGA-F4-6459-01A,15.9563102687522,3.85514874603091,18.3508312228645,2
TCGA-F4-6460-01A,24.7293648797725,31.6154472683102,21.4055558771267,2
TCGA-F4-6461-01A,18.0614289912537,47.2799186650792,17.466440476443,2
TCGA-F4-6463-01A,10.6103916146395,37.3356652057913,20.7414453356132,2
TCGA-F4-6570-01A,17.4751273589634,30.0890718027446,-3.9260647756048,2
TCGA-F4-6703-01A,18.3471791174754,37.0579518128596,14.0118011962059,2
TCGA-F4-6704-01A,11.1533753571404,33.3676042402167,22.7802649034705,2
TCGA-F4-6805-01A,12.5949502163342,26.0402479610008,26.3198079962418,2
TCGA-F4-6806-01A,17.1131913341115,44.4619274664336,2.37854982273696,2
TCGA-F4-6807-01A,10.099665022417,24.0071065283438,22.0702568831797,2
TCGA-F4-6808-01A,8.87238314648918,38.8176308341161,7.75326467918374,2
TCGA-F4-6809-01A,15.6465269014354,16.4164430684562,16.8061100287974,2
TCGA-F4-6855-01A,12.8690801215932,31.231459385838,20.7855269230786,2
TCGA-F4-6856-01A,16.3246314687293,32.4985948687188,-2.66112148673525,2
TCGA-G4-6294-01A,15.8459822655167,20.9319046568571,22.6152258871194,2
TCGA-G4-6295-01A,19.4039971765294,22.3465044399786,12.6924279881547,2
TCGA-G4-6297-01A,9.23249455573843,26.4542521819444,23.8363219426161,2
TCGA-G4-6298-01A,20.4942392055516,42.7130554203695,25.4302921923661,2
TCGA-G4-6299-01A,18.6618218653244,25.1719475223419,10.494257989926,2
TCGA-G4-6302-01A,18.9384355885864,33.7039300911756,19.5305887106096,2
TCGA-G4-6303-01A,10.2304073419386,18.6000950591014,20.4635923557863,2
TCGA-G4-6304-01A,12.6795747532026,44.7502735406923,3.87609481826354,2
TCGA-G4-6307-01A,8.46189055532027,47.0041941488925,4.59275232856711,2
TCGA-G4-6310-01A,22.5203907626227,34.5317053425642,20.3248051081174,2
TCGA-G4-6314-01A,7.2964884758076,38.187280880043,26.1379547552299,2
TCGA-G4-6317-01A,18.3115898812363,20.1960904362863,25.7971325738347,2
TCGA-G4-6320-01A,26.8762897229451,29.9110313232039,9.77272304521648,2
TCGA-G4-6321-01A,33.0699135180719,45.1940376577064,-5.42676708306702,2
TCGA-G4-6322-01A,12.0965354110143,34.5200900413914,1.78826969200871,2
TCGA-G4-6323-01A,8.84341760801254,41.9489127671208,-2.47713548545623,2
TCGA-G4-6586-01A,27.5841349036833,48.0093599009294,7.25503327147922,2
TCGA-G4-6588-01A,26.3527370259319,38.9288890600567,1.90876699181696,2
TCGA-G4-6625-01A,5.65879010067998,25.8695228838793,22.8640263460221,2
TCGA-G4-6626-01A,23.8249447647553,20.0744163191361,12.9039700420864,2
TCGA-G4-6628-01A,18.4672821961602,33.199537014999,13.794078131562,2
TCGA-NH-A50U-01A,16.6234951561321,28.1376108423404,18.3750453314934,2
TCGA-NH-A50V-01A,11.3133150924997,26.0340190615328,26.3250479367174,2
TCGA-NH-A5IV-01A,10.4597454062019,37.9134214981871,-4.36352542319378,2
TCGA-NH-A6GC-01A,17.1221526442785,40.5781144681703,6.67986985631467,2
TCGA-NH-A8F8-01A,18.7176328657189,22.2891024951243,19.0706860228088,2
TCGA-QG-A5YV-01A,13.3081801481494,48.4180633808874,11.240252390726,2
TCGA-QG-A5YW-01A,27.7752327142062,39.2544967454685,9.50039615009571,2
TCGA-QG-A5YX-01A,32.4109213414311,31.4883156624657,6.39416346688648,2
TCGA-QL-A97D-01A,27.7614579083198,47.1695233261257,-6.03588081444597,2
TCGA-RU-A8FL-01A,8.2831418256464,45.1690156063658,3.3562095996626,2
TCGA-SS-A7HO-01A,22.3820627780839,18.3848475637217,29.0001612101747,2
TCGA-T9-A92H-01A,22.810224695578,37.3587491428058,30.6136862374134,2
TCGA-WS-AB45-01A,16.3294968149736,24.0402483036047,16.3207468467402,2
