Sample,X,Y,Z,Cluster
TCGA-3L-AA1B-01A,-21.068808525257,-13.0712485268812,-6.24277042022257,1
TCGA-5M-AAT6-01A,-20.9582714755217,-21.3726667272107,-9.32961380057153,1
TCGA-5M-AATA-01A,-17.4394638912252,-15.3555329531777,-6.08827023069002,1
TCGA-A6-2672-01A,-16.0462252252869,-16.5225696838801,-13.750295389436,1
TCGA-A6-2672-01B,-20.2596989486875,-20.6638668746434,-8.06846053811163,1
TCGA-A6-2674-01A,-24.463451489052,-24.6113796436873,-7.4273848200034,1
TCGA-A6-2674-01B,-25.5657569612071,-23.960421535327,-6.86464259529524,1
TCGA-A6-2675-01A,-18.0148242584184,-21.4955337661472,-6.56775757864245,1
TCGA-A6-2677-01A,-21.3639116841628,-9.23823018764108,-4.61859080337922,1
TCGA-A6-2677-01B,-24.8699140636455,-23.5889195512625,-6.02654162741226,1
TCGA-A6-2684-01C,-25.2752639275867,-23.2377111260373,-6.38040961605116,1
TCGA-A6-2685-01A,-15.3766933843332,-15.3735833586499,-10.7870719743936,1
TCGA-A6-3809-01A,-24.027860463051,-25.0003392725537,-7.40626259889227,1
TCGA-A6-3809-01B,-25.2400963605683,-23.8054684751433,-6.99823076707334,1
TCGA-A6-3810-01A,-25.7072958395292,-25.1008938470462,-5.52331258568219,1
TCGA-A6-3810-01B,-25.4599607095184,-23.9007402365888,-6.37668336417432,1
TCGA-A6-5656-01B,-24.9416629693311,-24.0171182718727,-6.12290460540478,1
TCGA-A6-5659-01B,-24.8570362186676,-23.6637161924465,-5.7361867800255,1
TCGA-A6-5661-01A,-25.5068642662965,-20.7232839602746,-3.96963468460426,1
TCGA-A6-5661-01B,-20.6076920306857,-20.6718571659073,-7.71097393669359,1
TCGA-A6-5665-01B,-20.4245029917201,-21.077712622797,-7.85812854383173,1
TCGA-A6-6137-01A,-18.3901154004766,-15.0440116160653,-14.1458646246394,1
TCGA-A6-6141-01A,-19.0799904935057,-8.40624988757312,-9.55422386863885,1
TCGA-A6-6649-01A,-18.4020967359326,-18.65983009943,-11.8814928286089,1
TCGA-A6-6650-01B,-24.5450752632668,-24.3537842029576,-5.89779944068029,1
TCGA-A6-6651-01A,-23.3026392872944,-17.8275042788634,-8.86739978023406,1
TCGA-A6-6780-01A,-24.7773161136282,-22.6406719214705,-8.85131735824782,1
TCGA-A6-6780-01B,-25.3326188842095,-23.8156503500381,-7.07901036003247,1
TCGA-A6-6781-01A,-22.4950834540227,-20.2124823779006,-7.64074894296022,1
TCGA-A6-6781-01B,-25.4063258786555,-23.3648993530649,-6.79618623203787,1
TCGA-A6-A565-01A,-19.6132063614089,-20.2632297606806,-8.20910524593037,1
TCGA-A6-A56B-01A,-16.8432953061113,-12.955586187995,-14.6131065854868,1
TCGA-AA-3496-01A,-15.8379744254848,-20.8092234087907,-7.74702719435754,1
TCGA-AA-3530-01A,-24.8299802169661,-24.8065124231886,-4.95673233622702,1
TCGA-AA-3534-01A,-20.6036452650231,-9.96799867552262,-6.09167058075567,1
TCGA-AA-3555-01A,-21.2926118287093,-15.8107347785512,-7.11486457238518,1
TCGA-AA-3556-01A,-21.4416692444252,-9.09965273178489,-5.68970644797747,1
TCGA-AA-3664-01A,-19.1032213364413,-19.8165412044259,-8.37069325149006,1
TCGA-AA-3680-01A,-19.8035022482273,-9.16913872659421,-8.10602533366114,1
TCGA-AA-3710-01A,-20.4050953498562,-13.7922628049149,-14.6639046259102,1
TCGA-AA-3713-01A,-18.1475160535393,-18.0469706430159,-11.7290666515585,1
TCGA-AA-3821-01A,-17.7598563666822,-18.7247538199876,-10.2041378886076,1
TCGA-AA-3846-01A,-25.7480156176884,-25.3960662218752,-5.17163379915571,1
TCGA-AA-3850-01A,-18.6978736213309,-12.6541643187518,-14.9058923460188,1
TCGA-AA-3866-01A,-22.7683189835658,-15.2232452383601,-5.21162288766445,1
TCGA-AA-3956-01A,-19.9053681236761,-14.1950565293539,-8.54889070755611,1
TCGA-AA-3970-01A,-18.7959371079343,-14.0769763104491,-11.9759289905755,1
TCGA-AA-3986-01A,-19.0876979261902,-8.24418365699063,-9.42944947639785,1
TCGA-AA-A00A-01A,-17.5840605573539,-13.9215282809551,-14.657307782997,1
TCGA-AA-A00D-01A,-20.7434862554129,-14.2493033304389,-7.66554910950915,1
TCGA-AA-A00N-01A,-19.4358775341292,-13.0955826894872,-14.1761706474299,1
TCGA-AA-A00Z-01A,-17.5205025796007,-15.2629531572109,-6.28387573053646,1
TCGA-AA-A010-01A,-19.8263411386932,-13.3014754004997,-14.3303920359316,1
TCGA-AA-A01I-01A,-25.4246261793495,-21.0402303596674,-4.36841343047618,1
TCGA-AA-A01K-01A,-19.7234626170512,-14.1176128325401,-8.66151532041304,1
TCGA-AA-A01P-01A,-20.0012448784191,-16.711558030009,-14.3784276062305,1
TCGA-AA-A01Q-01A,-18.8479845947827,-13.4243397882572,-13.0126114729826,1
TCGA-AD-6899-01A,-19.1701301583702,-8.15629716064313,-9.15017448760106,1
TCGA-AD-A5EJ-01A,-9.18709029531616,-8.25892885601509,-11.5929565153114,1
TCGA-AY-5543-01A,-18.4350111701957,-8.05992443340823,-3.2615413007935,1
TCGA-AY-6196-01A,-20.6467785741551,-22.0828869716684,-9.39785687019253,1
TCGA-AY-6197-01A,-18.0904124257703,-15.1136618623628,-14.907472645931,1
TCGA-AY-A71X-01A,-16.5214556829817,-12.5177357015652,-14.7647814506972,1
TCGA-AZ-6599-01A,-16.7790411754503,-12.7347664379725,-14.6315042735106,1
TCGA-AZ-6601-01A,-19.8931688632286,-16.8121734084241,-14.2093255958829,1
TCGA-CA-5254-01A,-19.7920086499098,-19.1115781194189,-7.30343294778366,1
TCGA-CA-6717-01A,-22.1236874888129,-19.4314046133524,-12.0037084825326,1
TCGA-CA-6718-01A,-19.7688363365092,-19.6381694766563,-12.0916530981299,1
TCGA-CK-4947-01B,-20.8401438364393,-19.6674277323066,-7.62581736258069,1
TCGA-CK-4951-01A,-9.68896554058611,-8.4286149539198,-11.6781743307596,1
TCGA-CK-5912-01A,-19.1683973372672,-22.5919361779706,-5.38510432893333,1
TCGA-CK-5915-01A,-22.5891159968418,-15.2088250656406,-5.19226813382583,1
TCGA-CK-6747-01A,-21.2559395656378,-18.2158037632875,-13.618267579092,1
TCGA-CK-6751-01A,-19.4636987694954,-17.602867509522,-13.8468536940925,1
TCGA-CM-4743-01A,-9.00874014482191,-8.21744483666209,-11.5498514487549,1
TCGA-CM-5348-01A,-19.3046070655807,-22.2762135515369,-5.84828941024015,1
TCGA-CM-6161-01A,-20.6718651512348,-10.3257314189207,-6.20929075923282,1
TCGA-CM-6162-01A,-21.7579047700761,-16.4933999163507,-7.22963174525803,1
TCGA-CM-6165-01A,-22.2131780470379,-20.0261500494083,-7.58468372822772,1
TCGA-CM-6169-01A,-24.997869279584,-22.1422650861883,-5.48252217875944,1
TCGA-CM-6171-01A,-17.3652227696393,-22.0659112133679,-9.27684263025263,1
TCGA-CM-6172-01A,-21.4466479717691,-19.1757734021014,-12.7417824556537,1
TCGA-CM-6674-01A,-21.0342005735112,-17.4513718590406,-14.280643127931,1
TCGA-CM-6680-01A,-18.2747218252388,-13.9693165227594,-10.0429235598581,1
TCGA-D5-5537-01A,-18.4916879369523,-8.07530182644433,-3.33374173726426,1
TCGA-D5-6531-01A,-20.9976002664962,-14.1965382660456,-7.20556730383549,1
TCGA-D5-6540-01A,-15.2816933432886,-20.7184349599713,-9.30889030137571,1
TCGA-D5-6541-01A,-25.2188970689258,-21.3862386122609,-4.87995985307373,1
TCGA-D5-6920-01A,-18.5405064126379,-18.2297184974486,-12.3215172008396,1
TCGA-D5-6922-01A,-15.8451997261857,-20.5315692717838,-8.30073089720729,1
TCGA-D5-6926-01A,-16.0561016167372,-17.6074400913839,-13.1119091964483,1
TCGA-D5-6927-01A,-16.124095507506,-16.9343886061278,-13.5701815770677,1
TCGA-D5-6928-01A,-19.2564971359118,-19.2630889406036,-11.8709688225149,1
TCGA-DM-A28G-01A,-20.1619931350652,-9.76005185063811,-7.11307487116143,1
TCGA-F4-6569-01A,-22.5790136281308,-20.3756925808351,-10.4943339881791,1
TCGA-F4-6570-01A,-19.5210241802489,-15.9445698534028,-14.3343490676039,1
TCGA-F4-6703-01A,-21.9072819864198,-20.4100515957054,-10.3366188157515,1
TCGA-F4-6704-01A,-17.0973251252238,-22.2673698986172,-9.35218420245242,1
TCGA-F4-6805-01A,-19.2658123047818,-21.9181935899581,-6.32414578083606,1
TCGA-F4-6807-01A,-21.5456341141726,-8.98125193088157,-5.83437015253743,1
TCGA-G4-6293-01A,-21.156366717282,-14.5275643786849,-6.82466018289116,1
TCGA-G4-6295-01A,-21.7950219776016,-15.1511159019621,-5.06846409982967,1
TCGA-G4-6299-01A,-18.922033765762,-13.9397847901285,-12.0294037244036,1
TCGA-G4-6302-01A,-22.360057482076,-20.1156600299985,-10.5808501919694,1
TCGA-G4-6303-01A,-18.4879323393325,-14.972855451203,-11.5781398093672,1
TCGA-G4-6314-01A,-20.7028235187603,-9.49193071505007,-5.3924105986099,1
TCGA-G4-6323-01A,-19.6059882833707,-8.86302933298774,-8.47924883518329,1
TCGA-G4-6588-01A,-17.9794893293084,-15.4166795142443,-15.2348177874407,1
TCGA-NH-A50V-01A,-17.3883291309952,-14.535451045541,-10.5020826399158,1
TCGA-NH-A5IV-01A,-17.4742672507455,-18.976974224723,-10.0409290576891,1
TCGA-NH-A6GC-01A,-15.7624326729228,-15.4155712447232,-10.804073589125,1
TCGA-QG-A5YX-01A,-21.6325567430018,-18.8532560955214,-13.0219636236159,1
TCGA-QG-A5Z2-01A,-18.0947184157503,-18.0156076278241,-11.3445263467715,1
TCGA-RU-A8FL-01A,-15.2754717299966,-20.0185850809053,-8.52550592330169,1
TCGA-WS-AB45-01A,-20.8040115955543,-21.1951145685102,-8.60812154469517,1
TCGA-4N-A93T-01A,7.9102059843544,19.4401486654104,7.54361870001611,2
TCGA-4T-AA8H-01A,16.0862088868313,27.387073985232,9.66759215018067,2
TCGA-5M-AAT5-01A,11.8887963660309,23.2815851972657,12.1398740919886,2
TCGA-5M-AATE-01A,15.3484637686529,36.2190998748184,4.4412439562702,2
TCGA-A6-2671-01A,16.4052646315248,22.445193950843,10.8968921817306,2
TCGA-A6-2676-01A,19.2521771600551,19.9723002931293,3.65582799659803,2
TCGA-A6-2679-01A,18.8615033017726,24.3685520728263,9.2484953885052,2
TCGA-A6-2680-01A,19.3737511990471,22.0762562929711,8.97155903550641,2
TCGA-A6-2681-01A,19.1533709852368,21.6639217861118,8.89173477181574,2
TCGA-A6-2683-01A,16.9659786108903,23.3594158178454,9.95089579236653,2
TCGA-A6-2684-01A,14.3760807801993,17.6128651230758,7.1994407300319,2
TCGA-A6-3808-01A,20.0785373567692,30.1323463387714,7.50559360634879,2
TCGA-A6-4105-01A,16.3669836735156,36.365595454382,3.90433251669205,2
TCGA-A6-5657-01A,20.7990208129664,30.1114741834829,7.3608912824068,2
TCGA-A6-5664-01A,13.6172026242403,17.3122827351931,3.52464966493893,2
TCGA-A6-6653-01A,19.0967933975652,29.2791194860104,2.24327292677684,2
TCGA-A6-6654-01A,16.4278855522615,35.4994042179305,3.50855477688623,2
TCGA-AA-3488-01A,18.7042701310784,32.3286651242964,6.47952312071783,2
TCGA-AA-3492-01A,19.9481430243227,27.443035011899,5.27514478311476,2
TCGA-AA-3502-01A,18.0778849631543,32.8414736760132,4.30127912709267,2
TCGA-AA-3506-01A,20.0817152720398,26.1138492588851,7.0099493915322,2
TCGA-AA-3510-01A,19.6224993399534,23.9141280432345,6.80625441973461,2
TCGA-AA-3514-01A,19.1034067573299,24.1282430210978,8.14216463020553,2
TCGA-AA-3516-01A,18.3193362668108,29.1564762941243,9.60211841781085,2
TCGA-AA-3517-01A,17.1905092928048,16.5553609058003,10.5323257502062,2
TCGA-AA-3518-01A,18.4817738687787,19.4008013486998,7.30819198809,2
TCGA-AA-3520-01A,15.1657263366333,25.6369223954101,9.63737652752604,2
TCGA-AA-3521-01A,15.8999927335034,26.9348465324478,5.93671099364801,2
TCGA-AA-3525-01A,19.144788899491,23.3526898006247,4.61629230044357,2
TCGA-AA-3527-01A,18.9990995836629,24.5590983590933,8.1407149288107,2
TCGA-AA-3529-01A,18.6138641274885,27.654960018265,4.305240737128,2
TCGA-AA-3531-01A,18.6003201410949,25.4707871717603,8.41682781121211,2
TCGA-AA-3532-01A,20.0231761237194,27.5421346339083,5.16217681783556,2
TCGA-AA-3542-01A,18.2917898830909,32.8586028910824,4.74714189655144,2
TCGA-AA-3543-01A,18.298447855798,19.0115487828711,7.67394832111702,2
TCGA-AA-3548-01A,18.5365840516116,27.4451381111572,7.22720802419079,2
TCGA-AA-3549-01A,17.6962818305929,16.758140418362,9.76749358884388,2
TCGA-AA-3552-01A,14.1188946453203,20.2695040605192,7.85463154450297,2
TCGA-AA-3554-01A,17.6863985326076,16.4288190980158,7.5717292969109,2
TCGA-AA-3560-01A,19.714842883028,32.9872195925036,3.89687893807024,2
TCGA-AA-3667-01A,16.2699411140793,22.6309898496807,11.0869840249531,2
TCGA-AA-3672-01A,19.1286834698012,22.6621984910449,7.97274406684835,2
TCGA-AA-3673-01A,16.8391419328377,25.6357405565337,8.04295734853124,2
TCGA-AA-3675-01A,16.0742396421608,31.037607906015,-0.057521623920442,2
TCGA-AA-3678-01A,6.79653556572847,18.8775998913314,8.10394397623662,2
TCGA-AA-3684-01A,19.2059677760306,24.3328995799289,7.92989581020451,2
TCGA-AA-3688-01A,9.46432730107056,21.6349944758413,11.3358526230764,2
TCGA-AA-3692-01A,15.7971868852882,30.1148750594615,3.41887449849336,2
TCGA-AA-3715-01A,19.4164514843454,20.8217080369192,4.88246245282453,2
TCGA-AA-3811-01A,17.8671754635707,27.7417893202424,8.02396060782911,2
TCGA-AA-3812-01A,19.7631939667939,26.1795984442791,7.18304436120031,2
TCGA-AA-3815-01A,17.7358371595327,20.8634663139153,6.82789839273828,2
TCGA-AA-3819-01A,5.31661395726095,17.7042075093611,8.59250698641963,2
TCGA-AA-3831-01A,15.9000577379754,20.8920561200842,8.0485483989713,2
TCGA-AA-3833-01A,19.8693589948508,24.6861346783512,6.19523332531966,2
TCGA-AA-3837-01A,18.1812022294621,17.9290244027233,7.54122194256084,2
TCGA-AA-3841-01A,19.7280779426563,26.1678870891349,7.76443968092315,2
TCGA-AA-3848-01A,17.5063226381035,19.7485942030053,10.1651749549679,2
TCGA-AA-3851-01A,18.8167560176875,32.7553830270175,6.55802828612581,2
TCGA-AA-3852-01A,19.7748342283149,17.585685732107,3.24606123143798,2
TCGA-AA-3854-01A,20.2808348097179,26.8884624201413,4.33776257862969,2
TCGA-AA-3856-01A,11.7943951729621,23.4337627821765,12.1951281251424,2
TCGA-AA-3858-01A,13.7749729521273,22.3940757463905,11.6314519777018,2
TCGA-AA-3860-01A,16.2302274250725,32.7624878715141,3.31317408132267,2
TCGA-AA-3867-01A,16.0198810048104,29.3312571565745,8.53765063243728,2
TCGA-AA-3869-01A,16.6590897083689,33.2199191690032,1.19052723818644,2
TCGA-AA-3870-01A,21.0105394329935,21.8958571138145,2.02163063710893,2
TCGA-AA-3966-01A,16.5351157949258,18.3064545113481,5.30096855381225,2
TCGA-AA-3973-01A,6.83169256248279,17.1790147637796,11.2426059041738,2
TCGA-AA-3975-01A,7.8812503212788,18.4807238862083,11.1922866842947,2
TCGA-AA-3989-01A,17.7044052828335,26.2681878682947,8.16665142586949,2
TCGA-AA-3994-01A,18.5189391182389,30.3481220954266,7.57494058073348,2
TCGA-AA-A004-01A,18.0191968363281,16.1900328551081,8.86757239757433,2
TCGA-AA-A00E-01A,20.3709983948666,24.5320266692108,5.60569990849216,2
TCGA-AA-A00F-01A,9.40424021764759,19.9550964839253,11.0481358659044,2
TCGA-AA-A00J-01A,18.1001169282614,27.2562162361915,3.49550574078834,2
TCGA-AA-A00K-01A,18.5482647540587,22.0536250338898,10.3984238162812,2
TCGA-AA-A00L-01A,6.31256988353721,18.24637194836,9.21693520526155,2
TCGA-AA-A00O-01A,9.74016381099532,20.0952861990315,6.77693857483881,2
TCGA-AA-A00Q-01A,15.7045545982372,25.7272961148399,9.74910541721084,2
TCGA-AA-A00R-01A,19.0561222413943,19.770399934874,3.56369234345153,2
TCGA-AA-A00U-01A,18.2533085652905,17.9724390030816,8.27484455905558,2
TCGA-AA-A00W-01A,6.97056433769438,18.6703998357198,9.23996737848579,2
TCGA-AA-A017-01A,7.57685364184171,18.1289827147183,11.2032902164962,2
TCGA-AA-A01C-01A,13.259618123763,22.1479277315934,11.7504858721678,2
TCGA-AA-A01D-01A,19.7679755922364,24.3352725238325,5.59337805686514,2
TCGA-AA-A01G-01A,18.4992492615577,27.3533306045031,4.39787791026461,2
TCGA-AA-A01R-01A,17.9560941065244,16.6526726749025,8.26722782187544,2
TCGA-AA-A01S-01A,17.6139592668627,21.0606911947485,9.08723778838319,2
TCGA-AA-A01T-01A,16.9518910634786,24.7697322290894,9.70805048750818,2
TCGA-AA-A01V-01A,16.1095123004676,20.627372266364,8.42340033462855,2
TCGA-AA-A01X-01A,14.6637836095834,19.7967954889649,8.64581807805042,2
TCGA-AA-A01Z-01A,17.6085041686417,19.7720453535273,8.70006018815568,2
TCGA-AA-A022-01A,18.6758219274442,19.2991773448678,7.61648623631478,2
TCGA-AA-A024-01A,16.1304553231472,21.2794532109707,7.75962502984557,2
TCGA-AA-A029-01A,17.726944559722,28.8807527597967,7.68972353118337,2
TCGA-AA-A02E-01A,12.6722295038872,23.0276635046099,11.968004016651,2
TCGA-AA-A02H-01A,6.70656678669141,16.2993996665455,11.7471059100979,2
TCGA-AA-A02J-01A,7.96885231675617,18.5231827028933,12.1874614477614,2
TCGA-AA-A02O-01A,19.5767893119326,25.0342704866846,7.16773639169343,2
TCGA-AA-A02R-01A,17.3166246392755,21.3836478057735,9.33422578224661,2
TCGA-AA-A02Y-01A,18.8757196104461,33.1665523594144,4.04867927124839,2
TCGA-AA-A03F-01A,17.921248977846,17.2471533749447,8.96655779751471,2
TCGA-AA-A03J-01A,16.8579352479404,23.2979843548362,10.0742119402087,2
TCGA-AD-5900-01A,13.583931901411,21.8315134496743,-1.8666984578669,2
TCGA-AD-6888-01A,16.5845591880761,35.4527458936853,4.48100506375157,2
TCGA-AD-6889-01A,18.6345038889809,33.1137628670435,3.6197243346015,2
TCGA-AD-6901-01A,15.1036475891497,33.3539906509832,5.0629640210012,2
TCGA-AD-6964-01A,16.6606261757246,20.3825531056053,6.83769428697819,2
TCGA-AM-5820-01A,12.6503759425123,21.8582594135102,0.344859485335618,2
TCGA-AU-6004-01A,14.1894643782626,17.3561568448179,5.14130140094375,2
TCGA-AY-4070-01A,19.5601230012829,32.7379655568386,4.81379370067268,2
TCGA-AY-4071-01A,8.39800255120306,19.3760941932022,10.6724215071859,2
TCGA-AY-A69D-01A,6.6081428076059,18.8645014519168,7.96206324417353,2
TCGA-AZ-4308-01A,18.7267571924727,24.626880706716,9.20198043437468,2
TCGA-AZ-4313-01A,20.9783181776983,21.8189968892374,1.64582262424302,2
TCGA-AZ-4315-01A,17.5704594360449,34.8108213084681,5.4958015651439,2
TCGA-AZ-4323-01A,14.8166196947243,18.4692115068035,4.07473788367096,2
TCGA-AZ-4615-01A,12.0716399442784,22.0418672838976,-2.61230355181441,2
TCGA-AZ-4616-01A,17.8660567689229,37.0281973209304,4.13249307488682,2
TCGA-AZ-4684-01A,20.9851459114826,21.7848127544137,1.33494186193785,2
TCGA-AZ-6600-01A,17.7283284833486,32.8883134941104,3.87509856466772,2
TCGA-AZ-6606-01A,20.9964500657832,22.8645095061358,5.16085450560478,2
TCGA-CA-5797-01A,9.78603613083374,21.2743910705721,-3.82670704874637,2
TCGA-CA-6716-01A,16.1325212542808,31.091286055183,0.113664237431837,2
TCGA-CK-4950-01A,20.4315681259028,29.4449305801502,7.19920186400539,2
TCGA-CK-4952-01A,19.286051248633,26.6261209876443,2.36887812974053,2
TCGA-CK-5913-01A,13.8969427261517,21.0892130904871,-0.171040639020576,2
TCGA-CK-5916-01A,12.5774121959851,22.0778201480432,-2.37319006707193,2
TCGA-CK-6746-01A,20.9283406465906,21.2807474776464,-0.0167868470553966,2
TCGA-CK-6748-01A,16.4996158074936,34.4726858679007,3.4059575565989,2
TCGA-CM-4746-01A,19.6106354755618,27.2436940766682,6.6390479278198,2
TCGA-CM-4747-01A,17.3935064329253,25.4328556566212,8.93387080875285,2
TCGA-CM-4748-01A,19.8326631635682,17.437585029444,3.2525095328436,2
TCGA-CM-4750-01A,17.9087146250424,32.8633047559841,5.44662784455995,2
TCGA-CM-5861-01A,10.3040878270896,21.4101475842845,-3.12853029944215,2
TCGA-CM-5863-01A,18.0028857503931,32.758712756212,2.25825812811043,2
TCGA-D5-5539-01A,19.1527089358899,32.8515279759605,2.42407215730063,2
TCGA-D5-6529-01A,18.6809644369749,27.4478342028555,1.57741203360646,2
TCGA-D5-6530-01A,14.3950921377427,17.2853571295173,6.79988457407725,2
TCGA-D5-6532-01A,14.6725208401002,30.3783844130824,4.24940455042057,2
TCGA-D5-6536-01A,16.9380144005006,27.073219617773,5.69308036263521,2
TCGA-D5-6537-01A,16.5120420016466,36.4628324738046,4.00922140340938,2
TCGA-D5-6538-01A,18.9820055502851,32.7112345910046,1.87668614117988,2
TCGA-D5-6929-01A,16.3520163628827,34.8900007696437,3.85380811147501,2
TCGA-D5-6930-01A,14.0171029294099,21.1511187321387,-0.334347344213996,2
TCGA-D5-6931-01A,13.575737838383,17.2400630041003,3.47727148061001,2
TCGA-D5-6932-01A,17.0086360099551,25.5939176959422,9.28764273076252,2
TCGA-DM-A0X9-01A,18.5217683888778,28.5188437648642,4.43557010438384,2
TCGA-DM-A0XD-01A,22.9449629366156,27.1914955283797,3.39739943175585,2
TCGA-DM-A1D0-01A,16.5698239379423,35.5975328085672,5.34868743257812,2
TCGA-DM-A1DA-01A,16.7044824569655,35.6147528789346,4.99645912455252,2
TCGA-DM-A1HB-01A,10.5487643960502,21.4644780300129,-3.13913028180444,2
TCGA-DM-A280-01A,17.3510456970529,35.8948202504418,6.41747202005057,2
TCGA-DM-A282-01A,16.1789481317376,30.7719387053672,2.28826401781978,2
TCGA-DM-A28A-01A,22.3115483128136,24.7828842343763,8.89287430375344,2
TCGA-DM-A28C-01A,14.3840460253425,19.7147370301097,8.30073438419314,2
TCGA-DM-A28E-01A,7.1549542430892,18.7614617479901,9.41407188768143,2
TCGA-DM-A28F-01A,16.1625993163077,30.8073715570849,7.90202435908968,2
TCGA-DM-A28K-01A,15.5367660665644,16.0992669674248,6.57135368575316,2
TCGA-DM-A28M-01A,18.3337201035117,32.3056223450561,2.01011589992156,2
TCGA-F4-6459-01A,16.4652590323206,33.6340934779157,2.78159527657375,2
TCGA-F4-6461-01A,18.9558553647219,26.9919594115244,1.95716884041551,2
TCGA-F4-6463-01A,18.5056335447478,28.3588937158406,1.74676518779413,2
TCGA-F4-6806-01A,4.84003286659093,17.3222591098502,8.59981895751065,2
TCGA-F4-6855-01A,16.3753544217594,32.3295700090573,0.922984049688127,2
TCGA-F4-6856-01A,15.3918379257418,16.1465169411504,6.55224808854791,2
TCGA-G4-6297-01A,15.3847327940936,34.124900017573,2.50818581604118,2
TCGA-G4-6304-01A,16.1166751926918,22.341573001633,7.40834702486873,2
TCGA-G4-6306-01A,16.1864410931049,30.3949488241282,3.85287753613441,2
TCGA-G4-6307-01A,20.9109041324151,21.5211413253052,0.95007201046662,2
TCGA-G4-6309-01A,19.5764307453158,18.7710645165179,3.15515093759877,2
TCGA-G4-6321-01A,9.90730264870245,21.3170344103332,-3.66796679455511,2
TCGA-G4-6322-01A,15.284147241182,30.3577308691058,3.97799609496387,2
TCGA-G4-6586-01A,19.7966628125873,27.2128181374638,6.27474033581957,2
TCGA-G4-6628-01A,13.9987813457105,21.5751275075748,-1.52698069887909,2
TCGA-NH-A50U-01A,16.4002645460363,23.3801706730655,4.87663001770055,2
TCGA-NH-A8F8-01A,4.85485999224015,17.2122496625103,8.8150668388386,2
TCGA-QG-A5YW-01A,19.3086539790597,20.5193109641006,4.82129677325016,2
TCGA-SS-A7HO-01A,9.79065433576569,20.1463551143047,6.75339355737126,2
TCGA-5M-AAT4-01A,-10.8547362030304,-22.66159783279,-4.9548606143152,3
TCGA-A6-2678-01A,-11.613600674997,-20.6456656393298,0.625524922747286,3
TCGA-A6-2682-01A,9.42850604692846,-4.10535550184319,2.70587730241796,3
TCGA-A6-2686-01A,4.84363093809655,-4.8725116935247,1.63755111739529,3
TCGA-A6-3807-01A,-4.44946412235356,-15.6875137548783,-8.20989288010603,3
TCGA-A6-4107-01A,7.47219264116764,-3.02133518817037,0.255501244650224,3
TCGA-A6-5656-01A,-8.44899539152866,-19.9042284098862,-0.197078971407937,3
TCGA-A6-5659-01A,-0.988273408246922,-10.3644298045356,-0.435982800690309,3
TCGA-A6-5660-01A,-2.15878091497514,-11.7496956316701,0.467634686200305,3
TCGA-A6-5662-01A,5.26056230922468,-3.61341361227421,0.320353012596351,3
TCGA-A6-5665-01A,1.23405118480762,-18.6526169555974,-0.371150246336965,3
TCGA-A6-5666-01A,3.54329746430206,-7.36491520555286,2.24552404691425,3
TCGA-A6-5667-01A,-10.9786714067977,-22.9803552392397,-3.71039042225668,3
TCGA-A6-6138-01A,3.38053619004704,-2.42950459772509,2.71079919036841,3
TCGA-A6-6140-01A,-8.79147180381664,-18.7213460918489,1.6070801490084,3
TCGA-A6-6142-01A,3.67716807203295,-0.428442829093422,1.84207600634982,3
TCGA-A6-6648-01A,-13.4505404424526,-22.554289067131,-3.71200568182305,3
TCGA-A6-6650-01A,-8.39242553874105,-20.1264005602577,-0.262920364694425,3
TCGA-A6-6652-01A,-12.6474043433635,-19.6609910416656,1.81807292874229,3
TCGA-A6-6782-01A,-8.9851649052552,-20.0636182747076,-1.08658594179534,3
TCGA-A6-A566-01A,-8.47772207014521,-23.7655386020152,-2.29866420395042,3
TCGA-A6-A567-01A,0.809489733119116,-10.5288957506694,-2.349541632976,3
TCGA-A6-A5ZU-01A,-5.05084665263092,-14.7028656371689,2.72140572739993,3
TCGA-AA-3489-01A,-9.7146316093748,-24.1027058762697,-2.24271990321085,3
TCGA-AA-3494-01A,-2.13265732331169,-18.0457715517402,4.74612449231886,3
TCGA-AA-3495-01A,-0.623913768480645,-10.1845775366463,-0.0103788426615072,3
TCGA-AA-3509-01A,-1.43263290557693,-7.58383810106062,-0.995437988543289,3
TCGA-AA-3511-01A,-10.4346254204621,-18.9433477804576,3.11857363884527,3
TCGA-AA-3519-01A,0.492024624432083,-5.68694841854051,0.181511199220171,3
TCGA-AA-3522-01A,-7.84311136448714,-19.2672310330705,-1.71592901093686,3
TCGA-AA-3524-01A,-1.36636341637339,-11.6088515271871,1.26404255217256,3
TCGA-AA-3526-01A,-0.140752171192557,-6.28036541341988,-0.23587303837601,3
TCGA-AA-3538-01A,-4.73278433672172,-15.4734456134679,0.168997083953664,3
TCGA-AA-3544-01A,7.74238919833272,-3.31812882273122,1.65562902724314,3
TCGA-AA-3553-01A,3.39309820314704,-7.12331985777889,0.510314054449143,3
TCGA-AA-3561-01A,5.35605365195784,-4.27462337241253,1.40279328416704,3
TCGA-AA-3562-01A,8.01964020605946,-2.24349532903654,-0.847260705254322,3
TCGA-AA-3655-01A,-10.5009284354209,-22.9123799439731,-4.48625140429139,3
TCGA-AA-3660-01A,-3.40043101708583,-14.9103958514818,1.76839757135475,3
TCGA-AA-3662-01A,-3.97696843114283,-14.297063482682,2.7769383033854,3
TCGA-AA-3663-01A,-0.585928342711672,-13.2031528724071,1.04406511779006,3
TCGA-AA-3666-01A,-2.72829881484995,-9.74612204770316,-1.17109533001799,3
TCGA-AA-3679-01A,5.54253384417909,-3.8544107140524,0.485780731054791,3
TCGA-AA-3681-01A,-11.4572345728742,-21.7446572305349,-5.7950604369015,3
TCGA-AA-3685-01A,-1.41065940941242,-11.9399544990515,1.20335948164831,3
TCGA-AA-3693-01A,-2.64362643185675,-11.8993893112758,-0.564017458498665,3
TCGA-AA-3696-01A,-12.6744076910968,-18.4079828814372,2.76881264111586,3
TCGA-AA-3697-01A,-3.59462388025645,-15.2099297199738,3.21838553037423,3
TCGA-AA-3712-01A,-9.22262203953801,-20.9516723651262,-0.747493001732587,3
TCGA-AA-3814-01A,5.59079426707435,-3.86583509835123,0.701485704174543,3
TCGA-AA-3818-01A,6.29096859807012,-3.27975183757142,1.7212955431857,3
TCGA-AA-3842-01A,-2.99707898430967,-10.8243894385131,-0.969196606281937,3
TCGA-AA-3844-01A,-4.41018972841281,-14.7443925686132,2.26125548791114,3
TCGA-AA-3845-01A,-3.41434277948771,-21.5883308307353,-1.03962297614932,3
TCGA-AA-3855-01A,-4.58718995767297,-15.9224724112355,-7.67706575389488,3
TCGA-AA-3861-01A,4.07073022192547,-10.5305268633249,0.679704734525424,3
TCGA-AA-3862-01A,-6.6281022516238,-17.3802025532644,-2.7811231702171,3
TCGA-AA-3864-01A,-11.7451272142006,-21.639613416568,-5.98033562264169,3
TCGA-AA-3872-01A,0.0766771950711131,-17.2103312895528,3.65170960311275,3
TCGA-AA-3875-01A,-8.67541145813628,-18.9892114661492,-3.24204717190967,3
TCGA-AA-3877-01A,0.127984128320232,-17.9882682183256,0.618685138292602,3
TCGA-AA-3930-01A,-7.54091436588132,-17.2155143857209,-3.2373294203872,3
TCGA-AA-3939-01A,4.90210341495584,-4.75626347836743,0.744262413231295,3
TCGA-AA-3941-01A,-4.2165832124995,-15.2142381492395,0.521007142209049,3
TCGA-AA-3947-01A,-7.24203767864159,-20.3707010810031,-0.643346199981216,3
TCGA-AA-3949-01A,0.142460371063289,-18.486351486379,0.104144908142618,3
TCGA-AA-3950-01A,-0.355419042085114,-18.6658326678528,0.0220055723470706,3
TCGA-AA-3952-01A,-3.79055460286414,-15.4645565811654,1.82982838488002,3
TCGA-AA-3955-01A,-4.42282049068563,-15.3385208775231,0.221746828396409,3
TCGA-AA-3968-01A,-6.44549908469294,-17.1687028007458,-1.75922816406567,3
TCGA-AA-3971-01A,-11.2124892412189,-18.3778055048327,2.56327497594038,3
TCGA-AA-3972-01A,-9.42464302215279,-18.2833224204644,3.23719988991204,3
TCGA-AA-3976-01A,-3.53259575883286,-12.8041100945519,-1.6008642031634,3
TCGA-AA-3977-01A,-10.5260219720798,-20.3532846777872,-4.68566567429999,3
TCGA-AA-3979-01A,-6.45510086936785,-17.0379248233205,-3.04193975325008,3
TCGA-AA-3980-01A,-8.56640258655178,-18.8233565594483,-3.85191187168574,3
TCGA-AA-3982-01A,-6.44629045088918,-17.208030299675,-2.61318097665438,3
TCGA-AA-3984-01A,-10.3581473017174,-20.1649660879725,-4.46245594185304,3
TCGA-AA-A01F-01A,7.90168339763614,-2.54686172473599,-0.205190897649504,3
TCGA-AA-A02F-01A,-0.633340993089134,-17.3870886563504,4.64700323833987,3
TCGA-AA-A02K-01A,-6.553539263117,-17.4997677989513,-5.76321938808163,3
TCGA-AA-A02W-01A,-13.4538160743853,-21.962701532569,-2.7470450035182,3
TCGA-AD-6548-01A,1.1062664932045,-11.6682972254006,2.46893795585996,3
TCGA-AD-6890-01A,9.42348108463113,-4.07784169509488,2.68788018350881,3
TCGA-AD-6895-01A,-12.9263270017039,-22.1078253250474,-5.9914123709032,3
TCGA-AD-6963-01A,-2.97511832457792,-11.534235348132,3.69190293644973,3
TCGA-AD-6965-01A,4.68738421417873,-6.75078498506731,2.30615675895412,3
TCGA-AD-A5EK-01A,-5.25729521191331,-15.9401576890677,2.81051997488781,3
TCGA-AM-5821-01A,0.887789092982757,-18.5648757696323,-0.163420380085619,3
TCGA-AU-3779-01A,-14.5111931093293,-20.3025485257954,0.101541677999643,3
TCGA-AY-6386-01A,-1.77319128955324,-18.598083508469,0.110144491947707,3
TCGA-AY-A54L-01A,-0.119101205330686,-10.1779386387951,0.929552730000419,3
TCGA-AY-A8YK-01A,-12.1554660785825,-19.4716743170101,2.31358899746907,3
TCGA-AZ-4614-01A,-5.82286812297112,-16.7811527421077,-6.122732089841,3
TCGA-AZ-4682-01B,1.58806009527227,-10.1467284770466,1.03773783006771,3
TCGA-AZ-5403-01A,-0.271523341825088,-10.6940272814914,0.939052143315006,3
TCGA-AZ-5407-01A,6.46080322951732,-3.53798206782107,1.46702823633105,3
TCGA-AZ-6598-01A,3.53043610430281,-7.44321239548498,2.33467887860455,3
TCGA-AZ-6603-01A,-12.6728073872581,-19.9147976613886,1.4747975713429,3
TCGA-AZ-6605-01A,-6.77611583779142,-21.3856155673063,-0.53614018527821,3
TCGA-AZ-6607-01A,-5.36964629374984,-22.9310722929842,-1.00622106377919,3
TCGA-AZ-6608-01A,-9.34305448737627,-18.0599293471801,3.45208853938623,3
TCGA-CA-5255-01A,3.1675609621126,-7.39376338516449,0.59799192318775,3
TCGA-CA-5256-01A,-1.4695350397602,-10.9573548644805,0.357037002963964,3
TCGA-CA-5796-01A,-3.41510354102311,-21.5910438065588,-1.04308716086267,3
TCGA-CA-6715-01A,0.206759175399562,-4.52318222134315,0.193062475209537,3
TCGA-CA-6719-01A,-10.1764205714769,-22.7444734821228,-3.53054802954014,3
TCGA-CK-4948-01B,-11.6854440363189,-23.5695384753536,-4.21005616557471,3
TCGA-CK-5914-01A,-0.921025357267281,-6.63975514190532,-0.732645841590756,3
TCGA-CM-4744-01A,6.04541081487611,-4.57517349320952,1.86931971674822,3
TCGA-CM-4751-01A,-2.92228136890081,-15.1199370401014,3.00588418927634,3
TCGA-CM-4752-01A,3.23030036994192,-10.2593965929115,0.940014399298857,3
TCGA-CM-5341-01A,-1.80689936216418,-11.4800034595062,0.293772426378059,3
TCGA-CM-5344-01A,-4.5459735123282,-15.845174623252,-7.85566559915936,3
TCGA-CM-5349-01A,5.69305205478685,-4.27226572571609,3.11127800589705,3
TCGA-CM-5860-01A,-1.39756953670749,-7.75701836755347,-0.91436869340021,3
TCGA-CM-5862-01A,-1.26026559319059,-11.3368208914037,0.598981766677485,3
TCGA-CM-5864-01A,4.66609920361079,-6.73858217741886,2.20283486637528,3
TCGA-CM-5868-01A,5.00660544780069,-3.25927724489097,-0.13041563940712,3
TCGA-CM-6163-01A,-8.80642782757949,-19.7830221962531,-1.2988081644321,3
TCGA-CM-6164-01A,-2.77548483618295,-11.7320258821927,3.10033005625377,3
TCGA-CM-6166-01A,6.59841783251431,-2.13914067418104,2.45794909232831,3
TCGA-CM-6167-01A,-9.48556568196997,-23.8823576773958,-2.23052575689221,3
TCGA-CM-6168-01A,-9.36828025708825,-23.4145390070779,-2.5214268287393,3
TCGA-CM-6170-01A,-8.55352738777152,-18.6724556447713,1.61238227374344,3
TCGA-CM-6675-01A,-12.9116271670032,-21.6579475610903,-6.41063226558811,3
TCGA-CM-6676-01A,-2.97452485491826,-12.087687228509,3.21695499313496,3
TCGA-CM-6677-01A,-1.95956134676646,-14.5409129599812,3.52088935956155,3
TCGA-CM-6678-01A,0.554978131828003,-17.2538557782232,1.82859276583455,3
TCGA-CM-6679-01A,-9.72986910796703,-18.8663856733811,1.62360333813824,3
TCGA-D5-5538-01A,-0.632901120073364,-9.64651195951842,-0.762160829976824,3
TCGA-D5-5540-01A,-1.57848726373508,-11.3201220849194,0.426020377936088,3
TCGA-D5-5541-01A,-4.58636303460379,-16.4939529885967,1.129185646364,3
TCGA-D5-6533-01A,-5.48209424050611,-16.5421634853222,1.30347910476789,3
TCGA-D5-6534-01A,-3.29838850870282,-17.0297961033229,2.06559100402408,3
TCGA-D5-6535-01A,-13.0551140947258,-21.2890276284313,-0.9804364049511,3
TCGA-D5-6539-01A,-15.5406604962829,-23.0618705374669,-3.87200147262424,3
TCGA-D5-6898-01A,-13.6078213484675,-22.7512906474194,-3.61505212341742,3
TCGA-D5-6923-01A,-12.2594769911153,-23.1940688617517,-4.04089715453166,3
TCGA-D5-6924-01A,-8.9125188248259,-21.2196440679449,-0.556604008537281,3
TCGA-D5-7000-01A,-12.7421107125705,-23.150867652438,-3.89370670192877,3
TCGA-DM-A0XF-01A,3.80436269821707,-1.42166061416377,1.80993137255964,3
TCGA-DM-A1D4-01A,-3.50834582574503,-14.3376038816433,2.16023597289637,3
TCGA-DM-A1D6-01A,-3.57209915841855,-16.4001404165477,1.72982210401121,3
TCGA-DM-A1D7-01A,1.9672356640056,-10.4542473493521,1.03950578648702,3
TCGA-DM-A1D8-01A,-9.87968342739399,-22.9232052719939,-5.09270587839983,3
TCGA-DM-A1D9-01A,-0.684563702234961,-17.3697280563254,4.68554027873557,3
TCGA-DM-A1DB-01A,-1.54414440366127,-12.8855841668369,1.3897545562754,3
TCGA-DM-A1HA-01A,3.50370420238276,-2.48181454826349,2.48566637695945,3
TCGA-DM-A285-01A,-3.71670414220782,-17.4239582221355,1.2419059344077,3
TCGA-DM-A288-01A,-5.2295175716326,-15.573336520018,-0.420730380806457,3
TCGA-DM-A28H-01A,0.459733916956585,-10.6226932487509,-1.62971130431857,3
TCGA-F4-6460-01A,-9.16925760663444,-21.5135223230367,-0.779356174277192,3
TCGA-F4-6808-01A,-0.179076983471478,-11.2721096766772,1.82215339151559,3
TCGA-F4-6809-01A,-12.2450726723156,-17.7852923985223,3.13501205118145,3
TCGA-F4-6854-01A,-10.6944104646526,-23.1174418435424,-4.09307606301473,3
TCGA-G4-6294-01A,-13.5425532309392,-21.7982832338116,-1.57484480199845,3
TCGA-G4-6298-01A,6.14252451188347,-4.40608911256923,1.87284631766922,3
TCGA-G4-6310-01A,-1.08485088838134,-8.57469690981925,-0.379894636154302,3
TCGA-G4-6311-01A,3.59344937964702,0.169844776402721,1.87854354631141,3
TCGA-G4-6315-01A,0.173057374403486,-5.05362623423135,-0.22758557274827,3
TCGA-G4-6317-01A,6.3593467750244,-4.82798899690172,2.02980592360437,3
TCGA-G4-6320-01A,8.56659280551975,-2.68990747886188,0.700524826691688,3
TCGA-G4-6625-01A,-13.8772679959412,-20.5009523559323,1.28574254163312,3
TCGA-G4-6626-01A,-4.7636080244379,-16.8019245410969,4.60708587641181,3
TCGA-G4-6627-01A,-5.3206022309311,-22.8281764605502,-0.951161203459854,3
TCGA-NH-A50T-01A,-4.70230395697531,-16.3527040066763,3.97140544610919,3
TCGA-NH-A6GA-01A,-11.7178032884849,-23.0620909069104,-3.53904109426545,3
TCGA-NH-A6GB-01A,-14.0375952007167,-20.5439951398393,1.12215314103014,3
TCGA-NH-A8F7-01A,0.057771570322303,-4.4294361479525,0.139879264621923,3
TCGA-QG-A5YV-01A,3.94893679636975,-10.4260834799852,0.755727689921749,3
TCGA-QG-A5Z1-01A,-9.99715284429234,-19.0228396792582,0.82486408247467,3
TCGA-QL-A97D-01A,-6.94358905509856,-19.0069944703642,-5.2735153234169,3
TCGA-T9-A92H-01A,3.59224733104431,-2.4637535661045,2.29824377463952,3
