Sample,X,Y,Z,Cluster
TCGA-3B-A9HQ-01A,-56.8368685226457,52.0218455482749,-27.4493814609396,1
TCGA-3B-A9HR-01A,-55.120288013796,46.7765681516287,-27.1687063903959,1
TCGA-3B-A9HT-01A,-51.1291225331966,43.2604764544662,-31.8665408735165,1
TCGA-3B-A9HU-01A,-53.0405191438591,48.2756485518884,-31.5568238477287,1
TCGA-3B-A9HV-01A,-56.5383393356018,52.9492286521434,-26.704742726321,1
TCGA-3B-A9HX-01A,-57.680666950344,52.2947919829791,-26.0895286489266,1
TCGA-3B-A9HY-01A,-55.2092203781366,47.1272223562999,-27.6603344933373,1
TCGA-3B-A9HZ-01A,-56.905210789873,52.0605955980207,-26.6738109018987,1
TCGA-3B-A9I0-01A,-56.9865697828998,48.7521917730636,-30.335258379412,1
TCGA-3B-A9I3-01A,-53.5950721059329,47.3929311478205,-29.1010801460313,1
TCGA-DX-A1KW-01A,-56.6868086673041,43.0934245559478,-27.7070171103509,1
TCGA-DX-A1L0-01A,-54.7633472994059,45.47946171804,-26.492925392639,1
TCGA-DX-A1L4-01A,-51.3069342252158,43.7510366389889,-30.6667241363929,1
TCGA-DX-A23Z-01A,-50.6594681235973,43.1708680778651,-28.698390554642,1
TCGA-DX-A2J1-01A,-49.3628562561047,37.2560112538512,-27.4239589134183,1
TCGA-DX-A3LS-01A,-50.2566666102158,42.7648476173314,-28.2888169741352,1
TCGA-DX-A3LU-01A,-49.430787672783,37.0338943665972,-27.5499373176623,1
TCGA-DX-A3U7-01A,-53.9221224047687,47.37217232057,-29.825586229777,1
TCGA-DX-A3U9-01A,-57.6966714152808,47.9211377009478,-27.2392005026768,1
TCGA-DX-A3UC-01A,-52.8705477540258,48.3042123864112,-31.3469064163337,1
TCGA-DX-A3UD-01A,-50.0560076685005,41.8871068576131,-22.2073809010075,1
TCGA-DX-A3UE-01A,-53.8104547686876,49.6440565036711,-31.237995131358,1
TCGA-DX-A3UF-01A,-53.3502870326679,48.5161279715384,-30.7567565754675,1
TCGA-DX-A48L-01A,-57.650124288243,48.3201366570104,-27.5666596091129,1
TCGA-DX-A48O-01A,-49.3172299036574,42.6537942888195,-21.9642527275711,1
TCGA-DX-A48R-01A,-55.9239798155327,49.1487401744474,-25.5324870538101,1
TCGA-DX-A6B9-01A,-54.831591833127,46.3600265086073,-26.4516572105869,1
TCGA-DX-A6BA-01A,-54.0666726355657,47.1856036959581,-29.4044004219862,1
TCGA-DX-A6BG-01A,-50.1168570982196,42.6510275351999,-32.7111089186016,1
TCGA-DX-A7EI-01A,-56.8930979587782,42.6462272757243,-28.1245937446493,1
TCGA-DX-A7EL-01A,-55.5361638284509,48.7048679061222,-25.457950266833,1
TCGA-DX-A7EM-01A,-54.7821672886963,47.142230508386,-27.5666411271046,1
TCGA-DX-A7EN-01A,-55.5437392219152,44.4838561112364,-29.545510043164,1
TCGA-DX-A8BP-01A,-49.7924812867696,42.454059948896,-33.1624668312926,1
TCGA-DX-AATS-01A,-57.0465831959132,42.3495666191247,-28.4278339181578,1
TCGA-DX-AB2L-01A,-49.3225483388747,37.5470988946691,-27.3054258838056,1
TCGA-DX-AB2O-01A,-57.3578512356159,41.1159760879149,-31.6707071584838,1
TCGA-DX-AB2P-01A,-52.4649036159069,48.1486043991078,-32.4866883425877,1
TCGA-DX-AB2Z-01A,-51.4135502508402,47.6086805349602,-34.4216108524823,1
TCGA-DX-AB36-01A,-51.5009479610623,47.1432396905094,-26.3589233750221,1
TCGA-FX-A3NK-01A,-47.9243724707037,46.5010775623284,-24.4115884164733,1
TCGA-FX-A76Y-01A,-49.7914843969839,40.8329787915042,-20.958998695924,1
TCGA-HB-A2OT-01A,-51.2758814633694,43.3397826190694,-31.8107564492831,1
TCGA-HB-A3L4-01A,-49.9362956616391,41.8207236151493,-22.3689947990924,1
TCGA-HB-A43Z-01A,-56.1907740851337,53.2922647868991,-26.9058274157918,1
TCGA-HS-A5N7-01A,-54.9190503116333,47.6748615038006,-30.9083089220345,1
TCGA-HS-A5N9-01A,-51.2298626723818,42.1088675313115,-21.5728353079136,1
TCGA-HS-A5NA-01A,-57.644649213228,50.8458369691876,-27.904100775161,1
TCGA-IE-A3OV-01A,-51.7183464118654,42.0200981103886,-21.2762282256259,1
TCGA-IE-A4EH-01A,-57.7228828250183,50.3377355761427,-27.7798982512437,1
TCGA-IE-A4EI-01A,-57.6401670345057,47.6581216894382,-26.0502546284205,1
TCGA-IF-A4AJ-01A,-54.1495526555523,47.0227587457136,-29.7803013251623,1
TCGA-IF-A4AK-01A,-55.7184876851292,48.2211396176997,-26.4780910963394,1
TCGA-IS-A3K8-01A,-47.808324516918,39.6633308257104,-20.7399122107393,1
TCGA-IS-A3KA-01A,-55.5778991037728,53.643038203098,-27.0034983290752,1
TCGA-IW-A3M5-01A,-57.2250355527912,41.7551414210648,-31.7453226469704,1
TCGA-IW-A3M6-01A,-48.3176672105541,40.2688376695101,-20.8626684095585,1
TCGA-K1-A3PN-01A,-57.7436043601175,47.8031129555179,-26.715012160995,1
TCGA-K1-A42W-01A,-50.6288194536706,41.8603992525444,-21.9385603826172,1
TCGA-K1-A6RT-01A,-53.955010763457,47.7535052602973,-27.8394130714072,1
TCGA-KD-A5QS-01A,-49.0323569552224,41.680465542883,-33.9144365258111,1
TCGA-KD-A5QT-01A,-46.687038547103,45.5715334010684,-23.7117311526708,1
TCGA-KD-A5QU-01A,-49.1276724267319,43.2391592219785,-21.9846487959171,1
TCGA-KF-A41W-01A,-57.1292534900044,42.142601561188,-31.7911454958922,1
TCGA-MB-A8JK-01A,-54.6473986698789,54.1390238888907,-27.1760074371222,1
TCGA-MJ-A68H-01A,-54.3540888835548,48.0909381890583,-24.2954004186309,1
TCGA-PC-A5DL-01A,-55.4341547899591,47.9554185267172,-31.7851677420788,1
TCGA-PC-A5DO-01A,-55.9862264859691,47.8301569277191,-29.6479532790215,1
TCGA-PC-A5DP-01A,-57.1788278065028,48.6546812815863,-28.7178328215296,1
TCGA-QQ-A5V2-01A,-57.1384914533054,42.24718960554,-31.7993257757765,1
TCGA-QQ-A5VA-01A,-54.5296212882729,46.1224332413125,-30.7417732241044,1
TCGA-QQ-A5VD-01A,-53.1424528935918,47.5963708123054,-28.8354778333882,1
TCGA-QQ-A8VD-01A,-51.1005747483169,43.6834172354926,-29.2015009395813,1
TCGA-QQ-A8VF-01A,-57.6005652852015,44.8242626007108,-33.8437812767321,1
TCGA-SI-A71Q-01A,-53.4191003693834,45.2151016209238,-23.6630569324247,1
TCGA-SI-AA8B-01A,-51.5544070431934,47.7239291421369,-34.2347665206264,1
TCGA-WK-A8XS-01A,-48.1839750980338,46.6554104287993,-24.4870206700383,1
TCGA-WK-A8XY-01A,-56.960388242664,52.0625571640897,-26.8936722382176,1
TCGA-WK-A8XZ-01A,-54.6516889046402,48.1610068706632,-24.5742242199475,1
TCGA-WK-A8Y0-01A,-57.7488500347703,44.1351403034171,-33.8842513822771,1
TCGA-WP-A9GB-01A,-55.5793073599705,45.2360355671518,-27.3206988535804,1
TCGA-X6-A7WA-01A,-51.274458272488,41.5964104761152,-21.0468085780807,1
TCGA-X6-A7WB-01A,-47.5947855599786,46.1911401248407,-24.1785930740564,1
TCGA-X6-A7WD-01A,-55.9038670910246,48.2141258218454,-26.6319853901855,1
TCGA-X9-A971-01A,-53.4380831455123,48.1425107271293,-30.3089136135364,1
TCGA-Z4-A8JB-01A,-51.8473909197627,44.509690867475,-29.6270920742108,1
TCGA-Z4-AAPF-01A,-57.7237230026298,44.2067173048571,-33.8552241714082,1
TCGA-3B-A9HI-01A,31.1678559290404,-30.0968422793345,12.3586502139517,2
TCGA-3B-A9HJ-01A,15.2001409578033,-16.3313856755773,11.6526163609608,2
TCGA-3B-A9HL-01A,25.1696346190126,-23.0624551571368,12.0576066333586,2
TCGA-3B-A9HO-01A,28.1031339170559,-33.4455088461759,13.7526687752509,2
TCGA-3B-A9HP-01A,22.1386575232952,-19.3722921728711,7.01237685706545,2
TCGA-3B-A9HS-01A,26.7105656499473,-22.1096854000037,23.2463835927741,2
TCGA-3B-A9I1-01A,13.9952038329078,-19.9621893481022,8.99140339852621,2
TCGA-3R-A8YX-01A,31.7695626817414,-22.3356741225759,15.706370977624,2
TCGA-DX-A1KU-01A,22.8292704834932,-23.6675999480263,3.38051284920279,2
TCGA-DX-A1KX-01A,35.1134829007586,-29.9977107628369,14.1278122627045,2
TCGA-DX-A1KY-01A,27.2907119145685,-21.674163131007,19.9309610540577,2
TCGA-DX-A1KZ-01A,25.6990408655333,-20.0114950291239,12.712080626911,2
TCGA-DX-A1L1-01A,25.8672423885938,-16.0197918981202,11.6596959656451,2
TCGA-DX-A1L2-01A,24.5460721988476,-20.4587164547902,13.5526925181491,2
TCGA-DX-A1L3-01A,27.2720130871425,-32.6366706223596,12.9035940874614,2
TCGA-DX-A23R-01A,24.036166493377,-20.9318715564155,10.9609297492818,2
TCGA-DX-A23T-01A,33.0637052113388,-27.3341918442532,22.8149988777113,2
TCGA-DX-A23U-01A,19.6257768295768,-20.6848988366154,11.3165167931344,2
TCGA-DX-A23V-01A,25.4445603018188,-15.6771002098112,11.3082828760693,2
TCGA-DX-A23Y-01A,31.2107768437871,-21.7557604357021,14.7217313380548,2
TCGA-DX-A240-01A,32.703463682207,-23.963931874835,20.6571905579685,2
TCGA-DX-A2IZ-01A,22.3329059924024,-25.2524008275832,3.40804913001484,2
TCGA-DX-A2J0-01A,22.0241924317149,-19.3214725898269,7.01244958202361,2
TCGA-DX-A2J4-01A,31.5921579358618,-29.6815508985933,12.5219426220599,2
TCGA-DX-A3LT-01A,35.4132508235655,-28.5276470141826,18.6517822305911,2
TCGA-DX-A3LW-01A,22.6163477088338,-24.8309418309632,3.73956767918197,2
TCGA-DX-A3LY-01B,34.1973874976638,-33.5499502945638,14.2421414847323,2
TCGA-DX-A3M1-01A,25.0129177571865,-13.2941680895968,10.3140572445935,2
TCGA-DX-A3M2-01A,35.1098122935704,-30.8208242384918,17.1586699966391,2
TCGA-DX-A3U5-01A,26.7704650356531,-18.2105271369154,14.7443586197335,2
TCGA-DX-A3U6-01A,25.8620254249899,-15.6782572463106,11.678031475338,2
TCGA-DX-A3U8-01A,30.5262312360979,-30.7727481169907,12.0775271153296,2
TCGA-DX-A3UA-01A,24.7737482043403,-22.4462925162272,8.36144478635358,2
TCGA-DX-A3UB-01A,27.4938053307804,-24.1834422483233,8.63623291144119,2
TCGA-DX-A48J-01A,19.2352262563191,-17.0320518514902,8.73804622159593,2
TCGA-DX-A48K-01A,25.5050313628116,-21.9669517552581,21.3712786105742,2
TCGA-DX-A48N-01A,24.1996674979092,-22.83430859844,9.9391457520067,2
TCGA-DX-A48P-01A,13.5687605690848,-19.3335403917582,8.23192026933492,2
TCGA-DX-A48U-01A,22.8774878512139,-23.5648806577195,9.48992402640139,2
TCGA-DX-A6B7-01A,19.3021709881961,-17.1908093074095,8.52974306101933,2
TCGA-DX-A6B8-01A,32.2205771379554,-22.7978379197644,20.7416942866487,2
TCGA-DX-A6BB-01A,26.9210530385158,-21.8168818037381,20.2559303441024,2
TCGA-DX-A6BE-01A,33.4496275667624,-27.3199415668906,14.3718805761491,2
TCGA-DX-A6BF-01A,28.7389582702984,-18.7289914375371,7.67045679756499,2
TCGA-DX-A6BH-01A,18.5095543189903,-17.4578170030532,8.3793630373566,2
TCGA-DX-A6YQ-01A,24.0131261635321,-20.2390097804317,17.6553646074621,2
TCGA-DX-A6YR-01A,28.2023012300473,-20.7417292461677,7.83088886523983,2
TCGA-DX-A6YS-01A,22.3490650588555,-22.3242203226264,20.2416797831894,2
TCGA-DX-A6YT-01A,20.1043578030492,-16.2979186505349,9.57382474877983,2
TCGA-DX-A6YU-01A,28.0160993729096,-17.0534084273579,8.67124140118399,2
TCGA-DX-A6YV-01A,25.0429743313475,-19.4598132636012,13.7322256529504,2
TCGA-DX-A6YX-01A,31.4158538628595,-22.838616205448,19.1895311642415,2
TCGA-DX-A6YZ-01A,26.2494100992777,-19.3842777414727,12.3740156282157,2
TCGA-DX-A6Z0-01A,26.8738962994277,-20.7082090166535,15.6605222037906,2
TCGA-DX-A6Z2-01A,15.6370289538951,-16.8053104242347,12.8612041978176,2
TCGA-DX-A7EF-01A,33.984988852515,-33.7596218377226,13.8427034153527,2
TCGA-DX-A7EO-01A,36.8624591805058,-31.5253328442001,18.510817629379,2
TCGA-DX-A7EQ-01A,36.6711441164687,-31.3417668341643,18.3721883504667,2
TCGA-DX-A7ER-01A,37.8155872721584,-26.5815274026405,19.159836303054,2
TCGA-DX-A7ES-01A,24.8979405262502,-15.8453714504157,10.8280864926898,2
TCGA-DX-A7ET-01A,35.5625693413273,-28.7708994096323,18.4133802545256,2
TCGA-DX-A7EU-01A,28.4219994512747,-20.6122868861876,7.73712510296157,2
TCGA-DX-A8BG-01A,21.2277966342518,-21.6805967942028,21.1758659731794,2
TCGA-DX-A8BH-01A,35.1842433819055,-28.1859101181542,14.8624870297559,2
TCGA-DX-A8BJ-01A,32.8819361593509,-27.9411857014324,18.6777844961346,2
TCGA-DX-A8BK-01A,34.2917649441711,-32.4352666248835,15.9991086692321,2
TCGA-DX-A8BL-01A,25.190504218476,-26.23900372229,20.0479051779299,2
TCGA-DX-A8BM-01A,24.0369826704857,-20.1650017965744,17.2812796637117,2
TCGA-DX-A8BN-01A,23.6265373929089,-23.5440846007143,17.2031203713237,2
TCGA-DX-A8BO-01A,26.7528366353794,-18.256359378617,14.8797689391193,2
TCGA-DX-A8BQ-01A,32.1230251725225,-23.4325132596554,19.4712986208764,2
TCGA-DX-A8BR-01A,26.755347714537,-18.1417664240617,14.815095540161,2
TCGA-DX-A8BS-01A,26.3504400204273,-22.0656934592317,22.7049772008562,2
TCGA-DX-A8BT-01A,26.6093509537644,-20.5264716163564,15.8034280631741,2
TCGA-DX-A8BU-01A,19.3434194915511,-22.1019460185767,22.189635076135,2
TCGA-DX-A8BV-01A,30.5705869920004,-30.6432587438385,12.1277084843004,2
TCGA-DX-A8BX-01A,34.8493931455159,-28.4997172517617,14.2101236575984,2
TCGA-DX-A8BZ-01A,35.2839710571847,-30.4698226958189,17.4424125715585,2
TCGA-DX-AB2E-01A,26.2927507139852,-33.8918375468865,13.2249933481254,2
TCGA-DX-AB2F-01A,23.3053576782963,-20.1123609850931,18.5079303169585,2
TCGA-DX-AB2G-01A,35.440943686322,-26.026484318653,16.1129537734673,2
TCGA-DX-AB2H-01A,26.7523227789207,-32.9111317868351,12.637627100113,2
TCGA-DX-AB2J-01A,22.9630526949584,-24.5241253896848,4.30392834817201,2
TCGA-DX-AB2Q-01A,32.5196433506973,-23.5674557688424,18.2154124917875,2
TCGA-DX-AB2S-01A,22.4207606725711,-25.0914041271746,3.50140360079367,2
TCGA-DX-AB2T-01A,25.0936558733066,-26.1400322442804,20.0348136018424,2
TCGA-DX-AB2V-01A,34.9201818270984,-28.535874405964,14.338874772524,2
TCGA-DX-AB2W-01A,34.8199729786957,-25.1952799504062,16.3390210167346,2
TCGA-DX-AB2X-01A,32.8054398837815,-23.9930452375994,17.7155874956362,2
TCGA-DX-AB30-01A,23.8067292952159,-21.5930802010294,7.40264360595841,2
TCGA-DX-AB32-01A,33.7778864637374,-27.1731705163591,21.9694837765372,2
TCGA-DX-AB35-01A,26.9307122887099,-22.1533952144661,23.3205625358083,2
TCGA-DX-AB37-01A,26.4888430230085,-19.6683333104161,15.0750142342658,2
TCGA-DX-AB3A-01A,33.2159016102536,-26.9456250993836,17.1147917979066,2
TCGA-DX-AB3B-01A,23.4009402016415,-23.1937009578209,9.52424873167135,2
TCGA-DX-AB3C-01A,26.3252560445235,-23.220306704426,8.11507339521883,2
TCGA-FX-A2QS-01A,26.7517145745811,-17.2150137736034,15.1061713231855,2
TCGA-FX-A3NJ-01A,15.5793078614328,-16.8529989862273,13.7150197565155,2
TCGA-FX-A3RE-01A,26.78116127589,-15.9540022913424,15.7383301225826,2
TCGA-FX-A3TO-01A,25.349344348114,-27.5698438688652,17.7038163857276,2
TCGA-FX-A48G-01A,33.9148204890828,-26.0620909860548,16.7830474892737,2
TCGA-FX-A8OO-01A,35.0922615011903,-32.1544692801922,12.960251585281,2
TCGA-HB-A3YV-01A,26.8111425861863,-21.5771378092949,15.3440255979363,2
TCGA-HB-A5W3-01A,15.6151427257601,-16.9165876084812,14.3550182467371,2
TCGA-HS-A5N8-01A,25.093879277929,-13.3397724010475,10.5012528404631,2
TCGA-IE-A4EJ-01A,21.273591307092,-21.8363606641024,21.3623013737314,2
TCGA-IE-A4EK-01A,18.3483985702892,-20.0508614212306,11.3098945167017,2
TCGA-IE-A6BZ-01A,25.0502530946583,-22.2598252215594,20.4406266162881,2
TCGA-IF-A3RQ-01A,28.668656861716,-18.1768494248128,7.83435421076614,2
TCGA-IS-A3K6-01A,18.4142642957597,-20.6237253170182,11.3820587248576,2
TCGA-IS-A3K7-01A,34.2447781420751,-33.6658932964106,14.3493800572837,2
TCGA-IW-A3M4-01A,20.6815804046213,-15.2606984213798,6.13414913845824,2
TCGA-JV-A5VE-01A,27.0983008634401,-14.6946801379659,13.1987249396385,2
TCGA-JV-A5VF-01A,33.21295117548,-25.0714501611016,21.1377812320308,2
TCGA-JV-A75J-01A,33.0709885206749,-24.293168204235,21.4809940440743,2
TCGA-K1-A3PO-01A,24.7832809403887,-22.6972018573993,11.6005894833035,2
TCGA-K1-A42X-01A,20.6987619498021,-15.2062328312103,6.06700396633202,2
TCGA-K1-A6RU-01A,22.0973974199359,-22.2239017062028,20.9080273532277,2
TCGA-K1-A6RV-01A,33.4152160819104,-26.2292011724379,21.6425614966266,2
TCGA-LI-A67I-01A,26.0285544685634,-34.0664036471217,13.2357550754708,2
TCGA-LI-A9QH-01A,28.3176194013323,-20.6830822324367,8.46207920901116,2
TCGA-MB-A5Y8-01A,33.5431933170054,-26.8922696212451,22.0376692925404,2
TCGA-MB-A5Y9-01A,34.9125038759199,-31.1355295910867,16.952234511542,2
TCGA-MB-A5YA-01A,24.9937119061047,-13.2911112994849,10.2657692876873,2
TCGA-MB-A8JL-01A,26.996713521483,-14.8317509513712,13.0301471415982,2
TCGA-MJ-A68J-01A,25.1464543643344,-20.4614123358449,12.6433326470216,2
TCGA-MJ-A850-01A,33.7317887267962,-25.4132011858586,17.2097495305503,2
TCGA-MO-A47P-01A,18.7091170486658,-20.4665181156354,11.3520737027623,2
TCGA-MO-A47R-01A,24.3131390363102,-21.1516405460379,11.4437843735387,2
TCGA-N1-A6IA-01A,12.3201414396438,-19.5638949929188,7.84325688992197,2
TCGA-PC-A5DK-01A,19.3553419236595,-16.8047758658056,8.87763879104741,2
TCGA-PC-A5DM-01A,34.0039102738026,-32.5757366004081,16.1384379525693,2
TCGA-PC-A5DN-01A,33.2258133272344,-27.9453588882616,13.6704168120711,2
TCGA-PT-A8TR-01A,38.0261440153746,-26.5631681825197,19.1061641967659,2
TCGA-QC-A6FX-01A,25.6066660525191,-22.0937287417127,20.6749856876138,2
TCGA-QC-A7B5-01A,37.008450860164,-26.3719492922439,19.3769949844107,2
TCGA-QC-AA9N-01A,28.5357986558184,-20.26847433013,7.88558772194693,2
TCGA-QQ-A5V9-01A,25.3195872742676,-27.5507728732216,17.7581682278642,2
TCGA-QQ-A5VB-01A,34.0325889504158,-33.2918178544984,16.5213085706112,2
TCGA-QQ-A5VC-01A,32.2784872597661,-23.1005209053009,16.8469807851858,2
TCGA-QQ-A8VB-01A,27.2819268496315,-21.4905570346324,8.33541048641541,2
TCGA-QQ-A8VG-01A,29.024182651488,-20.6271329134562,10.6758880719453,2
TCGA-QQ-A8VH-01A,12.5936544197152,-19.540859214913,7.96423778758339,2
TCGA-RN-A68Q-01A,28.6173694697108,-20.5957171309406,10.9417026740678,2
TCGA-RN-AAAQ-01A,33.7914117245095,-25.3270340161418,17.1250453688779,2
TCGA-SG-A6Z4-01A,19.7813502011331,-21.9125451487245,21.3813646692604,2
TCGA-SG-A6Z7-01A,37.6608814049593,-31.8177364209838,19.4083955142522,2
TCGA-SG-A849-01A,32.0584724826031,-23.2691771213457,19.3461865204181,2
TCGA-SI-A71O-01A,28.7352833619836,-18.1081232083879,7.71023251713342,2
TCGA-SI-A71P-01A,28.7939243337047,-20.5927192154154,10.2361062030943,2
TCGA-SI-AA8C-01A,23.2084374437719,-20.897896410627,7.61857334919901,2
TCGA-UE-A6QT-01A,27.2613593018727,-32.9548962720963,13.039250777368,2
TCGA-UE-A6QU-01A,19.7634737761606,-21.8914576355667,21.2250888044275,2
TCGA-VT-A80G-01A,29.2724156348164,-18.0045493849919,7.04604062067823,2
TCGA-VT-A80J-01A,34.9392216898403,-24.3431063644159,15.9108427291269,2
TCGA-VT-AB3D-01A,14.8237020632378,-16.2164882645646,11.3088738465333,2
TCGA-WK-A8XO-01A,32.9024154985736,-27.8384378853684,18.9357857171747,2
TCGA-WK-A8XQ-01A,24.474262960392,-22.0997716027156,8.41490876820984,2
TCGA-WK-A8XT-01A,24.5445874950131,-22.3183319896968,11.5278311570493,2
TCGA-WK-A8XX-01A,13.0167200932082,-19.5354087556736,8.15616704460486,2
TCGA-X2-A95T-01A,23.6572167847517,-23.8010221840523,16.7290879902533,2
TCGA-X6-A7W8-01A,32.6110824838392,-23.9584131367972,20.127073759894,2
TCGA-X6-A7WC-01A,28.40901134615,-22.5390231688812,23.65278998747,2
TCGA-X6-A8C2-01A,22.4008793150064,-22.7934928363658,19.8226664065105,2
TCGA-X6-A8C3-01A,22.3202806345311,-22.153855631264,20.2920399424155,2
TCGA-X6-A8C4-01A,29.1282991160817,-21.0077129093218,14.9603351448471,2
TCGA-X6-A8C5-01A,18.7272620615559,-16.2127143231748,9.24153739015048,2
TCGA-X6-A8C6-01A,34.9034903395618,-32.4278846300426,13.3081455951079,2
TCGA-X6-A8C7-01A,35.0478830040809,-32.2813160204796,12.9781902758111,2
TCGA-X9-A973-01A,32.5071467947094,-23.4833103551012,17.4466373801521,2
TCGA-Z4-A9VC-01A,22.8357404937694,-23.577380539485,3.32405275751906,2
TCGA-Z4-AAPG-01A,27.6262882221284,-24.2487469016961,8.73966480947282,2
