Sample,X,Y,Z,Cluster
TCGA-3B-A9HQ-01A,-22.5747639008778,17.9160495051834,8.19499759415593,1
TCGA-3B-A9HR-01A,-32.5541248433222,18.7125644417554,10.3931653855106,1
TCGA-3B-A9HT-01A,-29.6002306928415,15.6843133704162,9.02006279392375,1
TCGA-3B-A9HU-01A,-26.0934354968198,15.7242451329526,1.75887363570727,1
TCGA-3B-A9HX-01A,-27.5685819332508,17.4737043575511,8.12370306951532,1
TCGA-3B-A9HY-01A,-28.8015716338476,20.0452334516445,3.43397409478391,1
TCGA-3B-A9HZ-01A,-30.9419617264685,16.97510100674,6.71972281410232,1
TCGA-DX-A1KX-01A,-27.1685302012224,17.9010379140999,7.81285240043843,1
TCGA-DX-A3U7-01A,-32.34492098092,17.6214586953733,11.5476301469749,1
TCGA-DX-A3U9-01A,-23.5026613746295,19.0827650366763,16.7989306674452,1
TCGA-DX-A3UA-01A,-31.5970489787993,19.5838857607997,6.06466447105815,1
TCGA-DX-A3UD-01A,-21.6348550706405,10.1395128033085,10.0474204873903,1
TCGA-DX-A48K-01A,-25.4878546457005,21.5102018796561,11.7739721157917,1
TCGA-DX-A48L-01A,-25.7825840532433,18.3745332544106,12.8658633386206,1
TCGA-DX-A48P-01A,-28.1241427280459,21.7346489959083,12.2873203217497,1
TCGA-DX-A48R-01A,-25.3659777076538,20.0478799627667,13.5148989075218,1
TCGA-DX-A6B8-01A,-31.5903009344749,22.2714168842295,12.2367404599481,1
TCGA-DX-A6B9-01A,-28.5085553844017,18.3760735951525,7.67471752867583,1
TCGA-DX-A6BA-01A,-31.6797975053458,16.1102446202738,11.3079613896373,1
TCGA-DX-A6YQ-01A,-26.9699053342779,19.851950127675,8.75824308757411,1
TCGA-DX-A6YS-01A,-25.2889457633156,17.9474711641416,11.8659673531846,1
TCGA-DX-A6YT-01A,-26.0437731128243,20.6547088715552,14.8914651269987,1
TCGA-DX-A6YV-01A,-26.0715544941303,14.7948654818442,10.6614988231772,1
TCGA-DX-A6YX-01A,-30.8921380916109,14.4725651194107,11.5311001068273,1
TCGA-DX-A6Z0-01A,-26.141620812612,15.9167061996472,9.15537571801434,1
TCGA-DX-A7EF-01A,-23.3402471105288,19.798626209996,8.23037043763271,1
TCGA-DX-A7EL-01A,-25.5758966751163,22.6976718413331,4.78776096402476,1
TCGA-DX-A7EM-01A,-30.7383233826799,19.3709641001012,4.1457680927206,1
TCGA-DX-A7ET-01A,-17.5685822035691,7.94006839360583,11.8949156381778,1
TCGA-DX-A8BG-01A,-27.2199285381285,17.3608833674659,11.6929627287768,1
TCGA-DX-A8BH-01A,-20.7227634394759,10.2715036422466,9.04743146748069,1
TCGA-DX-A8BJ-01A,-23.9631219087751,21.9528359105872,11.0316138128142,1
TCGA-DX-A8BK-01A,-17.2685939328884,11.5531711284288,11.7367835079787,1
TCGA-DX-A8BM-01A,-27.9091564767291,18.4498987446531,12.3507398691439,1
TCGA-DX-A8BN-01A,-21.9455599940723,12.4140889582263,8.68102125000938,1
TCGA-DX-A8BO-01A,-18.932495361815,14.6726977565399,7.92274839452177,1
TCGA-DX-A8BR-01A,-20.5491944686455,13.6916930248626,10.2016714678528,1
TCGA-DX-A8BS-01A,-31.3105090162959,14.1037043976051,12.0364154179246,1
TCGA-DX-A8BT-01A,-23.7901175592161,13.6946145825261,11.2285820392388,1
TCGA-DX-A8BU-01A,-29.1799971057484,14.9860388197157,9.89056225445366,1
TCGA-DX-A8BZ-01A,-17.399920876873,8.57856301464635,7.98677805169611,1
TCGA-DX-AATS-01A,-28.3957776696173,15.5685383172503,10.8469519898875,1
TCGA-DX-AB2E-01A,-26.9401037287517,14.6017614679748,8.1853328291205,1
TCGA-DX-AB2P-01A,-27.5731427216673,17.1637682318787,10.5327658467069,1
TCGA-DX-AB2Q-01A,-21.9607527519024,12.2584586396155,9.82518290089265,1
TCGA-DX-AB2T-01A,-30.2969174311974,17.0685325664683,7.74526816032769,1
TCGA-DX-AB2V-01A,-31.2107883293947,17.0198443972927,12.1081556749832,1
TCGA-DX-AB2Z-01A,-30.127183238296,16.9977901533111,7.79659671291785,1
TCGA-FX-A3NJ-01A,-29.4818863195052,19.3642105186248,15.2338645937713,1
TCGA-FX-A3TO-01A,-22.604082931547,9.96265524025664,6.05871143058017,1
TCGA-FX-A76Y-01A,-25.3065124996499,21.5987897885064,14.7810528389204,1
TCGA-HB-A2OT-01A,-32.4665251701288,17.7081932688454,12.9718345433265,1
TCGA-HB-A3L4-01A,-27.218362385391,19.5442102765436,14.8673473289719,1
TCGA-HB-A43Z-01A,-23.0267515441432,19.9319044009658,15.0526394948698,1
TCGA-HB-A5W3-01A,-28.9229808389615,20.1163367224266,12.5539705197823,1
TCGA-HS-A5N8-01A,-21.4916765533519,20.6566816184071,15.6871510141918,1
TCGA-HS-A5N9-01A,-30.4040685636243,16.0633042180396,10.0901903854965,1
TCGA-IE-A3OV-01A,-32.8791550818416,23.3319737913732,13.2217504319389,1
TCGA-IE-A4EI-01A,-28.9555535373186,19.9466635379105,11.5172344347488,1
TCGA-IE-A4EK-01A,-24.2937799522586,20.1785329848085,13.0528135603132,1
TCGA-IE-A6BZ-01A,-32.4654855429502,18.3346669793545,14.0641600592549,1
TCGA-IF-A4AK-01A,-32.945916268376,23.2916669265454,8.69271567998972,1
TCGA-IS-A3K7-01A,-24.3890607533929,17.2009406769199,11.1577139445678,1
TCGA-JV-A5VE-01A,-26.7662608610603,19.1751041903139,15.313748288161,1
TCGA-JV-A75J-01A,-26.6362326184093,18.8260359502777,13.0287995855772,1
TCGA-K1-A3PN-01A,-29.3619188904706,18.1538946378218,3.69204972756052,1
TCGA-K1-A42W-01A,-26.8633927465079,18.2106110944726,13.7397567825143,1
TCGA-K1-A6RT-01A,-30.9600631931038,19.5054405553512,3.75554345514512,1
TCGA-K1-A6RU-01A,-23.6006592457502,10.866473878386,8.74627472147304,1
TCGA-K1-A6RV-01A,-28.4956341018872,17.2608636580849,1.7464260758644,1
TCGA-KD-A5QS-01A,-20.7139268107399,9.65075336230378,9.04741816053894,1
TCGA-KD-A5QU-01A,-24.741632399239,16.4709191568116,15.9650609234663,1
TCGA-KF-A41W-01A,-26.2060665961714,16.2283793815609,5.38652596055586,1
TCGA-LI-A67I-01A,-28.2971143676585,19.1014588626166,12.1042506417793,1
TCGA-LI-A9QH-01A,-19.811858598402,11.4842581240502,8.37051521777824,1
TCGA-MB-A5Y8-01A,-32.3086260610505,17.2523388590494,12.8363550659928,1
TCGA-MB-A5Y9-01A,-17.6978588937447,12.3304735413677,6.31887187971361,1
TCGA-MB-A5YA-01A,-22.2182109867179,14.9627651569046,13.3784538905674,1
TCGA-MB-A8JK-01A,-18.8629807755861,10.0850197850593,13.040275062789,1
TCGA-N1-A6IA-01A,-27.3040290257177,16.5464759999516,8.8163222454081,1
TCGA-PC-A5DL-01A,-23.2751331358767,18.3240649609482,8.57305446846089,1
TCGA-PC-A5DM-01A,-29.631837227779,20.7127525449568,16.1227981372748,1
TCGA-QC-AA9N-01A,-28.1708714204525,18.3001937753886,16.4397336649244,1
TCGA-QQ-A5V9-01A,-19.2324923074158,8.57491585951188,7.05302242182702,1
TCGA-QQ-A5VB-01A,-24.9023818888061,16.6902514289053,7.05283431962902,1
TCGA-QQ-A5VC-01A,-24.6875619364288,14.2822101155183,14.0366414822212,1
TCGA-QQ-A8VF-01A,-27.773667454555,22.9673534919102,11.9421573027457,1
TCGA-SG-A849-01A,-25.6977021644771,12.5377362297185,5.213072417372,1
TCGA-SI-A71O-01A,-25.5373987011125,13.6454255185572,11.457550749891,1
TCGA-SI-AA8B-01A,-29.5150243661332,16.9304380610748,12.4210794134637,1
TCGA-UE-A6QU-01A,-33.0265998165287,14.4791510652265,8.67259305580167,1
TCGA-VT-A80G-01A,-26.8425688515398,19.1259141018395,12.310631007725,1
TCGA-VT-A80J-01A,-31.4194201903,20.1906301277037,6.15313680202281,1
TCGA-WK-A8XS-01A,-31.7272863427134,18.6934497807993,10.0007122367137,1
TCGA-WK-A8XY-01A,-23.2727994126346,18.3693111624999,11.3812681887258,1
TCGA-WK-A8XZ-01A,-27.5790710180279,17.2011100370666,8.83273376631795,1
TCGA-WK-A8Y0-01A,-20.8773658194836,11.1643546695064,6.35976801804854,1
TCGA-X6-A7W8-01A,-20.5601637277,12.2885150792796,7.73343929807732,1
TCGA-X6-A7WD-01A,-22.9857903435124,21.4798941043957,11.3385846225977,1
TCGA-X6-A8C2-01A,-32.8199341826976,21.0291816758601,8.95002098933284,1
TCGA-X6-A8C3-01A,-25.4913927130679,13.3889764055214,12.7250624261424,1
TCGA-X6-A8C4-01A,-23.7866349080317,16.1582567104732,15.7954597829048,1
TCGA-X6-A8C6-01A,-28.0583792884887,21.6625121677281,11.241074438369,1
TCGA-X9-A971-01A,-30.40461304847,17.0882716118261,13.0920420238219,1
TCGA-Z4-AAPG-01A,-28.3210349595971,12.6725852485611,6.97797049509664,1
TCGA-3B-A9HI-01A,33.7621154782719,-0.136622013702052,-46.7161667424904,2
TCGA-3B-A9HJ-01A,43.5789596367962,0.430127474075625,-48.0409428687629,2
TCGA-3B-A9HP-01A,37.1362027951584,-3.63653131047228,-47.0848351422082,2
TCGA-3B-A9HV-01A,37.391226335949,2.41832761151394,-45.6416760166363,2
TCGA-3B-A9I0-01A,37.5311477626074,-0.411008716982196,-46.9152617699131,2
TCGA-3B-A9I1-01A,38.3943286663698,3.07884163725766,-43.454032473777,2
TCGA-3B-A9I3-01A,33.3744590431893,2.1097100276387,-44.7525941798029,2
TCGA-DX-A23U-01A,38.8268729108495,-5.54734442634277,-42.5114126579624,2
TCGA-DX-A3M2-01A,34.5266793599867,3.12543377615192,-45.4739083450057,2
TCGA-DX-A3U8-01A,37.7274178215424,0.778081161156071,-38.9780122040155,2
TCGA-DX-A3UB-01A,42.619742785136,6.13223862616661,-48.3968919054216,2
TCGA-DX-A3UC-01A,34.003663050159,1.37529641348713,-44.7795021407877,2
TCGA-DX-A3UE-01A,36.346117572465,-0.201718719509759,-44.0525667553513,2
TCGA-DX-A3UF-01A,34.0074849915625,5.39896924770709,-39.8067940944479,2
TCGA-DX-A48J-01A,37.2349603950111,-4.33150435947217,-40.7007737125458,2
TCGA-DX-A48O-01A,37.8516509284596,-5.80194276556955,-44.4481413064656,2
TCGA-DX-A48U-01A,38.7706554228639,-6.63825516479185,-47.8771544561121,2
TCGA-DX-A6B7-01A,40.1708018418576,-1.31951704634204,-47.0104521845849,2
TCGA-DX-A6BB-01A,32.6720828797877,6.03160808263327,-45.325319762009,2
TCGA-DX-A6YR-01A,38.2468552593321,2.60290258209989,-43.0226121274793,2
TCGA-DX-A6YU-01A,35.6812466277711,1.81886666641345,-43.1264994460938,2
TCGA-DX-A6Z2-01A,36.0396672422204,-7.64949314777525,-42.5325617466151,2
TCGA-DX-A7EN-01A,37.0482288852828,2.08106807059694,-48.948684540129,2
TCGA-DX-A7EO-01A,43.6823275002603,4.39737941690606,-46.9823372898235,2
TCGA-DX-A7EQ-01A,39.6719353352853,-3.86950348059673,-49.9041997034103,2
TCGA-DX-A7ER-01A,39.638285480293,2.44160628051333,-46.403277153363,2
TCGA-DX-A7EU-01A,36.9322953959591,5.60267283240193,-43.9015012810719,2
TCGA-DX-A8BL-01A,38.4250279793606,2.20589059516999,-46.5355863821625,2
TCGA-DX-A8BP-01A,37.32144138089,4.37859546428457,-47.0980448963107,2
TCGA-DX-A8BQ-01A,32.7392767583965,2.0043600794102,-50.9965124967799,2
TCGA-DX-A8BV-01A,33.3908197415009,1.4052086419705,-47.5115983778086,2
TCGA-DX-A8BX-01A,37.0940227635677,5.13142749685498,-37.2612012209386,2
TCGA-DX-AB2J-01A,40.6049918890636,2.77856577885628,-48.8508947116198,2
TCGA-DX-AB2L-01A,41.998799379503,3.63529029469161,-45.6884830090203,2
TCGA-DX-AB2O-01A,33.6577158223614,2.96408476033001,-47.2869247411079,2
TCGA-DX-AB2W-01A,37.6595095399107,5.14148016424648,-50.8387153813764,2
TCGA-DX-AB2X-01A,34.8412572614331,7.72243957546189,-47.5582186142157,2
TCGA-DX-AB30-01A,38.5381142956995,-0.624382385875032,-44.8629725706221,2
TCGA-DX-AB32-01A,38.0391978767235,1.607581309392,-47.6657824595201,2
TCGA-DX-AB3B-01A,42.6850749659605,3.60503706056274,-48.9543871673551,2
TCGA-DX-AB3C-01A,41.9984858474083,3.12077738689553,-47.2119334818425,2
TCGA-FX-A3RE-01A,42.7593155571813,7.61759504907916,-48.8930089787874,2
TCGA-FX-A48G-01A,42.2285898331583,0.69498075627388,-50.7795473307178,2
TCGA-FX-A8OO-01A,42.2975025041034,4.73886266991427,-46.9814858128014,2
TCGA-HS-A5N7-01A,35.9493997907961,4.29646894547098,-42.9253333360638,2
TCGA-HS-A5NA-01A,42.2155475411783,-2.54109116142158,-48.5103025471313,2
TCGA-IE-A4EH-01A,40.3107345709979,0.689286370501709,-49.8813119865025,2
TCGA-IE-A4EJ-01A,36.9075781220392,0.221282510401732,-37.8318397417476,2
TCGA-IF-A4AJ-01A,43.1474281848635,1.86850532369069,-43.9912756314572,2
TCGA-IS-A3K6-01A,39.7354491000839,0.536654061068497,-49.8096924427807,2
TCGA-IS-A3K8-01A,40.9021216267326,1.63092248255405,-45.5389725053409,2
TCGA-IS-A3KA-01A,38.2397127901199,0.892849476285025,-47.265704421001,2
TCGA-IW-A3M4-01A,39.8681840124628,5.58946988836868,-48.0741398700167,2
TCGA-IW-A3M5-01A,38.6206782643904,4.26231495794976,-46.922448523527,2
TCGA-IW-A3M6-01A,39.8821135569982,3.26743955936205,-43.2478435319784,2
TCGA-JV-A5VF-01A,37.421585448199,5.31034747577251,-48.3635586268523,2
TCGA-K1-A3PO-01A,40.7189326683618,0.0461956998387147,-44.7029662521695,2
TCGA-K1-A42X-01A,43.5308136870461,2.1377064448491,-48.1921381750357,2
TCGA-KD-A5QT-01A,37.803679199546,-1.72243486773107,-42.3208375316596,2
TCGA-MB-A8JL-01A,40.9164283682173,0.854806134558942,-45.9582845250346,2
TCGA-MJ-A68H-01A,43.6486476534777,-1.32582714892684,-45.6113857012055,2
TCGA-MJ-A68J-01A,39.7358133840953,4.89666692396232,-45.997785426669,2
TCGA-MJ-A850-01A,37.8127196522065,3.62430800721818,-46.5123627509616,2
TCGA-MO-A47P-01A,38.6930018301033,-3.55133446121588,-41.9347928586564,2
TCGA-PC-A5DK-01A,35.749599230313,-3.57520084613696,-41.0161298734544,2
TCGA-PC-A5DO-01A,40.4450190896511,0.990331150417904,-43.0111971073596,2
TCGA-PC-A5DP-01A,36.692823734352,-6.66455894664642,-46.02544536064,2
TCGA-PT-A8TR-01A,38.7811495653816,1.21432828929541,-45.4626933483914,2
TCGA-QC-A6FX-01A,34.0519095678928,5.75164508654198,-40.8700747817504,2
TCGA-QC-A7B5-01A,40.5989622260248,6.06648222906338,-50.4193500872093,2
TCGA-QQ-A5VA-01A,40.0443258511427,0.199004372737117,-41.0479889079774,2
TCGA-QQ-A5VD-01A,40.6962035184915,3.7844685177188,-45.1187277588314,2
TCGA-QQ-A8VB-01A,39.8813393607119,-6.16788962147613,-45.7335915243194,2
TCGA-QQ-A8VD-01A,44.8857037077785,-1.19572137992872,-46.5174259872897,2
TCGA-QQ-A8VG-01A,35.2959860576716,1.21282571236579,-37.9973111049265,2
TCGA-QQ-A8VH-01A,39.7783904040244,6.98014484641984,-47.9447064885975,2
TCGA-RN-A68Q-01A,39.7268461077085,1.84912659460292,-47.8007147989733,2
TCGA-SG-A6Z4-01A,37.5439049353112,-0.890875880097895,-45.091832946169,2
TCGA-SI-A71Q-01A,38.8294146207612,-6.82323712526173,-44.5596832985005,2
TCGA-SI-AA8C-01A,35.8581368280153,-5.96442634729579,-43.4518930042155,2
TCGA-UE-A6QT-01A,36.4733514720789,6.19036563398417,-48.1158196452185,2
TCGA-VT-AB3D-01A,37.1795140167416,5.10274285236378,-44.2993985689125,2
TCGA-WK-A8XQ-01A,42.761672659153,1.79767721004276,-46.945032972547,2
TCGA-WK-A8XT-01A,42.3029570668037,3.86413928852623,-46.0061436928695,2
TCGA-WK-A8XX-01A,36.8253070837225,0.0972191373346612,-46.249100278572,2
TCGA-WP-A9GB-01A,36.0985892135185,5.25742674127775,-49.1522590738528,2
TCGA-X2-A95T-01A,37.9391757441507,5.01797859103238,-48.1639962929066,2
TCGA-X6-A7WA-01A,35.3433368417917,-0.356000219624412,-42.2969272593875,2
TCGA-X6-A7WC-01A,34.2016345860453,2.62038505560134,-44.5965329288837,2
TCGA-X6-A8C5-01A,37.8030261840833,-1.72400627437163,-48.3767338696141,2
TCGA-X6-A8C7-01A,39.0966620484874,4.51241422286124,-45.8677800677643,2
TCGA-Z4-A8JB-01A,42.916503181521,0.956642598375061,-47.9876683043178,2
TCGA-Z4-A9VC-01A,42.2359485988524,3.44441769122555,-43.9678829439871,2
TCGA-Z4-AAPF-01A,41.423957105077,1.56851067042918,-46.0560656271387,2
TCGA-3B-A9HL-01A,-11.210178464725,-35.906088543084,52.2719359482524,3
TCGA-3B-A9HO-01A,-10.7127757392086,-27.3912785563515,53.7518181674533,3
TCGA-3B-A9HS-01A,-13.465430381758,-31.7021705823378,52.0302874806932,3
TCGA-3R-A8YX-01A,-9.48634554624307,-37.1351608069978,52.32344853395,3
TCGA-DX-A1KU-01A,-14.159697650372,-33.4077732903969,48.60616381928,3
TCGA-DX-A1KW-01A,-14.8383251785532,-33.5364470712501,50.9070854619344,3
TCGA-DX-A1KY-01A,-14.089009376756,-23.9787029650619,57.247766227296,3
TCGA-DX-A1KZ-01A,-14.096548636472,-32.7221587846838,54.5757375619312,3
TCGA-DX-A1L0-01A,-13.5809443666108,-34.8773531756676,50.104280643378,3
TCGA-DX-A1L1-01A,-18.7616643083554,-28.9771188285592,52.3577302127778,3
TCGA-DX-A1L2-01A,-16.9827210774613,-24.727139268695,51.5369247002286,3
TCGA-DX-A1L3-01A,-11.2588544227275,-31.650249255832,49.3798807368286,3
TCGA-DX-A1L4-01A,-13.1196933875775,-35.7716702057206,48.1179231729439,3
TCGA-DX-A23R-01A,-12.2999746143196,-34.5589420854945,49.3257135916069,3
TCGA-DX-A23T-01A,-14.3728422159473,-28.6262050368987,58.0087341983919,3
TCGA-DX-A23V-01A,-14.9870354232351,-32.579986546529,54.6220075188196,3
TCGA-DX-A23Y-01A,-17.7940440832939,-32.9439459768864,50.250910300824,3
TCGA-DX-A23Z-01A,-16.8643712124832,-29.9147823926843,55.3774086941466,3
TCGA-DX-A240-01A,-14.4240489784842,-37.7594342585479,48.9821327621629,3
TCGA-DX-A2IZ-01A,-17.9655095755981,-27.8831785407262,55.1362673103202,3
TCGA-DX-A2J0-01A,-12.6216745506745,-28.8128650437693,47.3771221631614,3
TCGA-DX-A2J1-01A,-13.8776546451316,-33.1237951988389,53.9384524376293,3
TCGA-DX-A2J4-01A,-13.2977235213302,-33.3627163361131,55.2318336875606,3
TCGA-DX-A3LS-01A,-14.1779940260664,-30.6261762548055,54.8561311917553,3
TCGA-DX-A3LT-01A,-12.5781613939346,-34.5090226258036,53.8366004478519,3
TCGA-DX-A3LU-01A,-11.2962430190985,-31.3805765077047,54.6426496019568,3
TCGA-DX-A3LW-01A,-17.6238006201117,-31.2907515028938,54.9857816729846,3
TCGA-DX-A3LY-01B,-13.7451225439225,-28.8301944026088,56.5598146154217,3
TCGA-DX-A3M1-01A,-14.8101580128876,-35.8982949227999,51.9166897995011,3
TCGA-DX-A3U5-01A,-14.7967327859452,-29.7348978099137,55.0076646280798,3
TCGA-DX-A3U6-01A,-14.9085148889094,-60.0647380259199,86.10273321427,3
TCGA-DX-A48N-01A,-15.2518718261252,-35.7661634770856,51.0865315922791,3
TCGA-DX-A6BE-01A,-16.8685067843459,-28.043394338771,51.8107682752753,3
TCGA-DX-A6BF-01A,-11.4197553889389,-32.5891371374036,54.5190428633696,3
TCGA-DX-A6BG-01A,-13.7389226938022,-33.0378106415111,49.9111722069722,3
TCGA-DX-A6BH-01A,-13.1893673300424,-29.3174786411033,55.675559056083,3
TCGA-DX-A6YZ-01A,-10.1456864328691,-35.5792582859469,50.8545186834609,3
TCGA-DX-A7EI-01A,-16.8008450888406,-34.6844296223981,50.4715392912267,3
TCGA-DX-A7ES-01A,-18.3528789354152,-26.9550700349509,56.486420937396,3
TCGA-DX-AB2F-01A,-13.2953893993886,-34.7219260588251,49.5906015869988,3
TCGA-DX-AB2G-01A,-14.6472129865676,-28.1230109877913,57.7069625543724,3
TCGA-DX-AB2H-01A,-15.7152989758838,-32.1137686075389,51.4337267225249,3
TCGA-DX-AB2S-01A,-14.3331165975959,-25.7648959975784,58.2492001739987,3
TCGA-DX-AB35-01A,-15.0065881671605,-31.6429144017052,52.7514592924707,3
TCGA-DX-AB36-01A,-12.5214032147341,-33.8356116787793,54.86719796645,3
TCGA-DX-AB37-01A,-13.8580559954325,-27.6811438370811,54.2610312450272,3
TCGA-DX-AB3A-01A,-18.0374108801642,-28.2739193428619,55.0969070511896,3
TCGA-FX-A2QS-01A,-13.5434106385147,-31.1533181835634,54.0785620627917,3
TCGA-FX-A3NK-01A,-10.9988809443061,-35.2717890102769,51.6467297748254,3
TCGA-HB-A3YV-01A,-15.632565311894,-30.0636123792671,53.7271965642301,3
TCGA-IF-A3RQ-01A,-12.0026100116202,-33.0899782273925,49.5429261671501,3
TCGA-MO-A47R-01A,-18.0049912419498,-25.2502995252906,50.1298192768259,3
TCGA-PC-A5DN-01A,-13.9970181544398,-30.7267109004879,55.9141898715008,3
TCGA-QQ-A5V2-01A,-7.30275396893254,-30.0447432760515,53.4611318054155,3
TCGA-RN-AAAQ-01A,-13.5532654370009,-26.5008199027639,56.4548096664817,3
TCGA-SG-A6Z7-01A,-15.2357758754027,-34.6364962907044,53.3627241550826,3
TCGA-SI-A71P-01A,-16.0667709364067,-29.4152146303952,53.1892786456124,3
TCGA-WK-A8XO-01A,-9.8269872489049,-32.110122061136,55.7896418657455,3
TCGA-X6-A7WB-01A,-13.2928655788291,-28.6243156747151,47.3352923062933,3
TCGA-X9-A973-01A,-16.2801735029741,-28.2455203478565,52.218180942071,3
