Sample,X,Y,Z,Cluster
TCGA-2J-AAB8-01A,-19.7088745533556,-5.95062091773543,12.2264918281883,1
TCGA-2J-AABA-01A,-10.8449530251645,-8.76885919745776,11.1860616481031,1
TCGA-2J-AABE-01A,-15.0243823681834,-9.47050481992972,12.3144735758695,1
TCGA-2J-AABF-01A,-18.6133806214121,-8.83898433970089,14.5227053020083,1
TCGA-2J-AABH-01A,-7.65587943321966,-10.7889020519364,10.834635708648,1
TCGA-2J-AABO-01A,-23.2125724040654,-4.97118231862531,10.4901262461878,1
TCGA-2J-AABR-01A,-13.9534010256058,-1.67531347161809,19.5434569430633,1
TCGA-2J-AABU-01A,-18.6202707443121,-15.1604251098488,19.5226171806063,1
TCGA-2L-AAQA-01A,-11.8931275124739,-9.7790596716841,14.397568602809,1
TCGA-2L-AAQE-01A,-17.6098658591382,-8.4089921372036,9.14101988315214,1
TCGA-2L-AAQI-01A,-22.460936977195,-3.23194849587399,20.4890354862922,1
TCGA-2L-AAQJ-01A,-13.7107072380403,-5.34703393454397,5.60759022856098,1
TCGA-3A-A9IH-01A,-14.3662119748238,-5.93832015958816,10.0469866320684,1
TCGA-3A-A9IR-01A,-22.6216349438819,-4.97689414192224,12.7596095438407,1
TCGA-3A-A9IX-01A,-15.7731645304698,-3.52664377293699,19.2671431890212,1
TCGA-3A-A9J0-01A,-19.6602248612779,-3.25196684826212,10.4210883975347,1
TCGA-3E-AAAZ-01A,-10.9104145149745,-11.4358954618363,18.5551699401546,1
TCGA-F2-6879-01A,-11.1897824802216,-8.00929513593468,13.1654382806702,1
TCGA-F2-7273-01A,-16.3308584793533,-4.3102858496399,21.2500034047423,1
TCGA-F2-7276-01A,-16.2364871789022,-2.48168786820927,19.1256922650633,1
TCGA-F2-A44G-01A,-11.1395944817132,-8.02650557462052,17.2775479854912,1
TCGA-F2-A8YN-01A,-12.2962031144802,-8.48847891672309,13.2473604273463,1
TCGA-FB-A4P6-01A,-12.279961290737,-0.49594669733905,19.4560297676801,1
TCGA-FB-A78T-01A,-8.63146039628378,-10.5707068675258,12.8145547786689,1
TCGA-FB-AAPQ-01A,-19.466472059523,-4.39374596700989,9.91200637592806,1
TCGA-FB-AAPZ-01A,-15.242395659137,-6.66516868295905,6.25092347008075,1
TCGA-FB-AAQ0-01A,-7.74919569824187,-3.29584247733264,17.8590477455936,1
TCGA-FB-AAQ2-01A,-11.1210874619412,-7.94493558973786,12.0140204734635,1
TCGA-FB-AAQ3-01A,-15.2660103968754,-5.30602366007075,23.7160846064579,1
TCGA-FB-AAQ6-01A,-9.15262204558594,-8.34431882403989,11.0414875754995,1
TCGA-H6-8124-01A,-10.4666608558584,-5.83238177917265,20.5325370174054,1
TCGA-H8-A6C1-01A,-9.88529182708474,-11.7907832460969,17.2429148719728,1
TCGA-HV-A5A3-01A,-17.7967902534911,-6.74440953564674,10.1881102213797,1
TCGA-HV-A5A4-01A,-9.45887268061234,-4.09964919348704,18.1342763294325,1
TCGA-HV-A5A6-01A,-19.9953436215596,-12.3403977240352,18.8582363393778,1
TCGA-HV-AA8X-01A,-21.1168746315146,-6.36088297853965,11.4220013557284,1
TCGA-HZ-7918-01A,-20.7659134661664,-4.13409457243782,20.2570477950305,1
TCGA-HZ-7919-01A,-20.7688991170114,-6.66069910036366,12.9678380362,1
TCGA-HZ-7922-01A,-14.7714338254173,-10.6234350646373,16.3986880396134,1
TCGA-HZ-7923-01A,-11.9066270615527,-10.8035475705146,18.6167609506232,1
TCGA-HZ-7924-01A,-11.4624756280375,-4.14227641347649,19.9661094728265,1
TCGA-HZ-7925-01A,-17.143570438528,-13.4583535273248,21.3346359265507,1
TCGA-HZ-7926-01A,-9.76334946530771,-6.69728782846835,17.3213953385191,1
TCGA-HZ-8002-01A,-14.428776193277,-2.98399579100401,18.4105414930102,1
TCGA-HZ-8315-01A,-14.1652754656331,-4.60100883136742,19.9898295763988,1
TCGA-HZ-8317-01A,-20.2319478062774,-4.60183602777191,23.6393243966843,1
TCGA-HZ-8519-01A,-7.2498402506583,-13.3912432915053,19.0865422256238,1
TCGA-HZ-8636-01A,-13.0887779621879,-9.49705146320262,13.3096616956878,1
TCGA-HZ-8637-01A,-19.5805689004084,-13.1179159943521,17.3945872904245,1
TCGA-HZ-8638-01A,-13.4379587272364,-5.03549522366648,19.1505569935923,1
TCGA-HZ-A49H-01A,-15.4086649008475,-3.55690134363799,26.6716592456163,1
TCGA-HZ-A49I-01A,-15.9871964734435,-11.6752765540747,17.0657111554106,1
TCGA-HZ-A4BH-01A,-18.7043616524271,-4.93063225247566,13.516535884598,1
TCGA-HZ-A4BK-01A,-21.1970855392318,-13.9183299977163,17.5296938667919,1
TCGA-HZ-A77Q-01A,-17.1094627115674,-14.5737422307187,21.0398905549895,1
TCGA-HZ-A8P0-01A,-12.4197411925288,-4.11457288921741,16.4642273946689,1
TCGA-HZ-A8P1-01A,-9.34387298437009,-9.66932223697029,13.4892663139963,1
TCGA-HZ-A9TJ-01A,-12.1480394123334,-9.00120920783391,11.7511480971159,1
TCGA-IB-7644-01A,-8.64268252836715,-6.77345382327504,17.006656717475,1
TCGA-IB-7645-01A,-15.0960148902976,-12.9170330000495,17.7200985758908,1
TCGA-IB-7646-01A,-12.2774386631513,-2.82308303325072,20.6110887116647,1
TCGA-IB-7649-01A,-10.5982049874101,-2.15368872412835,20.2526938017489,1
TCGA-IB-7651-01A,-16.0306961996607,-4.05049599274395,20.9362466681796,1
TCGA-IB-7652-01A,-15.0927608080498,-7.69911189788579,14.5754226852934,1
TCGA-IB-7885-01A,-20.771903257858,-11.774023202048,14.9738099591427,1
TCGA-IB-7886-01A,-12.8209415119527,-2.05948673503301,21.6958565709179,1
TCGA-IB-7887-01A,-21.5416026674807,-8.88311844722168,15.2617328348645,1
TCGA-IB-7888-01A,-9.16194057893338,-6.3596648240708,17.0874744176258,1
TCGA-IB-7890-01A,-16.7086517534471,-13.8180958217315,16.9417419537344,1
TCGA-IB-7891-01A,-19.3040867374949,-2.67719927940833,22.2783576638952,1
TCGA-IB-7893-01A,-12.3443783234326,-7.62063960304721,14.7981163203816,1
TCGA-IB-7897-01A,-9.72283945922412,-9.10297617226817,20.4668345109894,1
TCGA-IB-8126-01A,-19.6211126011685,-3.77087427021737,22.9577603562198,1
TCGA-IB-8127-01A,-22.001738839654,-6.18774462942815,14.4247999385099,1
TCGA-IB-A5SP-01A,-21.1985581055654,-10.709584171143,15.6780930248149,1
TCGA-IB-A5ST-01A,-19.0979449792375,-12.8070037381739,19.1279575670764,1
TCGA-IB-A6UF-01A,-17.6483264209241,-3.9783702267469,24.6480894208432,1
TCGA-IB-A7M4-01A,-14.9045805062489,-6.67972909308272,7.32499915207102,1
TCGA-IB-AAUM-01A,-19.8245614169262,-1.93720225793023,24.1427138313545,1
TCGA-IB-AAUU-01A,-22.1025993559006,-7.74589096185069,16.0152795592555,1
TCGA-IB-AAUV-01A,-19.7330946031047,-3.70987677463706,24.2674252073858,1
TCGA-IB-AAUW-01A,-11.0835966087563,-3.57925459538855,18.6880361333883,1
TCGA-LB-A7SX-01A,-14.3868874539829,-7.22788520924708,9.27310060461275,1
TCGA-Q3-AA2A-01A,-11.9238562968647,-2.8518601562123,21.3095076599428,1
TCGA-RB-AA9M-01A,-7.53678087869403,-11.9138229541758,18.9641068667403,1
TCGA-S4-A8RM-01A,-8.96146554081669,-10.4038707382963,14.1456298980255,1
TCGA-S4-A8RO-01A,-20.1979622024059,-5.65119120320797,11.3595337638316,1
TCGA-US-A779-01A,-9.30395046543102,-7.57030548997812,9.50117557474558,1
TCGA-US-A77G-01A,-13.2404295788222,-8.40222789159606,15.5238960995716,1
TCGA-XD-AAUI-01A,-14.2352974424722,-7.1619065309668,8.83706271207433,1
TCGA-2J-AAB1-01A,13.4264544317108,-2.14657964095254,-22.0260875897089,2
TCGA-2J-AAB4-01A,16.2470931199026,14.4079148163917,-13.2710472177163,2
TCGA-2J-AAB6-01A,12.0280478078744,-4.33723026347569,-23.643543596995,2
TCGA-2J-AAB9-01A,18.7039887894575,12.6681873498987,-9.49269446493206,2
TCGA-2J-AABI-01A,17.8127337585176,5.5074054316486,-22.663498228235,2
TCGA-2J-AABK-01A,21.035636764227,11.0758993604764,-13.0494327110621,2
TCGA-2J-AABP-01A,14.4217271997138,19.9428924198329,-9.04378515580329,2
TCGA-2J-AABT-01A,10.2237314640699,10.1885179413074,-10.1886441769987,2
TCGA-2J-AABV-01A,19.0505776621215,12.1314593378715,-12.7450713996557,2
TCGA-2L-AAQL-01A,18.3947573315316,4.16296627375072,-24.8597123354716,2
TCGA-2L-AAQM-01A,12.0933608699744,-0.585315084288898,-26.0998983353811,2
TCGA-3A-A9I5-01A,19.8390419638884,11.5060875537612,-15.7754058777292,2
TCGA-3A-A9I7-01A,9.35992199542893,13.4576168687059,-9.90167401516596,2
TCGA-3A-A9I9-01A,17.9242504841421,14.432947075241,-11.1838575297756,2
TCGA-3A-A9IB-01A,16.96403631732,2.79145790953982,-23.0739220158492,2
TCGA-3A-A9IC-01A,15.567697791443,14.6253816152983,-11.9611385548707,2
TCGA-3A-A9IJ-01A,16.0574583107924,2.4832708126119,-26.8708506245836,2
TCGA-3A-A9IL-01A,13.4682343225346,-0.287418903751471,-26.0914892738683,2
TCGA-3A-A9IN-01A,12.1979803971126,-0.735404240259945,-24.1056401533197,2
TCGA-3A-A9IO-01A,12.7213578760663,-3.18213901633758,-27.6084703581997,2
TCGA-3A-A9IS-01A,12.7182223230768,-3.33001820009605,-26.6046417371193,2
TCGA-3A-A9IU-01A,17.8016124995241,13.7874584472737,-8.10888642030369,2
TCGA-3A-A9IV-01A,11.6034171714777,-3.91067056607694,-24.750281899141,2
TCGA-3A-A9IZ-01A,19.8687944227991,8.21818093906211,-15.7856820765995,2
TCGA-3E-AAAY-01A,17.4993430702557,7.6741764154165,-24.8711352849546,2
TCGA-F2-6880-01A,21.1307725229643,12.8204772780391,-12.789149685613,2
TCGA-F2-A44H-01A,21.7589022247711,11.7294605934751,-13.2310995909647,2
TCGA-F2-A7TX-01A,20.1726035264446,11.3327023513887,-12.2720149729641,2
TCGA-FB-A4P5-01A,16.5231655347723,18.7435125984964,-10.8040366111712,2
TCGA-FB-A545-01A,8.77755221041383,-5.51698377762902,-26.2576972042318,2
TCGA-FB-A5VM-01A,16.3046285217583,2.85995947342032,-25.1253106813042,2
TCGA-FB-A7DR-01A,13.5643217384548,6.80224974803872,-15.3663643622238,2
TCGA-FB-AAPP-01A,21.9867242032544,6.75209232716827,-14.884317747154,2
TCGA-FB-AAPS-01A,17.8062099802158,16.4550883570721,-9.93569037900253,2
TCGA-FB-AAPU-01A,21.1207747117781,9.73002521200066,-14.213059309601,2
TCGA-FB-AAPY-01A,16.0282736584936,17.880636808938,-10.4246136624231,2
TCGA-FB-AAQ1-01A,19.4926360313211,12.5639775502078,-10.1866475679648,2
TCGA-H6-A45N-01A,13.7647347434888,14.3649132517351,-9.11099083809689,2
TCGA-HV-A5A5-01A,16.6612815994443,12.3626557177314,-8.82024649194779,2
TCGA-HV-A7OL-01A,18.8635446361081,4.3189104359611,-23.3201323366641,2
TCGA-HV-A7OP-01A,18.187080293607,3.58209269882911,-23.7527958563603,2
TCGA-HV-AA8V-01A,15.4955690471038,13.4466337742023,-12.159816472566,2
TCGA-HZ-7289-01A,20.9531287789041,7.32993885585842,-13.9108792938132,2
TCGA-HZ-7920-01A,11.7782464538198,-4.78434161616493,-26.6575136019745,2
TCGA-HZ-8001-01A,15.5762121920461,3.08484673967655,-24.1049518548625,2
TCGA-HZ-8003-01A,13.7650754838503,13.9329260938574,-11.6384985838985,2
TCGA-HZ-8005-01A,6.79962636732561,-7.5168284877694,-26.5161359581537,2
TCGA-HZ-A49G-01A,14.6192640502797,15.0079710479585,-9.82900313533504,2
TCGA-HZ-A77O-01A,19.8422024304921,9.17774592169942,-16.0606053460481,2
TCGA-HZ-A77P-01A,11.6784652459102,10.9755104537755,-11.454212764895,2
TCGA-IB-7654-01A,8.59366400851006,12.0569445521244,-10.7377089364501,2
TCGA-IB-7889-01A,18.1421047190953,2.71413651627145,-17.6703242154073,2
TCGA-IB-A5SO-01A,8.38428059180499,-7.55578981858921,-24.9779204638161,2
TCGA-IB-A5SQ-01A,12.6530359705211,-4.33694926566835,-24.4660774588221,2
TCGA-IB-A5SS-01A,14.8383034316786,3.22013297610595,-14.7710960149789,2
TCGA-IB-A6UG-01A,19.8095291807538,13.803728315165,-9.28492940137313,2
TCGA-IB-A7LX-01A,13.1176393553945,-2.24127745516068,-22.5014140965319,2
TCGA-IB-AAUN-01A,18.1294347747317,11.1551751996469,-14.8598678052126,2
TCGA-IB-AAUO-01A,19.1362455498413,17.9249934145946,-10.3644798824471,2
TCGA-IB-AAUP-01A,10.6095241221926,16.3522120692972,-8.85492986900087,2
TCGA-IB-AAUQ-01A,15.8194698558564,1.95501709397736,-16.3589270782022,2
TCGA-IB-AAUR-01A,7.82712570848832,-6.44016983784791,-25.0587257856747,2
TCGA-IB-AAUS-01A,15.6887039060796,17.2735935576355,-12.4258050776765,2
TCGA-IB-AAUT-01A,16.0026849849985,13.3401724302073,-11.6509599445863,2
TCGA-L1-A7W4-01A,20.1790480804412,6.8772745495402,-14.4978758813187,2
TCGA-LB-A8F3-01A,19.4950184726309,10.1284015269339,-16.182800703073,2
TCGA-LB-A9Q5-01A,19.0527277369468,13.7276153882581,-11.9413060795247,2
TCGA-M8-A5N4-01A,13.3362653103357,-3.84482452870251,-20.8331790099437,2
TCGA-OE-A75W-01A,17.8931878007079,3.9558306690046,-23.6387019402139,2
TCGA-PZ-A5RE-01A,17.3339166589085,3.86463427257707,-15.5088564136968,2
TCGA-Q3-A5QY-01A,10.0404758026132,16.3021938984896,-7.49460444787207,2
TCGA-RB-A7B8-01A,15.36936864999,8.54899487637257,-17.9141801585783,2
TCGA-RL-AAAS-01A,18.706799475228,17.3720762333746,-11.4205980143472,2
TCGA-S4-A8RP-01A,16.5309747909158,13.1040629677988,-15.6478230186768,2
TCGA-US-A774-01A,14.6778147597826,12.9563845800314,-11.2144145401086,2
TCGA-US-A776-01A,21.3326029257406,10.2560098452694,-15.1930798443111,2
TCGA-US-A77E-01A,12.9313330096906,18.7330317670718,-10.43969180833,2
TCGA-US-A77J-01A,17.6771286137159,5.45405802650942,-22.9866841917793,2
TCGA-XD-AAUG-01A,8.82893727532703,-6.43464207244716,-25.5592720556955,2
TCGA-XD-AAUH-01A,10.9462745961695,-4.38952366113495,-26.4653209542102,2
TCGA-XD-AAUL-01A,13.5332021337289,15.4651938142127,-10.5889001142106,2
TCGA-XN-A8T3-01A,15.7228998883103,13.2636090095738,-10.7732024974471,2
TCGA-XN-A8T5-01A,12.0565695014183,-4.46653156741837,-27.1231249147715,2
TCGA-YB-A89D-01A,11.6253253933016,-1.01384746764626,-23.4708210062843,2
TCGA-YH-A8SY-01A,16.4723846848536,10.298603790093,-20.0976198380374,2
TCGA-YY-A8LH-01A,18.1162044059559,3.65648176408243,-23.7417511243821,2
TCGA-Z5-AAPL-01A,9.37201158024973,18.1916667895838,-7.6817542046641,2
