Sample,X,Y,Z,Cluster
TCGA-2J-AAB8-01A,-38.8729588219586,-20.2243380527399,0.507226668860191,1
TCGA-2J-AABA-01A,-42.022285779405,-37.5113860937995,-4.33319503901732,1
TCGA-2J-AABF-01A,-44.6741237110393,-31.1140319739094,-27.0327366344977,1
TCGA-2J-AABI-01A,-45.2885612345962,2.55332492056922,-25.7752612034256,1
TCGA-2J-AABO-01A,-26.0731681377333,-46.2462886302773,-14.8435907419945,1
TCGA-2J-AABP-01A,-56.7238364316478,-55.2452293066466,-13.2410988682159,1
TCGA-2J-AABR-01A,-67.2047121375928,-36.7085354282392,30.6246383924314,1
TCGA-2J-AABT-01A,-67.4839893729018,-52.629467693466,-49.9180403508901,1
TCGA-2J-AABU-01A,-55.5887583366914,-18.5359461739586,-42.7466899409048,1
TCGA-2L-AAQE-01A,-14.3476554059493,-21.7939270559521,9.46271653624778,1
TCGA-2L-AAQI-01A,-36.2959877358985,-27.7042628886939,-30.245295472965,1
TCGA-2L-AAQJ-01A,-36.6564858843673,-47.0412960755068,-0.977703975802847,1
TCGA-2L-AAQM-01A,-18.1159632575342,-0.98063818591378,-8.92443077664834,1
TCGA-3A-A9I5-01A,-26.4079380452461,-42.8525746182518,23.5966384439204,1
TCGA-3A-A9I7-01A,-22.5178530321617,-36.7541098215648,35.780251778512,1
TCGA-3A-A9IB-01A,-70.1090184208315,-36.5123446840762,-3.32558819223509,1
TCGA-3A-A9IH-01A,-38.1455980890221,-16.6765281758026,-12.920062178306,1
TCGA-3A-A9IJ-01A,-24.0807995627163,-16.6709451223505,10.055797413719,1
TCGA-3A-A9IL-01A,-75.9875274232031,-18.0887004626533,-16.8812327936607,1
TCGA-3A-A9IO-01A,-43.4197893034837,-21.1372359523517,-9.58859704904929,1
TCGA-3A-A9IR-01A,-48.8237368882465,-16.8046695880939,-18.674715155426,1
TCGA-3A-A9IS-01A,-45.3800540223138,-12.1268014362305,-9.07495023398005,1
TCGA-3A-A9IU-01A,-45.1008052564003,-44.8339135623087,-27.3464362067806,1
TCGA-3A-A9IV-01A,-74.9498307827986,-41.4971567754535,15.1225754188387,1
TCGA-3A-A9IX-01A,-53.928168515036,-49.3200505368406,19.0000181614937,1
TCGA-3A-A9IZ-01A,-85.1768350367925,-22.4164791952391,37.1497928849258,1
TCGA-3E-AAAY-01A,-59.9375210734244,-25.1320179013409,23.5004653089227,1
TCGA-3E-AAAZ-01A,-19.1258511191286,-45.2737504411786,5.98744043686333,1
TCGA-F2-6879-01A,-43.3875422561961,-20.8504976153278,-24.1044879953067,1
TCGA-F2-6880-01A,-49.1545837733911,-30.7902387504235,-5.10134246467442,1
TCGA-F2-7273-01A,-41.330414375317,-49.8777922707934,-9.24296277507703,1
TCGA-F2-A44H-01A,-16.5591636236086,-43.3961659516272,-11.5965860023179,1
TCGA-F2-A7TX-01A,-69.2962753624024,-7.30542599775418,-17.383746296872,1
TCGA-F2-A8YN-01A,-45.8123063915351,-38.9701078768664,26.5936429101849,1
TCGA-FB-A4P5-01A,-27.3231476644978,-36.4922527747046,10.6127593419449,1
TCGA-FB-A4P6-01A,-17.7545261526601,-55.5316215944127,-34.3014804023484,1
TCGA-FB-A545-01A,-62.6255024498515,-25.1856237782972,-7.53727030740125,1
TCGA-FB-A5VM-01A,-79.8863246149166,-42.3675441086216,-9.2875817645908,1
TCGA-FB-A78T-01A,-58.2178360297663,-14.7781853373639,11.723606549195,1
TCGA-FB-AAPS-01A,-42.2866191439242,-17.2146247930997,18.6263129858077,1
TCGA-FB-AAPY-01A,-69.0523030554639,0.895930559791814,13.0855900192339,1
TCGA-FB-AAQ1-01A,-40.4949780852533,-21.363423403965,-12.0721234921491,1
TCGA-FB-AAQ2-01A,-67.6848962799645,-6.70475974240314,-15.4503205776951,1
TCGA-FB-AAQ3-01A,-24.4113655443447,-8.0545201260709,-3.67831267738644,1
TCGA-FB-AAQ6-01A,-39.1859207550142,-32.1921958679909,11.3824471764359,1
TCGA-H6-8124-01A,-63.753229599159,-47.6784767649222,-18.1406664221411,1
TCGA-H8-A6C1-01A,-49.9320047726723,-12.1064436605142,-16.5851728731178,1
TCGA-HV-A5A3-01A,-19.2112058718964,-54.0557431141744,-19.3026560310073,1
TCGA-HV-A5A5-01A,-70.6560332380321,-22.2917065226288,-27.3067266227282,1
TCGA-HV-A5A6-01A,-28.0549077584056,-10.9879402358123,13.5962574273956,1
TCGA-HV-AA8V-01A,-82.6242777852091,-31.812654027605,18.0401530477961,1
TCGA-HZ-7289-01A,-63.5335563892999,-38.1942753500543,-21.6318986172566,1
TCGA-HZ-7918-01A,-27.8886374988578,-32.5655252927188,-13.9414888197141,1
TCGA-HZ-7919-01A,-86.5579285224796,-17.2476981253477,-8.45051108708563,1
TCGA-HZ-7922-01A,-57.8239279999675,-47.5172874664212,-14.8869459217412,1
TCGA-HZ-7923-01A,-32.2288386080312,-16.1309343530231,-39.7182065458297,1
TCGA-HZ-7924-01A,-75.4132486499802,-40.0709231402506,9.72288612180066,1
TCGA-HZ-7925-01A,-54.9533791283683,-5.9041384555373,-7.42667264396445,1
TCGA-HZ-8001-01A,-37.7673748887852,-24.0992703308741,-2.15137536113813,1
TCGA-HZ-8002-01A,-57.5690193058589,-22.7408527903054,-4.70184512962787,1
TCGA-HZ-8003-01A,-70.3800556532653,-52.2075881405811,10.0579850789006,1
TCGA-HZ-8005-01A,-49.5319751153369,-47.3405011089034,9.74725508458747,1
TCGA-HZ-8315-01A,-40.8111688414785,7.65326959562978,-10.6956991513332,1
TCGA-HZ-8519-01A,-63.3846991576838,-25.5869843080471,3.24971849412343,1
TCGA-HZ-8637-01A,-30.9393525643166,-7.79227157184978,9.93772959734239,1
TCGA-HZ-8638-01A,-58.4056089580805,-26.3352433177443,-0.753974440635126,1
TCGA-HZ-A49G-01A,-65.3649626761705,-22.1807592406413,31.8823316602889,1
TCGA-HZ-A49H-01A,-55.4166512170999,-34.2198004724806,35.8605552497339,1
TCGA-HZ-A4BK-01A,-32.3250305123476,-23.9911600233426,-32.7365261130882,1
TCGA-HZ-A77O-01A,-13.8174536883747,-32.7075113085731,-0.648423726681403,1
TCGA-HZ-A77P-01A,-37.7157983990862,-33.6812483680227,6.82433321506865,1
TCGA-HZ-A8P0-01A,-15.8297271950643,8.34426283740621,4.21539008919245,1
TCGA-HZ-A8P1-01A,-83.8635248775123,-42.4099403775593,-6.84912193533822,1
TCGA-HZ-A9TJ-01A,-53.9457518298852,-18.2984571109396,-7.45277490948963,1
TCGA-IB-7644-01A,-13.2708804868635,-9.48041375609334,6.9809333482496,1
TCGA-IB-7649-01A,-30.6618614990867,-7.45629450722161,11.2701347821982,1
TCGA-IB-7651-01A,-72.216997347472,-17.2715328859255,-12.0433577779772,1
TCGA-IB-7654-01A,-47.852851565513,-54.0920528774985,-11.3319855848986,1
TCGA-IB-7887-01A,-25.1002645652069,-20.0354533587415,-3.98525386091071,1
TCGA-IB-7888-01A,-40.4743240621675,-4.6236670236508,-30.9389606911468,1
TCGA-IB-7889-01A,-57.1889631738064,-46.8867318144436,5.15920363165477,1
TCGA-IB-7890-01A,-13.5130783175598,3.07280889131787,-19.6510090248119,1
TCGA-IB-7891-01A,-24.3474437756623,-12.8094507020216,-22.4537190575427,1
TCGA-IB-7897-01A,-34.5518513811304,-32.5314109457064,-27.7282401294141,1
TCGA-IB-8127-01A,-37.6582873616224,-39.7250652699034,4.23763558583688,1
TCGA-IB-A5SP-01A,-56.2539942038319,-23.794435469791,-9.69125504880858,1
TCGA-IB-A5SS-01A,-67.5860041341574,-46.1524277982268,-11.6533201235957,1
TCGA-IB-A5ST-01A,-56.3299491102562,-58.742345650858,-21.7404682830214,1
TCGA-IB-A6UF-01A,-67.3823470773231,-33.3972335490662,-3.63821490845528,1
TCGA-IB-A6UG-01A,-29.9909113852869,-50.8675417625465,26.6556415257669,1
TCGA-IB-A7M4-01A,-53.0066506335944,-41.226699071007,2.80492713785293,1
TCGA-IB-AAUM-01A,-21.23505417209,-12.9521637530369,-43.9290063185347,1
TCGA-IB-AAUN-01A,-63.0755054920008,5.47871229147002,21.252782248821,1
TCGA-IB-AAUP-01A,-21.2327530979586,-46.8098107908679,-3.78415615960986,1
TCGA-IB-AAUQ-01A,-70.6754205822309,-3.5693414843312,11.5087121790674,1
TCGA-IB-AAUR-01A,-76.2013293879474,-1.87338789833187,32.5435887991371,1
TCGA-IB-AAUS-01A,-12.5270754260256,-23.2408305514215,-41.9759591753678,1
TCGA-IB-AAUT-01A,-25.9704681822142,-45.8941535296147,4.7076047187053,1
TCGA-IB-AAUV-01A,-35.5013892523113,-27.9303662795482,-5.81084259585927,1
TCGA-L1-A7W4-01A,-47.45144657882,-8.90978610611675,-15.8121422241425,1
TCGA-LB-A7SX-01A,-34.1286894235828,-43.0119695479478,-10.1596423738599,1
TCGA-LB-A9Q5-01A,-31.9816686493974,-17.4351790423287,-7.13859066960282,1
TCGA-M8-A5N4-01A,-44.5691784375816,-22.3643288965139,25.0906205561819,1
TCGA-Q3-A5QY-01A,-61.9834559891139,-8.69901222397839,-1.10953066958527,1
TCGA-RB-AA9M-01A,-31.1868771678487,-40.8560152090358,-22.9311966392755,1
TCGA-RL-AAAS-01A,-16.3435328817851,0.408628416429198,-6.32378114934087,1
TCGA-S4-A8RM-01A,-27.1046964225835,-23.6536770426922,12.6289592320735,1
TCGA-S4-A8RO-01A,-66.5773893576655,-38.7687910892066,9.41514368515914,1
TCGA-S4-A8RP-01A,-16.4788957602601,-13.0853440799463,16.3577905620469,1
TCGA-US-A774-01A,-35.6192874270478,-8.96612425091209,19.0119427026759,1
TCGA-US-A776-01A,-73.3633389293654,-6.11206710808235,-6.40136974637194,1
TCGA-US-A779-01A,-36.8792028079526,6.85289171721976,-4.06102018180772,1
TCGA-US-A77E-01A,-49.8168666895162,-33.4874601603572,-17.0811805164316,1
TCGA-US-A77G-01A,-58.4452779185097,-55.5551305590242,-1.95747705591012,1
TCGA-XD-AAUG-01A,-42.3818174767663,-17.5626761554409,25.4116529533159,1
TCGA-XD-AAUL-01A,-54.8617671055651,-32.0545062069795,-38.3129577619096,1
TCGA-XN-A8T3-01A,-73.4302879052648,-13.7021807617365,-29.6213709600075,1
TCGA-XN-A8T5-01A,-55.0572847847192,-14.6512703903523,-23.6800239938915,1
TCGA-YB-A89D-01A,-64.9832813217247,-20.2965299421442,13.8863331948813,1
TCGA-YY-A8LH-01A,-62.9807554269042,-7.63745422598007,-34.8155849051467,1
TCGA-Z5-AAPL-01A,-38.0985367308329,-17.8198423054849,-13.7964355538943,1
TCGA-2J-AAB4-01A,-145.984332378286,45.7902857032389,14.6387001648782,2
TCGA-2J-AAB6-01A,-161.913099769868,66.536402313233,31.7813269485068,2
TCGA-2J-AABK-01A,-151.347553715154,49.6033582541054,31.4392231235045,2
TCGA-2J-AABV-01A,-192.054761609203,71.6715464400213,48.3044462436125,2
TCGA-2L-AAQA-01A,-144.819129658539,42.5134633797346,22.9558512279332,2
TCGA-2L-AAQL-01A,-164.351312872334,65.1672122019551,29.5951770758046,2
TCGA-3A-A9I9-01A,-175.749265998641,37.523349910613,17.6659713183679,2
TCGA-3A-A9IC-01A,-197.494224336324,29.9458075724803,48.2683811568592,2
TCGA-3A-A9IN-01A,-152.448481533545,69.6972442522577,0.615742418173397,2
TCGA-F2-7276-01A,-191.799785578235,65.0832600926609,37.3243868769629,2
TCGA-F2-A44G-01A,-171.958607973992,23.6708118851256,9.7636773236797,2
TCGA-FB-A7DR-01A,-175.010976928411,79.2450633479008,19.3856893070221,2
TCGA-FB-AAPQ-01A,-153.607207659556,21.3770581750893,62.1230454235826,2
TCGA-FB-AAPU-01A,-188.836209765543,70.513659980799,8.54168459540312,2
TCGA-FB-AAQ0-01A,-192.138035356059,24.348809224116,1.97265419244243,2
TCGA-H6-A45N-01A,-145.811625240636,61.4967007219286,53.9971523706232,2
TCGA-HV-A5A4-01A,-183.699418301356,27.4757825969532,58.6725309447727,2
TCGA-HV-A7OL-01A,-198.238268923519,19.356478470258,35.4632577566324,2
TCGA-HZ-7920-01A,-163.904505971182,28.9752299240456,36.5930110916089,2
TCGA-HZ-8317-01A,-195.535288253485,78.8992569596277,26.0633983602008,2
TCGA-HZ-A4BH-01A,-161.019959934695,50.3408288436721,32.7942923862833,2
TCGA-HZ-A77Q-01A,-179.284653363959,57.6204477686,19.6699428023865,2
TCGA-IB-7645-01A,-184.286297650307,48.176607281355,2.82257841886264,2
TCGA-IB-8126-01A,-196.968888496648,39.4642998851998,31.9608068540521,2
TCGA-IB-A5SO-01A,-149.319747448168,48.293497398346,18.0629213606828,2
TCGA-IB-A5SQ-01A,-199.230844520675,54.824369344967,19.3211798967844,2
TCGA-IB-AAUU-01A,-158.31470801248,24.2279294533075,4.25318025252487,2
TCGA-IB-AAUW-01A,-167.647564496627,24.9864131419675,7.74258188102004,2
TCGA-LB-A8F3-01A,-180.005260132307,72.7765460056775,14.3196074317852,2
TCGA-OE-A75W-01A,-195.411275980788,27.3243238922848,10.7306081409068,2
TCGA-PZ-A5RE-01A,-196.189264293194,44.4728590671788,32.1971551469757,2
TCGA-Q3-AA2A-01A,-197.420071537122,57.8105446417531,33.2278144191344,2
TCGA-RB-A7B8-01A,-169.647516057046,53.2440550507579,27.2789780756069,2
TCGA-US-A77J-01A,-157.796615976216,53.961466191345,51.7532520985048,2
TCGA-XD-AAUH-01A,-170.972416057151,35.941663003622,25.358068534558,2
TCGA-XD-AAUI-01A,-166.358180510479,79.9766097196027,20.1711328052851,2
TCGA-2J-AAB1-01A,605.526425805506,65.5689549134315,-25.407158223185,3
TCGA-2J-AAB9-01A,600.704732867549,47.1445903480829,3.1517521377789,3
TCGA-2J-AABE-01A,601.516120801841,61.602617330955,8.55617575155648,3
TCGA-2J-AABH-01A,600.719846255097,88.2216824464077,11.5500435169393,3
TCGA-3A-A9J0-01A,602.58489396611,53.4298354829783,-19.7407229405734,3
TCGA-FB-AAPP-01A,601.249443257537,84.1977738332373,-27.1322444773323,3
TCGA-FB-AAPZ-01A,604.716254867241,58.4934347282522,-7.18520376843225,3
TCGA-HV-A7OP-01A,596.789824576036,75.0367359279048,-77.8823475665212,3
TCGA-HV-AA8X-01A,596.156507377599,67.4546094604738,-11.6048318820075,3
TCGA-HZ-7926-01A,583.219584365998,81.1161645441369,-30.8688200854022,3
TCGA-HZ-8636-01A,595.546657531432,47.1568973779816,-41.8556154375614,3
TCGA-HZ-A49I-01A,586.755647421429,44.5006628179108,9.79290696990558,3
TCGA-IB-7646-01A,578.07195206324,62.2501633226691,4.3477242052809,3
TCGA-IB-7652-01A,592.720546895972,44.5904160725056,-10.595968506265,3
TCGA-IB-7885-01A,579.974768096099,103.315914025344,-99.5511684537261,3
TCGA-IB-7886-01A,594.667778369094,100.700210060562,-12.3474906100933,3
TCGA-IB-7893-01A,600.82587834371,78.7852173701807,-11.6207157121589,3
TCGA-IB-A7LX-01A,597.174856564891,53.0209335379847,-18.4173085620445,3
TCGA-IB-AAUO-01A,601.452258251776,90.2061235595054,-33.4550152294806,3
TCGA-YH-A8SY-01A,590.333418558637,94.6690883494316,-38.8889428273251,3
