Sample,X,Y,Z,Cluster
TCGA-2J-AAB9-01A,211.485247875909,141.985907128434,118.625084228212,1
TCGA-2J-AABA-01A,209.623830038144,132.039720951859,119.108233513698,1
TCGA-2J-AABH-01A,222.521216568475,131.807751182828,113.200581512789,1
TCGA-2J-AABP-01A,214.551318293461,132.248841992934,121.319085538607,1
TCGA-2J-AABR-01A,211.941519684477,149.507208097795,124.467705837421,1
TCGA-2J-AABV-01A,202.526356598262,148.086891304615,121.618321025458,1
TCGA-2L-AAQJ-01A,207.922947748952,152.451977964474,119.217998513653,1
TCGA-3A-A9IB-01A,196.502027437463,155.636861725082,123.897817049113,1
TCGA-3A-A9IX-01A,212.387875022292,133.960629464396,111.115549778876,1
TCGA-3E-AAAZ-01A,198.874067357239,137.511014499137,125.822123800034,1
TCGA-F2-7273-01A,207.259938993384,137.039186604154,135.049867639758,1
TCGA-F2-7276-01A,217.089157125384,130.732810969227,116.00370797954,1
TCGA-F2-A7TX-01A,211.560404636058,130.738768882364,128.777567220792,1
TCGA-F2-A8YN-01A,210.428641632691,136.740691673517,131.474936791871,1
TCGA-FB-A5VM-01A,196.726650688032,155.501612143873,118.94729485857,1
TCGA-FB-AAQ1-01A,197.057405955668,142.233053458298,122.522066202777,1
TCGA-FB-AAQ2-01A,196.622931585159,151.099463792746,135.287201025717,1
TCGA-FB-AAQ6-01A,198.418290751551,142.021338053108,111.480749555004,1
TCGA-H6-8124-01A,208.572527493874,132.786691651619,115.145150195275,1
TCGA-H8-A6C1-01A,201.036815401666,123.611852288638,118.670430812168,1
TCGA-HV-A5A3-01A,218.750591284858,131.024770845135,130.184759556615,1
TCGA-HV-A5A4-01A,203.469019477487,142.523653978351,135.295718276972,1
TCGA-HZ-7922-01A,206.660548692187,146.389201673517,136.969320396627,1
TCGA-HZ-8002-01A,211.367846089702,130.471114585381,136.844734982455,1
TCGA-HZ-8005-01A,198.931549260839,155.937280489487,128.044387884756,1
TCGA-HZ-8317-01A,210.901493303277,131.727980464889,137.282580376227,1
TCGA-HZ-8636-01A,209.924788997857,140.928411708722,134.971379575193,1
TCGA-HZ-A49H-01A,203.60241900665,156.883315202746,129.362795024142,1
TCGA-HZ-A77O-01A,211.166217828007,141.451931363863,128.713639462623,1
TCGA-HZ-A77Q-01A,196.748330502956,152.786076836313,129.797671984418,1
TCGA-IB-7644-01A,196.462817601479,151.34861118861,134.960910391507,1
TCGA-IB-7645-01A,194.816246731053,139.787256992688,118.279062392524,1
TCGA-IB-7651-01A,208.927410206545,142.965134485807,115.885763702715,1
TCGA-IB-7654-01A,200.141863750602,140.210508838155,140.187874905901,1
TCGA-IB-7888-01A,198.963889823749,131.551947804552,130.564423072909,1
TCGA-IB-7889-01A,203.102428018939,145.13553976952,131.578803159644,1
TCGA-IB-7890-01A,202.462473618182,150.309078965129,130.261024486024,1
TCGA-IB-7891-01A,213.469985162072,138.685279863417,128.948351558858,1
TCGA-IB-7897-01A,220.070960585523,143.430835233858,118.645962516638,1
TCGA-IB-8126-01A,211.595393208494,133.613721594807,127.410182800996,1
TCGA-IB-A5SS-01A,194.477864846943,151.094054694162,121.072371689667,1
TCGA-IB-A5ST-01A,214.494151835205,150.678214629462,118.214578926274,1
TCGA-IB-A6UG-01A,212.060109586105,150.597869189295,124.254752778062,1
TCGA-IB-A7M4-01A,210.977355401668,146.776199341542,115.582742762314,1
TCGA-IB-AAUO-01A,210.473413608819,128.059812252368,124.087189208767,1
TCGA-IB-AAUR-01A,206.084928498897,150.311049343205,121.474970708128,1
TCGA-IB-AAUV-01A,211.002847174032,134.053942894267,133.316340192464,1
TCGA-IB-AAUW-01A,204.242758166217,144.152231843096,141.476617502087,1
TCGA-L1-A7W4-01A,197.752497798874,130.478460897717,137.29453588049,1
TCGA-LB-A9Q5-01A,209.98841076343,145.943481145342,121.88360139311,1
TCGA-Q3-A5QY-01A,215.070660311665,148.50513895567,116.310909681994,1
TCGA-RB-A7B8-01A,206.521356126872,148.329491010632,134.44557023108,1
TCGA-S4-A8RO-01A,212.103876212596,142.818818886675,129.896867492927,1
TCGA-US-A774-01A,200.171037830486,142.878860388148,147.465656681787,1
TCGA-US-A77J-01A,200.986573193847,141.178821913424,145.566735660375,1
TCGA-XD-AAUG-01A,199.716541730954,148.066573855104,142.174616921277,1
TCGA-XD-AAUH-01A,207.187872782826,147.090837431673,134.97925470906,1
TCGA-XD-AAUI-01A,211.075194307289,145.934180847333,123.35049847901,1
TCGA-XN-A8T5-01A,199.208438221115,141.181501384832,117.243083954824,1
TCGA-Z5-AAPL-01A,200.395861128312,146.530934375526,133.561928219963,1
TCGA-2J-AAB1-01A,-122.36071747502,-84.4965271085551,-44.3766622420097,2
TCGA-2J-AAB4-01A,-96.6251828339107,-67.4981598224655,-59.9460030341727,2
TCGA-2J-AAB6-01A,-117.558495724913,-69.551447846458,-74.5048933814436,2
TCGA-2J-AAB8-01A,-100.912012659727,-75.9004353244611,-64.9264565989755,2
TCGA-2J-AABE-01A,-110.484093342853,-75.2655675834975,-75.3578703238356,2
TCGA-2J-AABF-01A,-101.185676722491,-78.1313782753811,-64.8532131318554,2
TCGA-2J-AABI-01A,-112.693280591158,-56.5354110150081,-81.0522135305183,2
TCGA-2J-AABK-01A,-112.139630152214,-65.4108909388853,-57.977940097637,2
TCGA-2J-AABO-01A,-110.826607177231,-76.1563614913476,-77.034372795099,2
TCGA-2J-AABT-01A,-87.5365567888286,-70.6677115261627,-68.1138405255057,2
TCGA-2J-AABU-01A,-109.741769521548,-77.9297055495824,-59.6909818669829,2
TCGA-2L-AAQA-01A,-121.208005745903,-78.826749107034,-63.0651212682652,2
TCGA-2L-AAQE-01A,-95.1836580684837,-59.0642766085276,-71.2996028478902,2
TCGA-2L-AAQI-01A,-111.25949240248,-67.8903825528389,-56.6313827446525,2
TCGA-2L-AAQL-01A,-112.310243110993,-84.5977718210527,-75.4788225154029,2
TCGA-2L-AAQM-01A,-106.130244952195,-66.1842464878567,-81.6909478163576,2
TCGA-3A-A9I5-01A,-97.1789379467414,-83.8783994129678,-65.0551664263038,2
TCGA-3A-A9I7-01A,-118.354262926996,-84.2150348839863,-62.4209816033952,2
TCGA-3A-A9I9-01A,-108.14227449159,-66.28130795987,-70.487888713604,2
TCGA-3A-A9IC-01A,-106.669168994708,-72.4447765688139,-77.38541847945,2
TCGA-3A-A9IH-01A,-108.734673610799,-59.8165999165894,-60.6397257515881,2
TCGA-3A-A9IJ-01A,-91.4409682376231,-76.1278331830666,-60.0989953102911,2
TCGA-3A-A9IL-01A,-91.6539191598515,-80.2016057241569,-62.8081354880219,2
TCGA-3A-A9IN-01A,-84.8705185286978,-82.7919725145693,-68.6613848287994,2
TCGA-3A-A9IO-01A,-105.608091181723,-65.7628660171246,-78.7480598202833,2
TCGA-3A-A9IR-01A,-101.032147753954,-76.2345674243504,-67.8051276720751,2
TCGA-3A-A9IS-01A,-100.597282472603,-71.9712900870877,-79.2503405343002,2
TCGA-3A-A9IU-01A,-109.154283739903,-67.219442017262,-58.8779623011132,2
TCGA-3A-A9IV-01A,-105.767831304795,-64.7245357673393,-58.4940843772156,2
TCGA-3A-A9IZ-01A,-103.269336127559,-74.2102679993673,-65.6919121771593,2
TCGA-3A-A9J0-01A,-119.382162448422,-57.6621457995506,-56.3812812184016,2
TCGA-3E-AAAY-01A,-93.3702323073361,-70.6648491221777,-75.6543058087327,2
TCGA-F2-6879-01A,-108.250946223945,-79.8935763118573,-57.4257589103087,2
TCGA-F2-6880-01A,-103.877161948156,-87.4158778356279,-62.0692752496894,2
TCGA-F2-A44G-01A,-111.043096931698,-72.213048611856,-67.8635967756755,2
TCGA-F2-A44H-01A,-102.849189003171,-78.2056986947249,-75.1111551308252,2
TCGA-FB-A4P5-01A,-98.6406936091558,-66.9789940206167,-57.6609079911543,2
TCGA-FB-A4P6-01A,-107.519335403717,-71.6718612961045,-68.6001940459755,2
TCGA-FB-A545-01A,-97.5607439282788,-59.4721617979791,-83.0204237243973,2
TCGA-FB-A78T-01A,-114.691408354231,-86.2864710402599,-61.2846100060836,2
TCGA-FB-A7DR-01A,-99.5889413646643,-73.7475432626561,-76.5600430688859,2
TCGA-FB-AAPP-01A,-108.315658104018,-87.3910645241363,-66.2290253619394,2
TCGA-FB-AAPQ-01A,-110.600058723982,-72.9730282580615,-56.1203114224942,2
TCGA-FB-AAPS-01A,-92.321696147706,-54.2997434523689,-77.0171575708979,2
TCGA-FB-AAPU-01A,-122.720276870507,-77.5710061123788,-62.926803759396,2
TCGA-FB-AAPY-01A,-110.295936685565,-86.9009715024286,-62.6024744255804,2
TCGA-FB-AAPZ-01A,-114.528485966105,-65.448901469038,-43.382837387372,2
TCGA-FB-AAQ0-01A,-120.722858419976,-68.0999500616091,-48.0077157639586,2
TCGA-FB-AAQ3-01A,-107.212063907788,-79.8912237690973,-76.8347629460375,2
TCGA-H6-A45N-01A,-89.962641472895,-63.6806206796688,-54.3669336567519,2
TCGA-HV-A5A5-01A,-104.238309598806,-64.232069561273,-81.5975029979847,2
TCGA-HV-A5A6-01A,-111.546858353796,-75.1464205118171,-57.9111082240117,2
TCGA-HV-A7OL-01A,-103.651979990225,-77.4601198833611,-60.7843287418011,2
TCGA-HV-A7OP-01A,-96.4706931004025,-75.5846255578837,-63.5739162489208,2
TCGA-HV-AA8V-01A,-111.466470424225,-81.8929172691258,-66.5932767344378,2
TCGA-HV-AA8X-01A,-100.131826945366,-52.3324301658755,-80.8554032206015,2
TCGA-HZ-7289-01A,-94.7268437118909,-65.8300365939254,-85.6845783282148,2
TCGA-HZ-7918-01A,-111.413992067677,-56.386172610455,-60.9380598674578,2
TCGA-HZ-7919-01A,-108.981376745829,-82.3843964499106,-52.9441589924809,2
TCGA-HZ-7920-01A,-112.182615145071,-82.1888979549985,-78.220851276584,2
TCGA-HZ-7923-01A,-87.4834576921522,-60.1854333723409,-68.8701443844758,2
TCGA-HZ-7924-01A,-114.167577904605,-64.463712227103,-77.4869444616277,2
TCGA-HZ-7925-01A,-99.875249958574,-71.0216051946645,-58.2704692551362,2
TCGA-HZ-7926-01A,-109.09546709852,-83.0955246809023,-58.3686517060389,2
TCGA-HZ-8001-01A,-92.9017713728022,-69.8974019343638,-61.6346104340726,2
TCGA-HZ-8003-01A,-101.43628790839,-83.1800449792259,-75.3323065254661,2
TCGA-HZ-8315-01A,-122.167722945116,-79.0704924081441,-58.5162522772618,2
TCGA-HZ-8519-01A,-95.906160124717,-83.7187773485797,-80.2040502081034,2
TCGA-HZ-8637-01A,-109.353922865439,-88.222444944393,-57.1084509311555,2
TCGA-HZ-8638-01A,-112.42400270241,-66.7284943178611,-63.1715673605422,2
TCGA-HZ-A49G-01A,-96.1938347576217,-85.2706216072436,-84.7149062041703,2
TCGA-HZ-A49I-01A,-111.183233052839,-76.8478578421847,-60.739581425882,2
TCGA-HZ-A4BH-01A,-120.271175031602,-71.9929097615106,-65.6178515532188,2
TCGA-HZ-A4BK-01A,-93.0039006994909,-86.3302334610537,-58.9817130185624,2
TCGA-HZ-A77P-01A,-109.308135993869,-79.9950532670255,-68.248000294478,2
TCGA-HZ-A8P0-01A,-92.5225525788515,-84.0797262004566,-69.8345838924213,2
TCGA-HZ-A8P1-01A,-115.470830296195,-68.5557104275832,-44.3337844110627,2
TCGA-HZ-A9TJ-01A,-99.6315824635382,-58.2597300592112,-59.9290260814438,2
TCGA-IB-7646-01A,-103.741327006851,-81.1175192863238,-51.716643383959,2
TCGA-IB-7649-01A,-108.322609815674,-74.2598528550294,-63.3162869905783,2
TCGA-IB-7652-01A,-99.5796553206684,-58.4390109640898,-54.6329588334953,2
TCGA-IB-7885-01A,-108.115237524365,-60.136466049079,-75.7093266567646,2
TCGA-IB-7886-01A,-101.897305071153,-81.0602977882806,-68.2231210326884,2
TCGA-IB-7887-01A,-118.435003541639,-64.6888350936267,-53.3790623744686,2
TCGA-IB-7893-01A,-119.457201534639,-56.2427630668992,-54.454050013497,2
TCGA-IB-8127-01A,-101.32590215055,-72.2587310941819,-64.0930665758362,2
TCGA-IB-A5SO-01A,-106.95724272638,-80.8668593422667,-64.6527126954885,2
TCGA-IB-A5SP-01A,-110.214551839753,-75.7259390454543,-70.4193041621116,2
TCGA-IB-A5SQ-01A,-87.332765289268,-59.2721712743622,-77.6797501062877,2
TCGA-IB-A6UF-01A,-104.005427211181,-60.1849815366664,-58.6904784387351,2
TCGA-IB-A7LX-01A,-108.63924340466,-67.2214919622604,-66.2267050889176,2
TCGA-IB-AAUM-01A,-100.561565345454,-78.3589949982149,-61.956763735587,2
TCGA-IB-AAUN-01A,-106.489564576886,-76.3963495037573,-67.1792489788129,2
TCGA-IB-AAUP-01A,-122.839455576508,-74.9477953955438,-57.363034982987,2
TCGA-IB-AAUQ-01A,-101.74564835705,-84.1558920957086,-55.8674732287179,2
TCGA-IB-AAUS-01A,-99.2033785726288,-61.6704346742147,-56.4020899830252,2
TCGA-IB-AAUT-01A,-103.569399818379,-64.9540311416445,-57.2082387090795,2
TCGA-IB-AAUU-01A,-123.666895097706,-80.3465415713616,-70.0543470775421,2
TCGA-LB-A7SX-01A,-101.508305836674,-76.5971084408248,-70.6851768278319,2
TCGA-LB-A8F3-01A,-108.085355058981,-81.3833898106608,-76.4630803965154,2
TCGA-M8-A5N4-01A,-100.039728484636,-63.0146426353683,-53.6806129622603,2
TCGA-OE-A75W-01A,-101.816715920876,-69.2065582084673,-57.6776040574567,2
TCGA-PZ-A5RE-01A,-101.998580106131,-65.9597036243441,-67.0437330834784,2
TCGA-Q3-AA2A-01A,-114.988270129588,-60.6378551239068,-74.1114557531695,2
TCGA-RB-AA9M-01A,-104.092597246861,-86.7812438535536,-57.8470002080794,2
TCGA-RL-AAAS-01A,-112.194732195036,-63.571860231565,-54.3284050330423,2
TCGA-S4-A8RM-01A,-101.914071543505,-72.4710720121193,-65.21623091112,2
TCGA-S4-A8RP-01A,-109.471442030191,-78.0908795187986,-75.5673301105553,2
TCGA-US-A776-01A,-94.8292137945914,-74.1959071905416,-70.874485339266,2
TCGA-US-A779-01A,-106.989571073125,-76.9828681284617,-75.9822868067595,2
TCGA-US-A77E-01A,-114.650788060704,-82.4175067079267,-70.5967084704854,2
TCGA-US-A77G-01A,-108.325328731782,-59.7840973012587,-49.2767622993554,2
TCGA-XD-AAUL-01A,-95.3499447546257,-86.5919901596766,-54.2493705540536,2
TCGA-XN-A8T3-01A,-107.131274981839,-69.9470840743173,-54.9881722789331,2
TCGA-YB-A89D-01A,-120.698732983083,-88.2813873846001,-63.3578631495086,2
TCGA-YH-A8SY-01A,-109.491383387518,-70.8650853686862,-48.8417249174031,2
TCGA-YY-A8LH-01A,-97.6709943647769,-75.6690817291352,-67.5698149665075,2
