Sample,X,Y,Z,Cluster
TCGA-2J-AAB1-01A,0.606722985622086,2.36871924579346,-20.0819127208451,1
TCGA-2J-AAB4-01A,3.83747799120808,0.047651663069914,-14.8152625190986,1
TCGA-2J-AAB8-01A,12.4683811018914,8.32814218144423,-19.4180028990004,1
TCGA-2J-AABA-01A,1.38784731710641,5.1681965553483,-15.0215997555952,1
TCGA-2J-AABH-01A,-1.36152400092351,-2.52773641468127,-13.7376046953113,1
TCGA-2J-AABI-01A,1.0829549095076,5.02503439907294,-15.1124342354479,1
TCGA-2J-AABK-01A,-4.10035377221011,0.935577467131331,-14.9059565261859,1
TCGA-2J-AABO-01A,12.295260189002,7.76472558173553,-18.0775894605685,1
TCGA-2J-AABV-01A,-0.106290485439787,1.91183197581776,-20.2483164490292,1
TCGA-2L-AAQA-01A,0.871193215499232,-1.20814122011147,-15.0695501315841,1
TCGA-2L-AAQE-01A,0.0889983300234857,4.22125311143081,-15.6561799621658,1
TCGA-2L-AAQI-01A,-3.22896952794212,1.4469256979244,-14.9848000968975,1
TCGA-2L-AAQJ-01A,9.42221571359862,3.96353620554879,-20.8550252784308,1
TCGA-2L-AAQL-01A,10.6217551901786,5.72909806211586,-22.4654661174933,1
TCGA-3A-A9I5-01A,1.34693760674016,3.73696852101087,-21.8231364573438,1
TCGA-3A-A9I7-01A,10.9709631573987,8.35287090129462,-23.469899557849,1
TCGA-3A-A9IB-01A,0.328558925836136,2.41656649644468,-17.6441943004031,1
TCGA-3A-A9IC-01A,11.3638114488067,5.84101034750891,-21.7062430139811,1
TCGA-3A-A9IH-01A,11.4669981755364,6.56684331126778,-17.1879887611025,1
TCGA-3A-A9IJ-01A,3.19272117071224,3.05676972001924,-20.2133862188059,1
TCGA-3A-A9IR-01A,12.7426592851352,7.71583525510045,-18.2136309268544,1
TCGA-3A-A9IU-01A,8.21103725384643,7.72181285390321,-16.0017610333561,1
TCGA-3A-A9IV-01A,10.578314520474,5.39354301614729,-21.692283764524,1
TCGA-3A-A9J0-01A,1.85830113155825,-4.31436573258011,-8.95633772413805,1
TCGA-3E-AAAY-01A,10.8084072081661,5.69855411796102,-22.1241476524078,1
TCGA-3E-AAAZ-01A,0.27080119528559,-3.53389132840938,-9.45879727164792,1
TCGA-F2-6879-01A,9.32407266094631,3.80886867262667,-19.5445014779902,1
TCGA-F2-6880-01A,0.71943337560587,-3.58893829546738,-10.0898292020861,1
TCGA-F2-A44G-01A,5.25507020883376,-1.17507336695141,-17.2821122384638,1
TCGA-F2-A7TX-01A,4.47904339086093,-0.8334297199577,-17.2455574752335,1
TCGA-F2-A8YN-01A,1.93024408334409,-4.35223802405899,-8.90062378599469,1
TCGA-FB-A5VM-01A,9.24120748466723,3.79353953183631,-20.9986642239664,1
TCGA-FB-A78T-01A,-2.66297399166106,-1.73774361413902,-13.9620505513215,1
TCGA-FB-A7DR-01A,2.50198930194662,-0.717030942852901,-20.9622124061684,1
TCGA-FB-AAPP-01A,-4.01746147762361,-1.0982778344952,-13.0988710662601,1
TCGA-FB-AAPQ-01A,-0.766806246554601,2.64036733570974,-17.2041533860463,1
TCGA-FB-AAPU-01A,-3.5193165065449,0.357773066428096,-14.6708021952597,1
TCGA-FB-AAPY-01A,10.1362347442433,4.97933008615458,-21.5617400342274,1
TCGA-FB-AAQ0-01A,1.32822772218541,0.136662645777781,-16.4005652847575,1
TCGA-FB-AAQ1-01A,3.03437937035702,-0.107901364072111,-20.0698800284701,1
TCGA-FB-AAQ2-01A,1.34537526504533,-4.0164113948584,-9.33704331128372,1
TCGA-FB-AAQ3-01A,9.09196328822747,3.61516637981398,-20.6641971195904,1
TCGA-FB-AAQ6-01A,0.00917670456919213,4.21050794061639,-15.6424900216746,1
TCGA-H8-A6C1-01A,10.899856054569,8.28065248382046,-23.5286080987306,1
TCGA-HV-A5A6-01A,10.7001759825536,5.94774532006258,-16.8799211200238,1
TCGA-HV-A7OL-01A,1.3183296232388,2.77978839749545,-19.6211592008951,1
TCGA-HV-A7OP-01A,0.567054223933635,2.16105108537253,-20.1493147289778,1
TCGA-HV-AA8X-01A,12.8536905716961,8.1420174105949,-17.6965380158832,1
TCGA-HZ-7289-01A,0.93109824316839,1.4507748837029,-17.5941922116957,1
TCGA-HZ-8001-01A,11.8602054069562,7.05414134405258,-17.4701007280954,1
TCGA-HZ-8005-01A,3.27426939101475,0.187065156350499,-16.7188662008556,1
TCGA-HZ-8315-01A,7.86532019845645,7.68998636146481,-15.8325090794762,1
TCGA-HZ-A77O-01A,0.790914441098863,-1.09927986768843,-15.235634385987,1
TCGA-HZ-A8P1-01A,-3.87107412404344,0.896570801874283,-14.9185831518851,1
TCGA-IB-7889-01A,8.91658550053725,6.84149829918915,-16.2363613743398,1
TCGA-IB-7890-01A,4.87144288959588,7.23691631637624,-14.6999361850077,1
TCGA-IB-7893-01A,10.931999994609,5.50059567969705,-16.4414985294335,1
TCGA-IB-A5SP-01A,4.52029580761389,-0.798281244197262,-17.3397863672027,1
TCGA-IB-A6UF-01A,1.91651254180532,5.34786664139698,-14.9047306464479,1
TCGA-IB-A6UG-01A,0.727813080575447,-3.33835446380866,-11.1013384059032,1
TCGA-IB-A7LX-01A,-1.33934777154065,-2.61559689382059,-13.7445464513954,1
TCGA-IB-A7M4-01A,1.14364069245218,-3.83512569990199,-9.75772241171607,1
TCGA-IB-AAUN-01A,0.562673754075206,1.96604280683352,-17.5079053851006,1
TCGA-IB-AAUO-01A,0.225261386186789,2.3994136683617,-17.9250586417046,1
TCGA-IB-AAUQ-01A,2.6446609363353,-0.205287021387048,-20.4887784924247,1
TCGA-IB-AAUU-01A,9.10515901072117,3.50971034247183,-20.2670281408367,1
TCGA-L1-A7W4-01A,0.535383919896252,-2.89303702090395,-12.3440108022374,1
TCGA-LB-A8F3-01A,1.27209933931804,3.56077853420466,-21.5674442596846,1
TCGA-LB-A9Q5-01A,3.63339448351736,-0.148345390465161,-19.6455425287911,1
TCGA-OE-A75W-01A,1.38809979752088,2.93603498398156,-19.7808424457804,1
TCGA-PZ-A5RE-01A,9.91561638642904,4.6323830276742,-21.1549579145879,1
TCGA-Q3-A5QY-01A,10.8093663524969,8.18291661270611,-23.6020162044191,1
TCGA-Q3-AA2A-01A,-2.84824898463444,-1.37620414289824,-14.2072511752977,1
TCGA-RB-A7B8-01A,-1.0856413359827,-2.55108573071746,-13.7920850946073,1
TCGA-RB-AA9M-01A,5.12281391448943,7.33107129751297,-14.7599476901716,1
TCGA-S4-A8RM-01A,-4.07003399984568,-0.239387816438828,-13.7714358149937,1
TCGA-S4-A8RO-01A,-2.42162804275265,-1.91237196022952,-9.97616321571071,1
TCGA-US-A774-01A,11.2058132080981,8.81996139981808,-15.5889000708388,1
TCGA-US-A776-01A,0.193709383556471,2.10989983652653,-19.9039441143225,1
TCGA-US-A779-01A,9.23056627179963,3.83256556412162,-21.7906170048129,1
TCGA-US-A77G-01A,-1.92747640326938,-2.37987153362211,-13.672234171354,1
TCGA-XD-AAUH-01A,8.33789549031547,8.04442476425592,-16.1411391184565,1
TCGA-XD-AAUI-01A,3.81658932069268,-0.440975628761339,-17.0854657586209,1
TCGA-XD-AAUL-01A,11.2364164141625,8.95393562176506,-15.4790542043706,1
TCGA-XN-A8T5-01A,11.2891918338536,5.9390675735692,-22.1119942427945,1
TCGA-YB-A89D-01A,-3.95591671215662,0.536659479057465,-14.9208121531499,1
TCGA-YH-A8SY-01A,12.9170423239635,7.44445854467505,-18.3537089752574,1
TCGA-YY-A8LH-01A,1.16006909257,0.601885460433994,-16.604966908115,1
TCGA-2J-AAB6-01A,0.942450638495337,-1.9760832437639,13.8666079818084,2
TCGA-2J-AAB9-01A,-3.3805953578915,-1.86443004162978,7.67965614883121,2
TCGA-2J-AABE-01A,0.414480680974478,-1.12354268025792,14.1335947350474,2
TCGA-2J-AABF-01A,-1.5742705581296,-3.51730431821641,21.0969830574926,2
TCGA-2J-AABP-01A,-0.920554705748275,-3.84256969500281,19.8961240835402,2
TCGA-2J-AABR-01A,0.774166875079898,-1.76067684343941,13.942421176915,2
TCGA-2J-AABT-01A,-2.83890487209382,-0.574650998085954,11.6975015233995,2
TCGA-2J-AABU-01A,-11.9423225210264,-3.272074778183,14.8579151279332,2
TCGA-2L-AAQM-01A,-4.99806358152526,-3.64571365823308,4.37408501734671,2
TCGA-3A-A9I9-01A,2.25617070157499,-4.74401367097572,21.8230904976363,2
TCGA-3A-A9IL-01A,-5.16662425661915,-3.7209617236021,4.60974625406321,2
TCGA-3A-A9IN-01A,-5.23572135011492,-3.73900557411742,4.81003622180596,2
TCGA-3A-A9IO-01A,-1.4558963650569,-4.1744742729873,24.4710913247059,2
TCGA-3A-A9IS-01A,1.69360030338536,-1.44916230785505,23.2844811473681,2
TCGA-3A-A9IX-01A,-11.350574874611,-3.29736690007531,15.267477124021,2
TCGA-3A-A9IZ-01A,0.200273250597643,-0.645842419177046,14.5813080742187,2
TCGA-F2-7273-01A,-3.08765194081589,-0.495798764197708,11.8196520295293,2
TCGA-F2-7276-01A,-4.46488335143117,-0.175373534694494,18.9175144279677,2
TCGA-F2-A44H-01A,0.561190299469671,-3.60503030247072,21.2756155454751,2
TCGA-FB-A4P5-01A,2.90086165443135,-4.93527351199888,22.1061364621465,2
TCGA-FB-A4P6-01A,-9.93148899446291,-2.70277136479899,15.5003655086322,2
TCGA-FB-A545-01A,-4.71618931076999,-3.43339086317542,4.79960373121323,2
TCGA-FB-AAPS-01A,-11.1556839313629,-6.19460983715093,16.7575357601206,2
TCGA-FB-AAPZ-01A,2.28268968139633,-0.213369399953576,15.2830948866516,2
TCGA-H6-8124-01A,-10.4744678269822,-2.76845713584312,15.4947358937446,2
TCGA-H6-A45N-01A,-11.8421143271557,-4.49741737504071,15.2154301047263,2
TCGA-HV-A5A3-01A,-10.9163833194028,-7.01052042102498,17.318130050071,2
TCGA-HV-A5A4-01A,-4.22623117359111,-3.51111781728221,7.09058395545742,2
TCGA-HV-A5A5-01A,-1.8328696684458,-5.62306197600148,21.8849221595268,2
TCGA-HV-AA8V-01A,-11.0737327725477,-6.58264321846315,16.9798907360146,2
TCGA-HZ-7918-01A,-1.08410300646678,0.790769744466736,16.6001699470383,2
TCGA-HZ-7919-01A,-2.17972640683344,1.01214968428691,23.3575695389764,2
TCGA-HZ-7920-01A,-4.37790167690053,-0.172058789076395,19.2009547415998,2
TCGA-HZ-7922-01A,-4.8927054549998,0.507695398275388,20.2725344306241,2
TCGA-HZ-7923-01A,-6.3927750049715,-1.10458737970573,19.701429658448,2
TCGA-HZ-7924-01A,-1.49587390848146,-3.01685457085487,21.4567939709824,2
TCGA-HZ-7925-01A,-1.95446014671629,-3.75376044339531,21.7384672905277,2
TCGA-HZ-7926-01A,-1.10969396002194,-2.61382323880474,19.0776454018108,2
TCGA-HZ-8002-01A,-4.23909716223073,0.264306800036081,18.4832492768498,2
TCGA-HZ-8003-01A,-3.39137827422423,-0.0810504572666754,12.5553757362845,2
TCGA-HZ-8317-01A,0.129232382260565,-0.0236339595858952,15.6768989910218,2
TCGA-HZ-8519-01A,-7.62296848983748,-4.66805916693107,20.3309085915149,2
TCGA-HZ-8636-01A,-9.83998229326305,-2.48653936522774,17.7375384612868,2
TCGA-HZ-8637-01A,-1.82153483336113,-3.06165834607016,19.8373573038733,2
TCGA-HZ-8638-01A,-1.39659481186743,-3.14525229898165,22.4492739559645,2
TCGA-HZ-A49G-01A,-0.0135352170551102,-3.54767643256359,21.3180563008772,2
TCGA-HZ-A49H-01A,-5.00492667339198,-3.73333093776295,3.80922452946871,2
TCGA-HZ-A49I-01A,1.67238685821417,-1.50008517723374,23.2668845651237,2
TCGA-HZ-A4BH-01A,2.00524710934589,-0.0780531156216029,15.4144944035598,2
TCGA-HZ-A4BK-01A,-6.17976982239507,-4.23678911714018,5.06615771133881,2
TCGA-HZ-A77P-01A,-9.17452700371783,-2.76291861634939,18.7783086027373,2
TCGA-HZ-A77Q-01A,-6.48651947287781,-1.54870849924362,20.0210432067818,2
TCGA-HZ-A8P0-01A,-1.45293644911558,-4.1996895062888,24.4228571711937,2
TCGA-HZ-A9TJ-01A,1.20142580155392,0.140921652475991,15.7799014527179,2
TCGA-IB-7644-01A,-1.17237810593453,-3.16332103041761,22.1530039871055,2
TCGA-IB-7645-01A,-1.68767246850119,-3.09687257963011,20.1935672389943,2
TCGA-IB-7646-01A,-1.46020385085671,1.26201085445946,16.742435707554,2
TCGA-IB-7649-01A,-2.12003510503379,0.970342005037461,23.3435775006559,2
TCGA-IB-7651-01A,-0.41540291179155,0.281748366159167,16.3157340467978,2
TCGA-IB-7652-01A,-1.16303372833905,-2.67605576163846,19.44285755098,2
TCGA-IB-7654-01A,-10.8427699503187,-2.49841227497932,16.1949490435885,2
TCGA-IB-7885-01A,-6.12483981832383,-0.924205139698014,19.9921001965223,2
TCGA-IB-7886-01A,-3.49575304403679,-0.155459611285442,12.3243144922498,2
TCGA-IB-7887-01A,-7.98356921451598,-2.84035039064405,19.76948996044,2
TCGA-IB-7888-01A,-2.37111498339101,1.16450140243596,23.1916611031363,2
TCGA-IB-7891-01A,-4.21467245720895,-0.134216753917816,18.8977904345553,2
TCGA-IB-7897-01A,-4.76958961230285,0.347103348045461,20.0033506568346,2
TCGA-IB-8126-01A,-3.12767171770625,-1.37705481597445,8.4576781439943,2
TCGA-IB-8127-01A,1.75905125629717,0.0858256182009107,15.6767718221636,2
TCGA-IB-A5SO-01A,-10.7404095045303,-5.87160683702034,17.5470390036049,2
TCGA-IB-A5SQ-01A,-4.35056730508966,-2.9989607493734,6.10226370332119,2
TCGA-IB-A5SS-01A,1.23962011992643,-1.33913996788597,23.5198282257939,2
TCGA-IB-A5ST-01A,-5.18505638426868,-3.70077271501874,20.9638995711942,2
TCGA-IB-AAUM-01A,-3.16656950623191,-1.48712693226192,8.25788336821953,2
TCGA-IB-AAUP-01A,-8.83377410824216,-3.06472312860962,19.0558001213258,2
TCGA-IB-AAUR-01A,-11.6436544120816,-5.21466664731735,15.0603418826153,2
TCGA-IB-AAUS-01A,-1.78788097573625,-5.25499310709488,21.8559677858653,2
TCGA-IB-AAUT-01A,-7.08651506723721,-1.11842579439595,18.9178317415137,2
TCGA-IB-AAUV-01A,-11.6323433538102,-5.08897731786715,15.4018264944796,2
TCGA-IB-AAUW-01A,-9.14513777272964,-2.86139559516449,18.6668174127152,2
TCGA-LB-A7SX-01A,-5.48048979698704,-3.79304173730338,20.916515533883,2
TCGA-M8-A5N4-01A,2.99828328943154,-4.92929621334185,22.1225103446978,2
TCGA-RL-AAAS-01A,3.8595646201032,-5.27024367734248,22.1840425751879,2
TCGA-S4-A8RP-01A,-4.06389181706778,-2.83242428591243,6.73570954494723,2
TCGA-US-A77E-01A,-8.42638959164547,-2.63457412215137,19.5967774138051,2
TCGA-US-A77J-01A,-11.6230060495788,-5.70961352317777,14.6289722963793,2
TCGA-XD-AAUG-01A,-11.6967403374101,-4.44737212420838,15.161515994733,2
TCGA-XN-A8T3-01A,-2.36630060629538,-0.68307323095068,11.8327548160458,2
TCGA-Z5-AAPL-01A,-7.64372634153407,-5.05693912149236,20.4754474573425,2
