Sample,X,Y,Z,Cluster
TCGA-2Y-A9GW-01A,-14.6557968141583,11.5280905194554,-4.90530272239279,1
TCGA-2Y-A9GX-01A,-16.2623921881659,14.9835204075182,-11.4351599831401,1
TCGA-2Y-A9H2-01A,-7.61075432099154,12.3815610039774,-9.99375579127489,1
TCGA-2Y-A9H5-01A,-11.7889697616499,12.3990797304617,-12.0804729698996,1
TCGA-2Y-A9H6-01A,-15.1884875505064,12.2433406429842,-5.69735507415173,1
TCGA-5C-A9VG-01A,-6.45693138517916,15.0144173817174,-3.99699619232565,1
TCGA-5C-A9VH-01A,-11.3134762956427,14.3568959608019,-6.55961134402295,1
TCGA-5R-AA1D-01A,-11.4561180327313,16.538764124178,-10.6237425810604,1
TCGA-5R-AAAM-01A,-14.4118783107099,14.4677136253751,-10.6310090236443,1
TCGA-BC-4072-01B,-7.5228550222665,15.0274455759684,-3.62194589037818,1
TCGA-BC-4073-01B,-20.3418830661016,13.8523993217702,-6.14507223357324,1
TCGA-BC-A10Q-01A,-5.77258102056583,11.1340657069689,-12.1532964096181,1
TCGA-BC-A10R-01A,-12.6689713886474,14.6757074595959,-6.29574806737236,1
TCGA-BC-A112-01A,-16.2122144097873,10.4319398798749,-6.48965778814364,1
TCGA-BD-A3EP-01A,-10.3444133620259,16.9357486915878,-7.76852400133821,1
TCGA-BD-A3ER-01A,-17.5452889213247,13.6589748278125,-13.0543443133259,1
TCGA-CC-5260-01A,-9.19181811167034,11.4435990065643,-9.40411588579457,1
TCGA-CC-5261-01A,-12.9628798878405,12.5993543614438,-11.6369861488414,1
TCGA-CC-5262-01A,-14.5051836964612,18.5899905125253,-7.77999194143504,1
TCGA-CC-A3M9-01A,-13.2987702746043,19.0434290521383,-11.5791445054386,1
TCGA-CC-A3MA-01A,-10.3968009263501,12.1083235573394,-10.2382607443543,1
TCGA-CC-A5UC-01A,-8.70142598875374,15.1275440336611,-8.98306946905437,1
TCGA-CC-A7II-01A,-5.01371842925417,15.9034256284519,-3.10976842038214,1
TCGA-CC-A7IJ-01A,-12.059034278378,17.6882926195168,-13.7851383063507,1
TCGA-CC-A9FV-01A,-14.7647133467923,15.0954630959592,-11.8870015466064,1
TCGA-DD-A114-01A,-5.947780566096,9.14056050092415,-10.7940009321512,1
TCGA-DD-A115-01A,-14.0915876272691,7.24878382844638,-9.57063533545359,1
TCGA-DD-A118-01A,-14.0324948356733,12.6074475035589,-5.90060524383536,1
TCGA-DD-A11B-01A,-16.9927979608925,9.84336414911292,-9.14719325888408,1
TCGA-DD-A11C-01A,-6.49014476661016,9.18886981356294,-9.44027253675469,1
TCGA-DD-A1EG-01A,-15.9934888849695,17.8900092752875,-10.205421860624,1
TCGA-DD-A1EH-01A,-7.30688458674398,6.94314277528907,-11.2447386492518,1
TCGA-DD-A1EI-01A,-17.0849903963312,15.0411511455844,-13.3756803444114,1
TCGA-DD-A4NA-01A,-4.9514154176159,13.6200591913467,-4.13785138075576,1
TCGA-DD-A4NB-01A,-15.034532560502,15.1011414931781,-10.4439906781982,1
TCGA-DD-A4ND-01A,-12.46568083286,15.3532179936421,-10.0353693576382,1
TCGA-DD-A4NE-01A,-16.2206702756893,10.2951594941076,-5.92701199692748,1
TCGA-DD-A4NH-01A,-13.0449887555468,12.8163342989655,-11.775362351419,1
TCGA-DD-A4NJ-01A,-18.5809016900595,12.2446769270012,-5.97211271418087,1
TCGA-DD-A4NR-01A,-11.6746303426263,20.0796903983978,-10.8289327192925,1
TCGA-DD-A4NS-01A,-13.2932155931292,14.8673279896805,-10.5090973604028,1
TCGA-DD-A4NV-01A,-17.046180540658,13.9334823467673,-13.059844453952,1
TCGA-DD-AA3A-01A,-4.43079793342288,13.6182103579366,-5.40945889691888,1
TCGA-DD-AAC9-01A,-12.150889079267,17.9403877741115,-10.6695964740648,1
TCGA-DD-AACO-01A,-16.7744843329952,8.8752308615597,-6.624580140274,1
TCGA-DD-AAD1-01A,-14.5465249564109,13.6384435313762,-6.26933368614405,1
TCGA-DD-AAD2-01A,-12.635650055588,14.9794337235403,-9.07092504396181,1
TCGA-DD-AADV-01A,-18.7827990893482,13.7549575067568,-9.812717160725,1
TCGA-DD-AADW-01A,-4.90061196324676,7.0777893158421,-11.4261383653833,1
TCGA-DD-AAE2-01A,-14.3449492372944,7.49619227437497,-8.19105177795071,1
TCGA-DD-AAEK-01A,-14.7940362338259,7.4981394403854,-8.42294519015809,1
TCGA-DD-AAVR-01A,-12.9419063355876,15.3990641934914,-5.89624011979031,1
TCGA-DD-AAVS-01A,-6.38476014957262,7.4491861676852,-9.00178807087944,1
TCGA-DD-AAVW-01A,-11.8658060806687,13.4916515862559,-6.08848074835794,1
TCGA-DD-AAW0-01A,-17.8594875168898,13.9355524826943,-9.02452554061958,1
TCGA-ED-A4XI-01A,-13.3140549226007,15.9055512482171,-10.1758534940437,1
TCGA-ED-A5KG-01A,-8.32584845507212,14.5134160784052,-4.31544073219861,1
TCGA-ED-A627-01A,-14.479810864834,14.2238909844686,-13.1639374184266,1
TCGA-ED-A66X-01A,-14.7335918840899,16.15531693052,-11.4998663157014,1
TCGA-ED-A7PX-01A,-12.0326304836892,17.5428841940419,-13.0418239394166,1
TCGA-ED-A7XP-01A,-15.861715914584,11.0894937726616,-9.10402265978715,1
TCGA-ED-A82E-01A,-8.50502688268002,13.7191829917501,-10.7207810476974,1
TCGA-ED-A8O6-01A,-9.74039710075454,13.0951607897421,-1.94026486532487,1
TCGA-ED-A97K-01A,-13.9501835108424,18.2189656566014,-11.1919012748125,1
TCGA-FV-A3I0-01A,-7.78889908479303,12.7545333067367,-11.6027309561552,1
TCGA-FV-A3I1-01A,-21.0698732129312,13.3954271784323,-7.93228872765917,1
TCGA-FV-A3R3-01A,-11.2145100088654,14.9519415536391,-11.1052517602684,1
TCGA-FV-A495-01A,-8.9502391034714,13.5995342418363,-12.5813785265601,1
TCGA-G3-A25T-01A,-7.11788461242667,14.1388582336871,-13.4655306847372,1
TCGA-G3-A25V-01A,-17.4366071584418,15.8993500775787,-14.5810184145177,1
TCGA-G3-A25X-01A,-17.7178585017989,16.2377183686994,-14.2540116337776,1
TCGA-G3-A25Y-01A,-9.65542441100485,13.5772852778837,-4.9137036332137,1
TCGA-G3-A5SM-01A,-15.394946549465,12.6207655429941,-8.3798667605701,1
TCGA-GJ-A3OU-01A,-15.0145610179728,13.4788905605328,-6.52327753908322,1
TCGA-GJ-A9DB-01A,-15.6781165971065,10.0015518703427,-10.1214570216101,1
TCGA-HP-A5MZ-01A,-12.7774083606503,15.5845909476274,-11.0524067289001,1
TCGA-HP-A5N0-01A,-14.7899376267438,13.2635318828662,-8.65801884917544,1
TCGA-K7-AAU7-01A,-10.8804965049941,17.1056051648249,-11.0215117360495,1
TCGA-MI-A75E-01A,-18.4046376431663,15.8396317585773,-14.9642603314791,1
TCGA-MR-A8JO-01A,-9.16587951978139,16.4660900911654,-9.70361567247842,1
TCGA-PD-A5DF-01A,-16.0857849123251,14.7277138512801,-11.3529200729893,1
TCGA-RC-A6M5-01A,-6.99813683202647,16.4185126235574,-4.43350787578378,1
TCGA-UB-A7ME-01A,-10.0809315713382,15.0893176394597,-1.49408905263044,1
TCGA-UB-AA0U-01A,-18.012966936406,14.4395459664752,-9.71022705764562,1
TCGA-UB-AA0V-01A,-16.9472337307722,13.5296650549908,-10.2847821236885,1
TCGA-XR-A8TD-01A,-15.1121359940235,13.8530371097495,-13.104658975771,1
TCGA-ZP-A9CY-01A,-18.91068414952,11.0466227141048,-9.0596913227964,1
TCGA-ZS-A9CD-01A,-7.3297100980891,12.7727024541269,-9.6207879295567,1
TCGA-2V-A95S-01A,-2.15231457970755,2.04958806547322,6.88744569081062,2
TCGA-2Y-A9GS-01A,1.33411761740865,-16.212500386764,6.1154383394347,2
TCGA-2Y-A9GT-01A,-8.68915306981891,-1.65289294216279,6.76532690635409,2
TCGA-2Y-A9GU-01A,1.96285491353691,11.3767136007999,5.787112677769,2
TCGA-2Y-A9GV-01A,-8.78856191741281,-10.3242221911792,10.4028417682958,2
TCGA-2Y-A9GY-01A,10.0857784525116,6.39149912391659,6.13675418016728,2
TCGA-2Y-A9GZ-01A,-11.1524588418006,-4.66605096451482,8.84052822603605,2
TCGA-2Y-A9H0-01A,-8.28520274604494,0.663757593981632,2.64593517092832,2
TCGA-2Y-A9H1-01A,16.4166727946791,-2.72987100750907,-0.0907598191091885,2
TCGA-2Y-A9H3-01A,12.2428460932188,3.57480601058644,-0.64032095484375,2
TCGA-2Y-A9H4-01A,8.10125266938752,-10.3627185052511,-0.215175275362984,2
TCGA-2Y-A9H7-01A,1.62396350868258,-9.58174119668037,5.4642596245207,2
TCGA-2Y-A9H8-01A,7.70567479724219,8.53205578297427,5.03292080355093,2
TCGA-2Y-A9H9-01A,-2.33418379776917,-6.47816301457505,14.5563371550998,2
TCGA-2Y-A9HA-01A,-5.78661791451293,-5.15882310556564,9.29188157159438,2
TCGA-2Y-A9HB-01A,-1.72855619015497,3.16872701368034,-0.66529889251874,2
TCGA-3K-AAZ8-01A,3.97862016732716,-9.22716992327111,-0.211765383550695,2
TCGA-4R-AA8I-01A,-5.75298494954658,-5.15104479003619,7.47495716945263,2
TCGA-5C-AAPD-01A,14.1935823499643,3.21832753649532,2.81252016134051,2
TCGA-5R-AA1C-01A,-5.07058968732298,-8.89537492875409,13.7288449223734,2
TCGA-BC-A10S-01A,10.9266024301518,-9.34802128257442,-8.21929213673818,2
TCGA-BC-A10T-01A,9.76946556585509,-9.89611130552658,-9.21079413846193,2
TCGA-BC-A10U-01A,-7.81264968517242,-2.55307070489867,9.40802225100806,2
TCGA-BC-A10W-01A,-6.46112428915423,-12.2850849534779,8.75893994639238,2
TCGA-BC-A10X-01A,9.23781425120317,-10.8695429390144,-8.58422736811973,2
TCGA-BC-A10Y-01A,15.9754409492978,-6.33531632099816,-4.45812594706176,2
TCGA-BC-A10Z-01A,7.90873113199142,9.606283115987,7.78287506529306,2
TCGA-BC-A110-01A,10.1434120258863,-11.5241515536803,-6.72673705468023,2
TCGA-BC-A216-01A,17.1630253732856,-4.09676965821663,-5.3372736998937,2
TCGA-BC-A217-01A,5.06258482421228,6.53353284913341,3.55295266712386,2
TCGA-BC-A3KF-01A,-8.22593625580789,-4.8806363670401,10.2787956587678,2
TCGA-BC-A3KG-01A,5.59792767816599,6.98646665833933,6.1768747425116,2
TCGA-BC-A5W4-01A,5.80921576692429,-11.1362651677713,4.17579289351364,2
TCGA-BC-A69H-01A,12.1752072724515,3.15383210279795,0.396898072839383,2
TCGA-BC-A69I-01A,10.3113274524852,-11.5361449075406,-7.89912589884068,2
TCGA-BC-A8YO-01A,-8.72694963925951,-4.44051215569986,9.1836461397954,2
TCGA-BD-A2L6-01A,14.4462996137056,-6.92074214915713,-5.6808039084619,2
TCGA-BW-A5NO-01A,10.2114126291997,8.52764134261347,5.00064562562575,2
TCGA-BW-A5NP-01A,14.3217678683792,-10.8342972968415,-3.29448976487976,2
TCGA-BW-A5NQ-01A,5.66109208472019,-0.407813523605937,12.0946433798291,2
TCGA-CC-5258-01A,3.491224492189,10.234236822111,6.2892915802054,2
TCGA-CC-5259-01A,15.9956793598739,-1.81414125898367,-1.33834609111422,2
TCGA-CC-5263-01A,-10.4958018138597,-5.06168827643196,8.84138861765566,2
TCGA-CC-5264-01A,5.05835356589988,-5.2088848656928,12.2501896016595,2
TCGA-CC-A123-01A,14.343906845404,2.40747580143943,1.94289017872277,2
TCGA-CC-A1HT-01A,12.3759198162168,1.827909065245,-8.51857830111358,2
TCGA-CC-A3MB-01A,2.59932745832611,-15.0776074636202,6.31306559150703,2
TCGA-CC-A3MC-01A,13.0077883158083,-8.88784651799256,-12.7142626906253,2
TCGA-CC-A5UD-01A,15.5580135799811,-7.152261273359,-5.33081842183062,2
TCGA-CC-A5UE-01A,8.91524341136966,5.91104471351031,6.86447018636975,2
TCGA-CC-A7IE-01A,17.9798019285026,-9.87651631253499,-4.29618014072943,2
TCGA-CC-A7IF-01A,-6.07129249233283,-2.28690674858621,-1.93842387768885,2
TCGA-CC-A7IG-01A,18.1723465462325,-7.95294070419981,-4.40361470692485,2
TCGA-CC-A7IH-01A,-5.00594415092657,-9.46114146436646,13.2502720082036,2
TCGA-CC-A7IK-01A,-6.70219745890889,-9.1794815832383,14.7239734474364,2
TCGA-CC-A7IL-01A,3.74664141883433,-7.33396018000973,-0.791584063100884,2
TCGA-CC-A8HS-01A,13.0639646543169,-11.8007319948227,-8.38859290610213,2
TCGA-CC-A8HT-01A,5.41090047485506,1.15195770849218,12.0095670387946,2
TCGA-CC-A8HU-01A,10.0505024319862,3.47762800664262,4.38399547947977,2
TCGA-CC-A8HV-01A,18.3160154391479,-9.77441054869905,-5.43259346443641,2
TCGA-CC-A9FS-01A,-1.40052067022368,-11.2640974252985,7.3973632930105,2
TCGA-CC-A9FU-01A,9.81974175520272,8.49388572149191,10.6293956004433,2
TCGA-CC-A9FW-01A,-2.28537828677558,-8.10536655920334,10.8788146893009,2
TCGA-DD-A113-01A,-3.31128480758723,3.12940052519474,1.02334886199558,2
TCGA-DD-A116-01A,6.20279471533398,-12.961855216367,-4.46456713011341,2
TCGA-DD-A119-01A,11.5083499950131,-7.91783743030628,-12.8923612870115,2
TCGA-DD-A11A-01A,4.43180081905865,-11.5891667703837,-9.84804078798671,2
TCGA-DD-A11D-01A,-3.80037510161229,-8.8862206781236,4.94197532739351,2
TCGA-DD-A1EA-01A,-6.89260743371926,-5.14542650856624,10.1905167691164,2
TCGA-DD-A1EB-01A,-6.88456854405659,-7.66966376475217,8.13244730164809,2
TCGA-DD-A1EC-01A,2.7268745401062,-9.60199929006822,12.1470838637865,2
TCGA-DD-A1ED-01A,5.73443716570853,-11.5326231330693,-8.87118275050735,2
TCGA-DD-A1EE-01A,0.488645189375192,-8.33230948114482,10.9780545281474,2
TCGA-DD-A1EF-01A,2.99413961944618,12.0924406813132,5.75243551637895,2
TCGA-DD-A1EJ-01A,-2.95756100148422,-9.50322279373618,10.0623649659468,2
TCGA-DD-A1EK-01A,-8.83817331180877,-0.76546771415649,-1.61302693996386,2
TCGA-DD-A1EL-01A,6.36487493662737,8.70068339668056,6.41197695518604,2
TCGA-DD-A39V-01A,4.33068706338091,-2.83259153922429,12.4277238335525,2
TCGA-DD-A39W-01A,-5.59583996597955,-6.96447132413678,15.8289919441611,2
TCGA-DD-A39X-01A,15.3849234487697,-11.0723610092537,-4.70367457653131,2
TCGA-DD-A39Y-01A,8.75938416983889,5.71296869178326,3.99409014693733,2
TCGA-DD-A39Z-01A,16.0234380785487,0.356483267789413,1.09795909791914,2
TCGA-DD-A3A1-01A,1.6058945526153,-9.59159806811936,3.85309545528433,2
TCGA-DD-A3A2-01A,1.61026685291735,-15.2193236836934,4.71123874436746,2
TCGA-DD-A3A3-01A,2.57779189982393,1.93886565773128,11.8451292548297,2
TCGA-DD-A3A4-01A,10.2791782205062,7.57794751878831,6.81053617111793,2
TCGA-DD-A3A5-01A,16.8876893027052,-2.32578063034516,0.157452434255184,2
TCGA-DD-A3A6-01A,11.968779711928,4.53684618379401,-8.38763676053036,2
TCGA-DD-A3A7-01A,1.43583100954879,3.7639686659623,1.70177938926758,2
TCGA-DD-A3A8-01A,-5.04786495781622,-7.07457771839982,13.0816850958982,2
TCGA-DD-A3A9-01A,10.6790187878025,-10.0184547354573,-14.1779991476418,2
TCGA-DD-A4NF-01A,-4.68335758059727,-7.64034901777513,13.7759697568526,2
TCGA-DD-A4NG-01A,-0.915993085264306,-10.1359642689478,7.53911526058279,2
TCGA-DD-A4NI-01A,7.83979992610676,-9.72793923554798,-7.33160117503791,2
TCGA-DD-A4NK-01A,-5.48145750861905,-4.89103933322701,6.71409822221386,2
TCGA-DD-A4NL-01A,5.19599737041114,-11.4695830594875,-9.01484499632563,2
TCGA-DD-A4NN-01A,13.4415477554551,-9.76023379667881,-8.32312776523528,2
TCGA-DD-A4NO-01A,6.53882208400234,-10.6055328763465,-4.5017746843771,2
TCGA-DD-A4NP-01A,2.38921130510685,-12.8334831871062,10.228184361799,2
TCGA-DD-A4NQ-01A,5.3350597411212,-1.97252918579041,10.0172391573879,2
TCGA-DD-A73A-01A,-7.34653921944308,-2.64778040251432,9.5078755289853,2
TCGA-DD-A73B-01A,-3.7982030154929,-8.81546147354468,12.3500799255442,2
TCGA-DD-A73C-01A,-4.95205207560145,-7.17729090056862,5.76100512235886,2
TCGA-DD-A73D-01A,-0.0561341490679202,-6.26828061356223,13.1324347018636,2
TCGA-DD-A73E-01A,0.122821100197836,-8.35081619577337,10.038799350504,2
TCGA-DD-A73F-01A,-8.32631946548457,-3.21034272381007,8.20225122113665,2
TCGA-DD-A73G-01A,6.15788476462238,9.79159828731886,4.41777798349037,2
TCGA-DD-AAC8-01A,-4.80322244634877,-7.35550291780827,13.6481249845952,2
TCGA-DD-AACA-01A,-1.64211487535356,-9.93488889550602,9.95147900499022,2
TCGA-DD-AACB-01A,7.52763278907572,9.54163319534477,4.83563503151655,2
TCGA-DD-AACC-01A,16.0495155641802,-1.01190307348689,0.650696420568412,2
TCGA-DD-AACD-01A,2.57258256180058,-10.4194939506566,10.1450829692843,2
TCGA-DD-AACE-01A,-7.26190753929666,-0.467379853471909,-1.31715434339579,2
TCGA-DD-AACF-01A,5.13123917258613,-9.96518439465617,1.33225930221059,2
TCGA-DD-AACG-01A,9.6631304670427,6.87327325201879,5.46404078407012,2
TCGA-DD-AACH-01A,3.47414951253729,-4.7861021987318,11.8871856704565,2
TCGA-DD-AACI-01A,1.13542236570954,-1.52315055825365,1.51051061268865,2
TCGA-DD-AACJ-01A,3.40298132985531,-7.95590203415056,-0.567373265244029,2
TCGA-DD-AACK-01A,-0.178412498229864,-14.1842212621549,5.70847122249544,2
TCGA-DD-AACL-01A,7.34696136210145,10.4936164513662,8.36942410368374,2
TCGA-DD-AACN-01A,11.6632940878248,-9.00263177163967,-7.00557899418514,2
TCGA-DD-AACP-01A,5.90805009412135,-0.688357844276304,11.7741322780914,2
TCGA-DD-AACQ-01A,17.2756772423214,-5.28099627284018,-3.7318485943742,2
TCGA-DD-AACS-01A,13.2180418204247,-9.14472434354292,-3.60509140276125,2
TCGA-DD-AACT-01A,0.774608552219744,-6.103247588302,-0.684534556064299,2
TCGA-DD-AACU-01A,-3.78401517845141,4.63959344520038,-0.97372149341978,2
TCGA-DD-AACV-01A,-9.39670190992636,-4.29276731865807,10.580314216783,2
TCGA-DD-AACW-01A,4.8523922858933,-11.2332308484787,2.60166030857511,2
TCGA-DD-AACX-01A,5.63826775266072,8.2599660737851,6.2748582307524,2
TCGA-DD-AACY-01A,14.9301438941046,-8.64285603422996,-4.04807783139835,2
TCGA-DD-AACZ-01A,10.3268606464169,6.82730798019235,7.06340138163305,2
TCGA-DD-AAD0-01A,3.40829348475918,-9.33953500637564,5.65000265859536,2
TCGA-DD-AAD3-01A,8.83674440915228,-10.7944181953124,-11.2488873023842,2
TCGA-DD-AAD5-01A,1.44753056524229,3.24668588666016,0.507816324538925,2
TCGA-DD-AAD6-01A,11.3351538920487,-10.8266939885178,-2.97409401012271,2
TCGA-DD-AAD8-01A,14.5789747540252,-8.62823918383823,-4.57540505752823,2
TCGA-DD-AADA-01A,7.60839589097068,-10.3536923162058,-9.78176431041856,2
TCGA-DD-AADB-01A,9.54944195365045,8.63444665628064,11.443510754002,2
TCGA-DD-AADC-01A,13.2911872217926,1.50279345519344,1.30866857886406,2
TCGA-DD-AADD-01A,9.31321223178831,9.25850406948079,5.11990363345172,2
TCGA-DD-AADF-01A,16.1188090552957,-1.19497135660901,-0.621246638592877,2
TCGA-DD-AADG-01A,0.275586829890426,-9.79381208996112,7.27283800207847,2
TCGA-DD-AADI-01A,17.3129100560209,-11.9216521566827,-6.18128638072592,2
TCGA-DD-AADJ-01A,5.20943166786801,-8.53142277206983,2.96293464740085,2
TCGA-DD-AADK-01A,12.5590632577598,-8.6706546784358,-12.5300365648897,2
TCGA-DD-AADL-01A,1.39887319187445,-14.4402160960643,5.62961510829313,2
TCGA-DD-AADM-01A,1.33142346114636,-4.18952696445497,11.5455899783445,2
TCGA-DD-AADN-01A,10.8420879093577,8.50814722708872,5.18386790302772,2
TCGA-DD-AADO-01A,9.03034947223787,7.06193871934993,3.71181617084025,2
TCGA-DD-AADP-01A,-4.95817715513626,-3.27088453652307,6.37340863155259,2
TCGA-DD-AADQ-01A,5.67985036962807,-12.0459584084452,2.77921814595656,2
TCGA-DD-AADR-01A,0.806396343409246,-9.4409387851755,8.93989560117469,2
TCGA-DD-AADS-01A,3.59495268902313,-11.9532924015774,0.417117911810702,2
TCGA-DD-AADU-01A,7.66944995180251,-11.4324486391093,-5.99660425834653,2
TCGA-DD-AADY-01A,13.3911009013548,-10.0780837358664,-9.88906650196611,2
TCGA-DD-AAE0-01A,11.3516876615035,3.9291594241348,-7.87485892570255,2
TCGA-DD-AAE1-01A,4.3394862921806,-9.84618439669671,4.79831697306297,2
TCGA-DD-AAE3-01A,11.6018345352108,-11.516975990331,-7.70833647129875,2
TCGA-DD-AAE4-01A,17.7058555143218,-9.41834424362171,-3.63361285379819,2
TCGA-DD-AAE6-01A,9.07748267452702,5.67829694323562,6.0227812417223,2
TCGA-DD-AAE7-01A,9.53905989581697,-10.0676087375436,-9.20556696171074,2
TCGA-DD-AAE9-01A,-5.38238999173693,-8.0543569852163,13.5278812540793,2
TCGA-DD-AAEA-01A,2.66564151092359,-9.41400165012091,-0.258078752181921,2
TCGA-DD-AAEB-01A,0.76394195395775,-6.60425185917129,11.0368569732197,2
TCGA-DD-AAED-01A,12.537835176224,3.51546765857942,1.98844088465888,2
TCGA-DD-AAEE-01A,3.9583623167414,-13.4302893069692,-3.3713996937737,2
TCGA-DD-AAEG-01A,-0.89539154469072,-2.28455406979443,-1.37678222296554,2
TCGA-DD-AAEH-01A,15.3097315023975,-12.2553557110553,-4.61735752112136,2
TCGA-DD-AAEI-01A,0.221711576017743,-15.0613282999307,5.04871512164601,2
TCGA-DD-AAVP-01A,2.91877016543984,-12.1523308519218,4.9865669540942,2
TCGA-DD-AAVQ-01A,-0.683734806560534,4.35681489891319,7.92765726223389,2
TCGA-DD-AAVU-01A,3.03253391980691,-14.2718839000947,2.54397338949195,2
TCGA-DD-AAVV-01A,0.132252960983212,-2.08827388108697,0.963026061417595,2
TCGA-DD-AAVX-01A,2.34854733005303,-10.7494488396894,9.69278500989716,2
TCGA-DD-AAVY-01A,-6.04135137758647,-4.66246879364681,9.30051903693791,2
TCGA-DD-AAVZ-01A,-3.34170989310218,6.00907683124172,-4.12278224597061,2
TCGA-DD-AAW1-01A,-10.7144573694847,-10.2229321275146,9.36995479173985,2
TCGA-DD-AAW2-01A,0.0344794716050281,-14.0411020631012,4.76358888764821,2
TCGA-DD-AAW3-01A,5.97138929795203,-11.9011164850031,3.89682654969572,2
TCGA-ED-A459-01A,3.83670415297026,-4.98099331673702,11.6032742347602,2
TCGA-ED-A66Y-01A,-10.7344871248503,-5.21216058965318,10.6040343402211,2
TCGA-ED-A7PY-01A,15.9521771334126,-9.16746627411629,-5.05611684262321,2
TCGA-ED-A7PZ-01A,6.67734742585122,7.97183833520487,7.12799864551878,2
TCGA-ED-A7XO-01A,11.6608342510615,3.75665335414557,-4.27246462707743,2
TCGA-ED-A8O5-01A,-3.66701914530559,6.76068926126801,-9.31499523794868,2
TCGA-EP-A12J-01A,-8.9758007239587,-8.99006380002962,11.6773106132255,2
TCGA-EP-A26S-01A,1.11695891179336,-12.9783702482021,8.26867191408674,2
TCGA-EP-A2KA-01A,10.4544442879436,5.83074996596621,7.17310168288529,2
TCGA-EP-A2KB-01A,16.7820000143129,-3.44216522742226,-1.91904342155628,2
TCGA-EP-A2KC-01A,0.520234584311876,-7.8923663403408,7.87442513397221,2
TCGA-EP-A3JL-01A,-0.736831821457079,-0.0916278335135441,0.464766397882873,2
TCGA-EP-A3RK-01A,-1.61034429635727,-7.79545080940191,8.91064894040146,2
TCGA-ES-A2HS-01A,9.63449811758839,-11.5279014075528,-8.00755518502244,2
TCGA-ES-A2HT-01A,2.36859374432514,1.68895155692767,1.57211285906724,2
TCGA-FV-A23B-01A,7.97998603198155,-10.0013440378375,-4.22458037570994,2
TCGA-FV-A2QQ-01A,1.64313255985815,-6.0746199532884,-0.138759724434712,2
TCGA-FV-A2QR-01A,-4.47162840389937,-8.14410744320805,5.79968560837539,2
TCGA-FV-A3R2-01A,0.669591172397068,-15.8538083149329,6.25667509201312,2
TCGA-FV-A496-01A,14.5992083493379,-5.02498301382727,-4.38666962845228,2
TCGA-FV-A4ZP-01A,-2.14145609881944,3.1426423505304,8.06368192657459,2
TCGA-FV-A4ZQ-01A,7.2873660472716,10.3871267237917,8.58524936900062,2
TCGA-G3-A25S-01A,5.57162690429475,7.8181575227302,5.70364518517329,2
TCGA-G3-A25U-01A,12.2218707316623,-8.60278280022582,-3.58883433550502,2
TCGA-G3-A25Z-01A,9.1767017146083,-9.62831025700963,-2.48407006181953,2
TCGA-G3-A3CG-01A,5.0446654134409,-10.7236310673271,-2.30665307676455,2
TCGA-G3-A3CH-01A,-5.05493068389923,-6.04775925855232,5.89937807931749,2
TCGA-G3-A3CI-01A,-11.0673183681773,-8.8566792512607,10.2404540984319,2
TCGA-G3-A3CJ-01A,9.00256273669587,-12.3048030375453,-3.1042719920961,2
TCGA-G3-A3CK-01A,1.26016610228385,-10.5435378592402,9.13654610938838,2
TCGA-G3-A5SI-01A,8.52765546681553,6.59135328087856,6.46638032180245,2
TCGA-G3-A5SJ-01A,10.3975879615271,8.92524414823318,4.26176683420225,2
TCGA-G3-A5SK-01A,11.5185876018754,-11.0929118886922,-6.6080597460702,2
TCGA-G3-A5SL-01A,-4.63190966618079,-9.87396013602823,11.5553212628696,2
TCGA-G3-A6UC-01A,-8.37929208071255,-7.81148550420278,8.78176683366066,2
TCGA-G3-A7M5-01A,6.50208081444625,-12.4434620030338,-2.23900222123219,2
TCGA-G3-A7M6-01A,11.1773322033056,2.47046123143327,-6.61607583007885,2
TCGA-G3-A7M7-01A,2.52936242412536,3.14201273131905,9.84210422296939,2
TCGA-G3-A7M8-01A,11.887283704998,-10.5979261899065,-7.04128165845613,2
TCGA-G3-A7M9-01A,12.3001435693193,4.81611939287703,3.06823351166248,2
TCGA-G3-AAUZ-01A,11.1261163338934,-10.1806313674723,-5.87749923477459,2
TCGA-G3-AAV0-01A,13.572048886329,-9.84334787216658,-5.96960394466504,2
TCGA-G3-AAV1-01A,-6.08572876762544,-9.75843181595235,8.70220156320823,2
TCGA-G3-AAV2-01A,-4.64769252777495,-7.83469954071803,12.5053013349642,2
TCGA-G3-AAV3-01A,3.67096346421857,-3.08736033062321,11.9838821531988,2
TCGA-G3-AAV4-01A,-2.75190431228436,-7.28518159363754,13.9924882958124,2
TCGA-G3-AAV5-01A,2.94186188872782,-4.04052572522941,11.2596549424485,2
TCGA-G3-AAV6-01A,2.77040798186226,-1.11771518505608,11.9163511037029,2
TCGA-G3-AAV7-01A,10.4282390192968,7.20934692266736,9.40489834488486,2
TCGA-GJ-A6C0-01A,-4.77925062880117,-7.35404130278733,12.952513827444,2
TCGA-K7-A5RF-01A,-5.90143157907486,-4.10945686034473,5.48170834631593,2
TCGA-K7-A5RG-01A,9.99343583057532,9.61695868505831,7.11700535438859,2
TCGA-K7-A6G5-01A,16.3552579349087,-0.663460996260166,-0.652709931629673,2
TCGA-KR-A7K0-01A,7.83538825629197,-13.1897018044335,-4.90647446523283,2
TCGA-KR-A7K2-01A,2.249101607382,2.79429068971107,1.84516300940626,2
TCGA-KR-A7K7-01A,3.89074042345096,0.525741882750152,11.5651265512389,2
TCGA-KR-A7K8-01A,-4.49156185708811,2.45180644146149,7.28563297806625,2
TCGA-LG-A6GG-01A,3.32305602987658,-14.5328619408119,5.62972175036638,2
TCGA-LG-A9QC-01A,-1.25071402481593,-1.28331780327533,0.0446181255037354,2
TCGA-LG-A9QD-01A,11.3468274216415,-11.8369301750743,-5.29190366238935,2
TCGA-MI-A75C-01A,15.8887142032214,-0.708895915685779,-0.729518351726288,2
TCGA-MI-A75G-01A,8.52116917488686,-10.5245385355888,-5.57154886725549,2
TCGA-MI-A75H-01A,-0.940334954250499,-3.35461173929134,11.069847646596,2
TCGA-MI-A75I-01A,2.25603485533494,-10.2551083794525,0.624971508827905,2
TCGA-MR-A520-01A,-8.51187176137272,-3.54459458755285,7.38327687149361,2
TCGA-NI-A4U2-01A,5.53113875078203,-11.2646483917846,-6.57417785430934,2
TCGA-NI-A8LF-01A,-6.03944311282302,-11.3077123040116,6.6861926139432,2
TCGA-O8-A75V-01A,-1.25304647612874,-0.18022662873061,2.63131305862829,2
TCGA-QA-A7B7-01A,-9.11093713565538,1.69907318012006,1.8737501071231,2
TCGA-RC-A6M3-01A,10.7441647566605,5.03404570660233,3.18678586514216,2
TCGA-RC-A6M4-01A,1.08049645167073,-6.22426840003775,11.4388536168481,2
TCGA-RC-A6M6-01A,-1.00102894865731,3.78420156862288,8.30542125205119,2
TCGA-RC-A7S9-01A,14.134091689121,3.90511270687108,3.23643289466259,2
TCGA-RC-A7SB-01A,4.70384336286793,-10.2893775501205,-4.56068365516116,2
TCGA-RC-A7SF-01A,-2.70939337593022,2.81217385522392,8.14319173816062,2
TCGA-RC-A7SH-01A,12.4083350731494,-9.4384476444705,-7.11212088883803,2
TCGA-RC-A7SK-01A,-7.431739988053,-1.64778691535009,0.576680997669005,2
TCGA-RG-A7D4-01A,4.71541352353284,-1.03098278444397,12.26659311984,2
TCGA-T1-A6J8-01A,-1.13293117468055,2.18382314062707,0.262309749645371,2
TCGA-UB-A7MA-01A,-3.03036358299258,6.52399074317605,-1.76967417251307,2
TCGA-UB-A7MB-01A,-7.87379569009283,-6.36400910349935,9.52321506454733,2
TCGA-UB-A7MC-01A,-7.92074830937781,-8.08639461801752,7.81332667284496,2
TCGA-UB-A7MD-01A,6.67340146878929,-12.8060718845766,-6.57908582142387,2
TCGA-UB-A7MF-01A,13.2801617442769,2.9160464605322,2.10577370573618,2
TCGA-WJ-A86L-01A,-8.90881908730104,-0.844372911062964,-0.507896962426593,2
TCGA-WQ-A9G7-01A,9.47119648842626,4.95375576544019,-9.30055199539337,2
TCGA-WQ-AB4B-01A,-2.47149597138258,-1.75195285111101,2.61551755618398,2
TCGA-WX-AA44-01A,12.6105483187812,-10.6144448315299,-10.2067340941943,2
TCGA-WX-AA46-01A,1.57874411236391,-14.0624572304701,5.47670628633166,2
TCGA-WX-AA47-01A,14.5007612307189,-9.31014838884463,-3.8343843519331,2
TCGA-XR-A8TC-01A,-8.92654782166837,1.09425891814587,-2.54132574148945,2
TCGA-XR-A8TE-01A,3.5540892700407,-3.30936083683136,14.1647564007632,2
TCGA-XR-A8TF-01A,-1.12432648982408,-12.6439832214414,7.33591671881251,2
TCGA-XR-A8TG-01A,18.4761055772292,-3.49742340823732,-6.38052888374643,2
TCGA-YA-A8S7-01A,9.76796726420195,8.10085519202326,10.3946695175646,2
TCGA-ZP-A9CV-01A,-1.33281192910647,2.3231724442973,-0.627770705160199,2
TCGA-ZP-A9CZ-01A,-3.5751583606523,-9.4804874424518,8.47924495607579,2
TCGA-ZP-A9D0-01A,-2.89416852865977,5.81152254248573,-2.26743196765391,2
TCGA-ZP-A9D1-01A,-4.80943106040655,-7.63067514291542,5.50995868714934,2
TCGA-ZP-A9D2-01A,-11.0367046936016,1.84114178300689,-2.80913323077768,2
TCGA-ZP-A9D4-01A,-9.64479005781473,0.175069808991516,1.6218358316033,2
TCGA-ZS-A9CE-01A,13.3716063604879,-3.80747607881695,-5.57703982777127,2
TCGA-ZS-A9CF-01A,18.5099165009926,-3.47488348783332,-4.71510604374593,2
TCGA-ZS-A9CG-01A,-7.31073369576703,-7.66362492434084,14.071168884982,2
