Sample,X,Y,Z,Cluster
TCGA-2V-A95S-01A,60.4986882542497,-47.0259400951049,2.05227475978476,1
TCGA-2Y-A9GS-01A,61.0565601815228,-55.0442041874936,6.01072117914388,1
TCGA-2Y-A9GW-01A,54.318318861241,-57.6796896771016,0.620664633184331,1
TCGA-2Y-A9H0-01A,63.7564423974842,-45.1060214417603,0.568111154230296,1
TCGA-2Y-A9H9-01A,58.9098449973665,-48.20749477843,7.54836766171894,1
TCGA-5C-A9VG-01A,62.7505255199579,-41.4887789749775,-4.52106908754654,1
TCGA-5C-AAPD-01A,61.8596367888932,-43.0155110889984,-3.27708350821564,1
TCGA-BC-4073-01B,54.8801428805082,-56.1197288815699,3.91807333576119,1
TCGA-BC-A10R-01A,57.6309673446482,-41.4274390243771,-1.99003696966246,1
TCGA-BC-A10Y-01A,54.6240985638782,-55.4083574191206,4.25201609430622,1
TCGA-BC-A10Z-01A,60.9247827381212,-53.4390722241049,6.15952410664157,1
TCGA-BC-A216-01A,54.63810566599,-55.8365980624515,4.06700896399393,1
TCGA-BC-A217-01A,55.858758222143,-54.3696731967098,4.55006861787615,1
TCGA-BD-A3EP-01A,53.8223080216931,-57.9650410903696,1.77847399840901,1
TCGA-BW-A5NO-01A,60.7387284650449,-49.2413819330553,4.50343763649149,1
TCGA-BW-A5NQ-01A,62.6378646830823,-45.1491723693102,1.48630793968101,1
TCGA-CC-5258-01A,60.830331409432,-53.2311154738029,6.09049866900137,1
TCGA-CC-5263-01A,54.4153564133717,-57.0567838359215,1.22780904299568,1
TCGA-CC-5264-01A,62.4624374422849,-44.9621759302045,0.330879350986093,1
TCGA-CC-A1HT-01A,60.8210668897425,-46.2276937782874,1.39377648462137,1
TCGA-CC-A3MB-01A,61.5362013315427,-43.1032798751538,-2.85658444070937,1
TCGA-CC-A3MC-01A,60.5554943083974,-48.3706428651511,8.91056871774794,1
TCGA-CC-A5UD-01A,60.8856065788444,-43.8831958147437,-5.51121984806422,1
TCGA-CC-A5UE-01A,62.1861083628056,-43.6678194905303,-4.44028805157111,1
TCGA-CC-A7IF-01A,57.4605564540754,-47.663995561151,9.84448007267592,1
TCGA-CC-A7IH-01A,54.3564111087939,-47.4162446198778,10.069865750969,1
TCGA-CC-A7IK-01A,62.6443618705373,-51.0638314557224,8.54438468327449,1
TCGA-CC-A7IL-01A,60.5708019204635,-49.3231986402673,9.82526679669638,1
TCGA-CC-A8HT-01A,55.7922810302487,-41.7888688297024,0.74907320687804,1
TCGA-CC-A8HU-01A,61.7855515559501,-45.1963880212038,2.09148945466415,1
TCGA-CC-A9FW-01A,56.043561392089,-46.6740835482165,9.26861176354958,1
TCGA-DD-A11A-01A,60.9205449645055,-50.1448684486517,6.21989566319678,1
TCGA-DD-A1EC-01A,60.5128061825612,-47.9019725905156,2.89961413651321,1
TCGA-DD-A1EE-01A,61.3914157431799,-49.5223209884816,8.92469703215154,1
TCGA-DD-A1EI-01A,65.7974639872125,-45.3676914452222,-0.364285624795683,1
TCGA-DD-A1EJ-01A,56.2740237459381,-41.6672281776237,-0.677630759926344,1
TCGA-DD-A1EL-01A,63.0754402943892,-45.6055957304501,-5.5131655104697,1
TCGA-DD-A3A4-01A,60.9157875443605,-47.9403375350307,5.47064837604047,1
TCGA-DD-A3A5-01A,59.1687878514989,-47.2946943464032,9.41317051904499,1
TCGA-DD-A4NA-01A,60.8474135403345,-54.6101049860126,5.91488242740453,1
TCGA-DD-A4NF-01A,59.3682350683514,-49.8534522636132,6.88322815544238,1
TCGA-DD-A4NG-01A,59.8616036831693,-45.8878927817664,7.56398904761383,1
TCGA-DD-A4NH-01A,59.9592187472218,-45.0705077728045,7.52626401889328,1
TCGA-DD-A4NO-01A,63.6743049860052,-53.0008674314655,6.94523349020694,1
TCGA-DD-A4NQ-01A,61.7123806032082,-43.8944947327352,-4.80332370132198,1
TCGA-DD-AAC8-01A,60.8527899304128,-42.6050926378322,-2.09643966308054,1
TCGA-DD-AACE-01A,60.3997792455643,-49.4519596299335,6.83799323620449,1
TCGA-DD-AACH-01A,60.0603866874403,-47.5777576569204,8.79717861303124,1
TCGA-DD-AACS-01A,61.1548038548806,-49.4394248744618,9.41114894780285,1
TCGA-DD-AACT-01A,56.2215632588314,-41.7605454334514,-0.494478755383285,1
TCGA-DD-AACU-01A,60.4402454335076,-53.6332010370593,6.15242520658763,1
TCGA-DD-AACX-01A,64.3373554411477,-51.9843856847109,7.70405205814919,1
TCGA-DD-AACY-01A,55.7591161167434,-42.6458840518918,0.775145421356173,1
TCGA-DD-AACZ-01A,63.2177075272345,-45.8318698282697,-5.54245888643012,1
TCGA-DD-AAD2-01A,61.1885570446763,-55.050014562969,5.96714807710417,1
TCGA-DD-AAD8-01A,59.4947976684179,-46.9590429776906,7.83648704672897,1
TCGA-DD-AADC-01A,62.2169320409331,-42.93491228064,0.198170164847632,1
TCGA-DD-AADD-01A,63.7001358565219,-52.3199537317226,7.46568445891853,1
TCGA-DD-AAE1-01A,52.9136933579406,-47.5768904490449,10.8915036778488,1
TCGA-DD-AAE6-01A,62.9659207567467,-41.1520071263865,-4.78947550932078,1
TCGA-DD-AAE9-01A,62.3543131862379,-45.100499851588,1.70338018122296,1
TCGA-DD-AAED-01A,66.3874663210064,-45.5472588851257,-0.513662321750135,1
TCGA-DD-AAEE-01A,62.2792852133159,-51.1728926090417,6.99475661483909,1
TCGA-DD-AAEG-01A,61.4623751149947,-49.7133587341238,9.87449370381572,1
TCGA-DD-AAEH-01A,56.6147868523345,-46.2001617565876,8.22445794817222,1
TCGA-DD-AAEI-01A,61.4963208100834,-45.7912414946591,3.70739432614829,1
TCGA-DD-AAVV-01A,59.3091976623679,-41.7240581628331,-2.48171992854313,1
TCGA-DD-AAVX-01A,60.5664907274491,-48.1171433400024,6.82386224885532,1
TCGA-DD-AAW3-01A,53.2628010811533,-47.5143631566464,10.6592729993949,1
TCGA-ED-A459-01A,61.9846601888551,-45.3932453547039,2.70068314896565,1
TCGA-ED-A66Y-01A,56.7828157993432,-47.6843616777571,5.79965854222979,1
TCGA-ED-A7XP-01A,61.2316000158184,-50.0975947289094,7.20422667655073,1
TCGA-EP-A2KA-01A,53.889478504878,-57.9889259636989,1.63621835399822,1
TCGA-EP-A2KC-01A,61.2503889819988,-43.1857302429446,0.891896547123483,1
TCGA-EP-A3JL-01A,61.7459143531664,-43.2228463508614,-3.17392763335145,1
TCGA-EP-A3RK-01A,59.4485374089894,-41.7261498652573,-2.6392541695278,1
TCGA-FV-A2QR-01A,57.005728872879,-47.809207552903,5.85907422966293,1
TCGA-FV-A3I1-01A,57.1454914553995,-57.0775692879155,4.86404543038095,1
TCGA-G3-A25V-01A,54.0843746675359,-58.4109497513211,0.781331856597555,1
TCGA-G3-A25Z-01A,62.5316821322448,-43.3803383854368,-4.32394429806579,1
TCGA-G3-A5SM-01A,57.3705804531292,-56.9552516266114,5.0609645586061,1
TCGA-G3-AAV5-01A,61.7198493895862,-42.6243088509363,0.209727446062521,1
TCGA-G3-AAV7-01A,65.0627567032502,-45.1932371704903,-0.107195165604597,1
TCGA-HP-A5MZ-01A,63.2831987605804,-45.0166177763106,3.25310464039401,1
TCGA-K7-A5RG-01A,61.3386940559768,-55.8327839190371,6.00991681558515,1
TCGA-K7-A6G5-01A,56.4497512836365,-59.1142189803316,4.57045956277179,1
TCGA-KR-A7K0-01A,59.5102425313292,-47.7006536744494,8.79307675238206,1
TCGA-KR-A7K8-01A,57.0547650399265,-46.1585219037564,7.91926142642986,1
TCGA-LG-A6GG-01A,59.324388874005,-49.1893159606984,7.13158589612978,1
TCGA-MI-A75E-01A,61.082899834203,-45.9731835229485,3.55470701602173,1
TCGA-MI-A75G-01A,63.0154458949262,-45.3286888056826,1.46878963875374,1
TCGA-MR-A8JO-01A,52.0405192660885,-57.6948832177941,2.08574369763596,1
TCGA-NI-A4U2-01A,61.1145363739601,-46.9164697014519,5.17381979556163,1
TCGA-PD-A5DF-01A,55.3530209454469,-56.7662924100706,3.66269654780996,1
TCGA-RC-A6M3-01A,53.800752154521,-57.9829294046755,1.77688951570794,1
TCGA-RC-A6M6-01A,60.8247971693658,-51.0301344612402,4.84034791560755,1
TCGA-RC-A7S9-01A,55.8044718518073,-42.3725513295885,0.64193143284259,1
TCGA-RG-A7D4-01A,60.8414291661017,-42.966757821585,0.954974021402131,1
TCGA-T1-A6J8-01A,56.5199721698455,-59.0922695385932,4.59346320895767,1
TCGA-UB-A7MD-01A,60.851874561483,-46.2467745281517,2.69796090652573,1
TCGA-XR-A8TG-01A,59.2712231710147,-53.6019982761911,6.60130601956065,1
TCGA-ZP-A9CZ-01A,57.3592497687887,-47.5567688677465,9.85651549008595,1
TCGA-2Y-A9GY-01A,-108.570544992862,117.086734098769,-25.4015520033745,2
TCGA-2Y-A9H1-01A,-109.838025496342,121.025892099063,-23.6760388925062,2
TCGA-2Y-A9H2-01A,-104.457152063925,118.803798294803,-23.7901785444186,2
TCGA-2Y-A9H3-01A,-109.643499443692,118.185651983643,-25.1074228455777,2
TCGA-5C-A9VH-01A,-101.863855984582,116.411494175153,-29.6091317673018,2
TCGA-BC-4072-01B,-102.787897012241,119.25881426053,-24.0595637673753,2
TCGA-BC-A10Q-01A,-106.851495937162,116.30375637484,-22.8170198149033,2
TCGA-BC-A110-01A,-98.807058492032,110.538877496552,-31.4746944327916,2
TCGA-BC-A112-01A,-104.993421079283,124.068559873466,-20.9132488964256,2
TCGA-BC-A5W4-01A,-100.333943199748,109.649885668495,-26.7157921494591,2
TCGA-BC-A69H-01A,-109.197821023186,117.969527267786,-24.4257074589523,2
TCGA-BW-A5NP-01A,-97.0465416721664,109.726343448019,-27.4789992456219,2
TCGA-CC-5259-01A,-107.972812523876,117.672532701861,-22.5459030011445,2
TCGA-CC-5260-01A,-106.493387773961,122.006505134586,-19.1116453727588,2
TCGA-CC-5262-01A,-97.695403373344,109.23312967386,-31.9663732206078,2
TCGA-CC-A123-01A,-109.261131678529,117.817217303173,-22.5354581356324,2
TCGA-CC-A3M9-01A,-102.648833979355,115.548800162416,-29.8364508139866,2
TCGA-CC-A3MA-01A,-103.775193258501,115.944885623132,-23.1057326865174,2
TCGA-CC-A5UC-01A,-97.7755763807455,115.397103152521,-31.4619241241712,2
TCGA-CC-A7IE-01A,-98.5792544229584,115.929180773372,-32.0913330059799,2
TCGA-CC-A7IG-01A,-101.573641179532,120.263163377215,-29.1556077862038,2
TCGA-CC-A7II-01A,-106.232835528568,125.351198001544,-25.6532367507868,2
TCGA-CC-A7IJ-01A,-102.704133459071,115.367708184222,-29.9188189739617,2
TCGA-CC-A8HV-01A,-94.7126125238496,117.10944643814,-32.7391840956009,2
TCGA-CC-A9FU-01A,-106.99265537245,124.175441488793,-24.9889345271306,2
TCGA-CC-A9FV-01A,-109.908553394783,117.305911559607,-20.2699936079706,2
TCGA-DD-A116-01A,-95.2683174282434,109.388882166424,-28.7972905984727,2
TCGA-DD-A119-01A,-97.1758458137748,114.572721411081,-30.4179091343267,2
TCGA-DD-A1EF-01A,-107.118869824514,123.719329653955,-23.3780971478758,2
TCGA-DD-A1EG-01A,-99.5569896702668,116.784694780676,-30.3056451477381,2
TCGA-DD-A39V-01A,-96.9250730355635,115.675332825756,-28.8765346882023,2
TCGA-DD-A39X-01A,-108.164095361246,117.129959819072,-22.7353206398758,2
TCGA-DD-A39Y-01A,-96.6199395536698,113.376475461006,-31.2465668704517,2
TCGA-DD-A39Z-01A,-97.7419409095521,109.596026102381,-31.9286601581351,2
TCGA-DD-A3A3-01A,-101.162119111581,119.306120098601,-29.2254928068008,2
TCGA-DD-A3A6-01A,-109.678808412246,117.656119726798,-20.9695837035458,2
TCGA-DD-A3A7-01A,-109.713920804216,121.046430652561,-23.5763986495795,2
TCGA-DD-A3A9-01A,-100.913944218447,116.893974914405,-29.6782956518423,2
TCGA-DD-A4NN-01A,-105.888492333006,119.085606917684,-26.0786629221811,2
TCGA-DD-A73G-01A,-108.939719120087,119.27991910067,-24.5781812610399,2
TCGA-DD-AA3A-01A,-105.068456261998,116.937773050742,-23.4649938648621,2
TCGA-DD-AAC9-01A,-102.352322219305,122.243643630061,-23.392260604172,2
TCGA-DD-AACB-01A,-110.537030503189,117.814987465296,-24.3112512049529,2
TCGA-DD-AACC-01A,-99.8662081233023,109.817597550987,-26.4852553533626,2
TCGA-DD-AACD-01A,-96.8903455543434,114.388773751613,-30.3635035779726,2
TCGA-DD-AACG-01A,-107.390616056158,115.6223582715,-22.6783496356515,2
TCGA-DD-AACI-01A,-96.4995818433345,115.6546802663,-28.2583129270287,2
TCGA-DD-AACJ-01A,-98.4958223331261,122.831885593427,-26.2511332135267,2
TCGA-DD-AACL-01A,-97.7017396667362,114.46037110227,-32.5327889075888,2
TCGA-DD-AACN-01A,-106.260621047993,124.155575061428,-20.7737234097137,2
TCGA-DD-AACO-01A,-109.861813295877,118.254450620858,-21.1486885451145,2
TCGA-DD-AACP-01A,-106.71573543022,116.272818067313,-26.3023672704498,2
TCGA-DD-AACW-01A,-106.73202855489,124.535669576072,-25.1694485870422,2
TCGA-DD-AAD5-01A,-96.1564932730349,116.663197160673,-31.3358202425792,2
TCGA-DD-AAD6-01A,-94.962706250637,117.04215633179,-32.6483665255122,2
TCGA-DD-AADA-01A,-92.5457530585588,117.237906303342,-32.9623349854512,2
TCGA-DD-AADB-01A,-107.409657421752,116.342134709034,-26.8016735704779,2
TCGA-DD-AADF-01A,-98.3937804243509,123.067865291121,-26.1188506038304,2
TCGA-DD-AADI-01A,-109.764455880489,116.766130531351,-22.9677958689516,2
TCGA-DD-AADJ-01A,-107.119558131884,119.192298912596,-21.0935091373026,2
TCGA-DD-AADK-01A,-94.8983236046269,108.344123576455,-29.3051773943652,2
TCGA-DD-AADM-01A,-96.6977914827596,115.680161129667,-29.4840106979069,2
TCGA-DD-AADN-01A,-109.126648190623,118.182534153694,-24.1777054254202,2
TCGA-DD-AADO-01A,-109.09747173709,117.896829603213,-22.7051019463302,2
TCGA-DD-AADQ-01A,-95.6988187523876,112.939602775074,-31.8766294871802,2
TCGA-DD-AADS-01A,-110.451119826811,118.53454239491,-21.855470402826,2
TCGA-DD-AAE0-01A,-108.691289567599,117.179185243886,-23.1507338643136,2
TCGA-DD-AAE4-01A,-108.383446829666,121.895518633804,-20.1437075023093,2
TCGA-DD-AAEB-01A,-96.2710377286169,109.718188599456,-27.9572203413172,2
TCGA-DD-AAVQ-01A,-104.800008198497,119.989804098757,-27.5932117170329,2
TCGA-DD-AAVR-01A,-97.2825628186603,111.465171230087,-31.7360787808595,2
TCGA-DD-AAVS-01A,-107.815585225216,122.091897652234,-20.7152657441078,2
TCGA-DD-AAVU-01A,-110.441964754983,117.893629462025,-26.3806363531654,2
TCGA-ED-A66X-01A,-102.137082287547,119.213775885097,-23.772930190628,2
TCGA-ED-A7PX-01A,-106.134258659797,118.506785073218,-23.9234692026803,2
TCGA-ED-A7PY-01A,-106.210264239027,124.058966849138,-21.024478632399,2
TCGA-ED-A7PZ-01A,-108.283528939778,116.871112621883,-26.467457112316,2
TCGA-ED-A82E-01A,-105.728752856492,116.796030144879,-23.2217730218711,2
TCGA-ED-A8O6-01A,-107.626910082577,123.972635448457,-24.8122082766321,2
TCGA-EP-A2KB-01A,-106.703020867344,123.700974734142,-21.6201660604318,2
TCGA-ES-A2HS-01A,-108.293517235628,120.296061270889,-24.9001443549332,2
TCGA-ES-A2HT-01A,-109.850954400702,118.066420573681,-25.7057291844284,2
TCGA-FV-A23B-01A,-99.7710873778457,109.911413393957,-26.1655608525873,2
TCGA-FV-A2QQ-01A,-96.4046877107961,116.589304365661,-30.3998444498542,2
TCGA-FV-A3I0-01A,-107.565897109497,116.843628098617,-22.7464790088997,2
TCGA-FV-A495-01A,-100.756456073597,121.606194179424,-28.1487766669357,2
TCGA-FV-A4ZP-01A,-108.32935977703,117.978979033963,-23.0530447205036,2
TCGA-FV-A4ZQ-01A,-107.652361408189,121.854421748267,-21.2607176038034,2
TCGA-G3-A25S-01A,-97.586043569903,116.594026317011,-27.6810134086491,2
TCGA-G3-A25T-01A,-107.950076095298,116.994837795083,-22.9843345262296,2
TCGA-G3-A25X-01A,-96.765127093959,115.909624509521,-30.2239409805135,2
TCGA-G3-A25Y-01A,-99.4160704749492,110.892411910771,-31.144289271151,2
TCGA-G3-A3CJ-01A,-95.3246071220486,109.941026574011,-28.801922854547,2
TCGA-G3-A5SJ-01A,-101.422040273794,116.92040698439,-27.3548666668664,2
TCGA-G3-A7M6-01A,-102.321801630906,122.204892006103,-23.3586715102226,2
TCGA-G3-A7M7-01A,-99.3932299816638,118.236444950031,-30.9512692247672,2
TCGA-G3-A7M9-01A,-93.0388597072649,117.54103433083,-32.9392426588025,2
TCGA-G3-AAV0-01A,-106.238273580593,124.651573080924,-25.0717388200389,2
TCGA-G3-AAV3-01A,-98.2116248411005,123.428668341922,-25.9355181231954,2
TCGA-G3-AAV6-01A,-100.961804776764,117.319934827469,-29.4147653414033,2
TCGA-GJ-A3OU-01A,-97.7838630871016,110.814603416593,-31.7986330530752,2
TCGA-K7-AAU7-01A,-93.3281355136814,117.543372370615,-32.9195908384135,2
TCGA-KR-A7K2-01A,-105.300167448759,119.984870353931,-26.8701443292918,2
TCGA-KR-A7K7-01A,-100.914238981354,118.407604071431,-29.0421300985362,2
TCGA-MI-A75C-01A,-100.115107769081,117.626059696465,-30.6643182642448,2
TCGA-MI-A75H-01A,-107.230030050869,119.311901431262,-20.9926669722621,2
TCGA-O8-A75V-01A,-101.271260902608,120.655432586385,-29.325811083033,2
TCGA-RC-A6M5-01A,-102.116424444135,122.330718378071,-24.5022571972617,2
TCGA-RC-A7SH-01A,-109.247330871515,121.267934340167,-23.4111987327653,2
TCGA-UB-A7ME-01A,-105.529685800237,120.093052453599,-26.3136436311079,2
TCGA-UB-A7MF-01A,-107.66443047358,122.668764676421,-25.1752802962684,2
TCGA-WQ-A9G7-01A,-98.1765108362528,115.659168178167,-31.831216315714,2
TCGA-WQ-AB4B-01A,-97.0485133321224,114.302145224094,-30.7301050374522,2
TCGA-WX-AA44-01A,-106.323196065621,119.479348498021,-25.2204383758718,2
TCGA-WX-AA47-01A,-108.777385334072,120.94045880799,-25.2695576842295,2
TCGA-YA-A8S7-01A,-99.5404059437187,110.893269003699,-31.2893483971237,2
TCGA-ZS-A9CD-01A,-102.287613964456,120.345130499781,-29.2932801231636,2
TCGA-2Y-A9GT-01A,39.137110172047,-59.2210280538214,15.3041241887625,3
TCGA-2Y-A9GU-01A,40.831293404264,-58.7903331983888,26.1456052149635,3
TCGA-2Y-A9GV-01A,40.117850430183,-58.4659824961594,14.3528805386495,3
TCGA-2Y-A9GX-01A,40.4944320465004,-56.1064576577556,16.4755631551241,3
TCGA-2Y-A9GZ-01A,38.6012994883519,-58.367096856835,15.8811876915182,3
TCGA-2Y-A9H4-01A,36.9211488028824,-61.9057599759467,27.7455891579015,3
TCGA-2Y-A9H5-01A,43.3694273673112,-60.877432078899,9.59009775344884,3
TCGA-2Y-A9H6-01A,45.6852748748867,-63.4526518473543,7.57369321739641,3
TCGA-2Y-A9H7-01A,37.375986027708,-61.5981404507393,21.5998075082446,3
TCGA-2Y-A9H8-01A,47.120061573443,-62.6937812637374,6.1279890566718,3
TCGA-2Y-A9HA-01A,44.1353788735119,-51.285962335447,15.8685025985331,3
TCGA-2Y-A9HB-01A,35.8672552683402,-57.4734115914817,16.3657877376841,3
TCGA-3K-AAZ8-01A,46.0556937229144,-63.076046364487,7.55686338943028,3
TCGA-4R-AA8I-01A,34.3699267394232,-51.9868636496418,23.1622987930487,3
TCGA-5R-AA1C-01A,31.6895295969943,-54.715238271719,20.6732372787043,3
TCGA-5R-AA1D-01A,47.6213391678381,-56.3971342164145,13.0136999754486,3
TCGA-5R-AAAM-01A,38.6509452707826,-58.5591252825334,14.6842035298382,3
TCGA-BC-A10S-01A,46.7950156085071,-62.1273907962156,6.08755965023949,3
TCGA-BC-A10T-01A,45.9362691306268,-52.9318343594058,13.0923313098905,3
TCGA-BC-A10U-01A,37.8155449598452,-51.1651143679356,22.0190295519635,3
TCGA-BC-A10W-01A,32.9173028118712,-59.1822505527303,24.3999459081022,3
TCGA-BC-A10X-01A,42.7421692312267,-60.2076191466568,23.4408134816156,3
TCGA-BC-A3KF-01A,30.495039139143,-54.0899448163282,19.3539340001887,3
TCGA-BC-A3KG-01A,43.8390929390028,-56.2193083398432,9.17866186086728,3
TCGA-BC-A69I-01A,43.8984479200139,-62.6318089194349,25.5970295466442,3
TCGA-BC-A8YO-01A,38.5982829690059,-58.6708821007346,19.0081822078655,3
TCGA-BD-A2L6-01A,47.142586114247,-62.9505701728414,6.29657331737005,3
TCGA-BD-A3ER-01A,46.6929481134983,-62.645163886031,6.74720435444218,3
TCGA-CC-5261-01A,47.5105564945189,-60.9751224431111,11.7986223073008,3
TCGA-CC-A8HS-01A,46.1596229398324,-61.0216818131435,6.02621198206738,3
TCGA-CC-A9FS-01A,41.041717978208,-61.1347300301177,24.5774940282696,3
TCGA-DD-A113-01A,45.7731927553453,-52.3484249328349,12.6325013014349,3
TCGA-DD-A114-01A,47.354581644475,-60.9894801743877,11.194013675872,3
TCGA-DD-A115-01A,39.026900447265,-54.8557235857449,15.3721618746066,3
TCGA-DD-A118-01A,43.4028847596092,-62.646575450476,24.2728325241583,3
TCGA-DD-A11B-01A,41.0903243026997,-60.1924787801346,24.9932414484594,3
TCGA-DD-A11C-01A,41.8835587322481,-52.8352254038408,16.3687320726754,3
TCGA-DD-A11D-01A,35.0439668429943,-54.8617568141657,21.4432497494986,3
TCGA-DD-A1EA-01A,37.5987716683607,-58.7152118607195,18.3782126440991,3
TCGA-DD-A1EB-01A,34.981204253198,-57.0137559631054,20.903547426388,3
TCGA-DD-A1ED-01A,40.291179246846,-59.0412045327987,13.6520053016984,3
TCGA-DD-A1EH-01A,42.7711976935874,-60.7198618864755,23.7766081139739,3
TCGA-DD-A1EK-01A,41.1143608648631,-58.2813380999967,15.9491252653997,3
TCGA-DD-A39W-01A,43.3733119333382,-51.8249162350949,16.0201541119973,3
TCGA-DD-A3A1-01A,37.7526957432885,-54.6214124299717,28.922490918254,3
TCGA-DD-A3A2-01A,33.4108168179246,-57.2100819186343,13.1380475299233,3
TCGA-DD-A3A8-01A,45.7963823585802,-51.8407744229803,11.5095928203832,3
TCGA-DD-A4NB-01A,47.7268267677022,-56.183110788231,13.0376550497696,3
TCGA-DD-A4ND-01A,41.4578324852593,-61.2553729852484,24.2925520153942,3
TCGA-DD-A4NE-01A,37.3900486442978,-54.2109303541487,16.8103286318117,3
TCGA-DD-A4NI-01A,35.3021544677002,-55.8934684412211,20.564540856083,3
TCGA-DD-A4NJ-01A,35.314604816948,-55.2278089353036,20.147507607379,3
TCGA-DD-A4NK-01A,35.7516302912831,-56.4831819623027,19.4568711024442,3
TCGA-DD-A4NL-01A,40.4796656529072,-58.9284275003413,13.2043041063345,3
TCGA-DD-A4NP-01A,36.7508303158721,-61.1819592560813,17.868247773507,3
TCGA-DD-A4NR-01A,42.7188429338856,-57.2201973064064,8.24909049429079,3
TCGA-DD-A4NS-01A,42.5180742352106,-60.0218006508544,10.0541330863573,3
TCGA-DD-A4NV-01A,32.3387210469833,-55.6311370622823,19.5279328069405,3
TCGA-DD-A73A-01A,39.7860547070072,-60.2917892008409,13.859919724633,3
TCGA-DD-A73B-01A,33.987122632972,-56.0983827997813,20.8970320068636,3
TCGA-DD-A73C-01A,33.1616807700495,-58.5167245419548,15.3259133077592,3
TCGA-DD-A73D-01A,37.0096129301741,-62.2266492838472,24.1311621665583,3
TCGA-DD-A73E-01A,33.8534932668945,-59.0015538454811,20.7421084025101,3
TCGA-DD-A73F-01A,40.0535422888126,-55.4158688039576,15.4102939785423,3
TCGA-DD-AACA-01A,33.398400454487,-59.661351656664,23.9015022500789,3
TCGA-DD-AACF-01A,34.8600646173419,-52.8951262521161,21.9739797703295,3
TCGA-DD-AACK-01A,38.8369878168362,-58.6817399091878,25.2643480044121,3
TCGA-DD-AACQ-01A,40.878041581389,-58.4322656138548,10.6064395396545,3
TCGA-DD-AACV-01A,35.6882641358381,-57.1808476983692,16.4494021250658,3
TCGA-DD-AAD0-01A,35.6081734643951,-56.7501947076905,16.5984597032939,3
TCGA-DD-AAD1-01A,42.1719661529726,-59.3426106201385,13.6979890616556,3
TCGA-DD-AAD3-01A,40.1482654888589,-57.7878959401136,14.2741355386114,3
TCGA-DD-AADG-01A,35.4160564601765,-59.6444974843318,18.6186031323563,3
TCGA-DD-AADL-01A,31.7528357178742,-54.6190889967184,19.7526427299625,3
TCGA-DD-AADP-01A,37.6669585696456,-61.6543206513329,22.9218656404595,3
TCGA-DD-AADR-01A,37.7371528713611,-54.9238642524583,28.094544321908,3
TCGA-DD-AADU-01A,37.7634351474316,-54.7214063021521,28.6328783460255,3
TCGA-DD-AADV-01A,44.2590476723402,-51.1609374970905,15.9007098505043,3
TCGA-DD-AADW-01A,37.5966109822585,-62.0198649916931,24.0137412996954,3
TCGA-DD-AADY-01A,38.8912955561383,-58.5870025499319,25.3903355924923,3
TCGA-DD-AAE2-01A,40.0389812708778,-59.9360583866431,24.9994459467629,3
TCGA-DD-AAE3-01A,37.7381434747142,-54.9948018302725,27.8678923459521,3
TCGA-DD-AAE7-01A,43.5794628656998,-62.8553164072638,24.4703500209428,3
TCGA-DD-AAEA-01A,29.6868950669316,-53.7113327852961,19.2233066239349,3
TCGA-DD-AAEK-01A,36.2204086341573,-60.3628815084291,18.488091419001,3
TCGA-DD-AAVP-01A,38.9006195503581,-57.9567330597496,27.8534449858312,3
TCGA-DD-AAVW-01A,35.0357484921663,-53.4343605718246,21.5893821960779,3
TCGA-DD-AAVY-01A,43.4718228171737,-51.7368095056929,16.0256364080312,3
TCGA-DD-AAVZ-01A,43.108806637347,-61.9867277252624,24.1344131895385,3
TCGA-DD-AAW0-01A,36.1833435503176,-56.2322913609285,20.1371541202344,3
TCGA-DD-AAW1-01A,34.2880081313584,-58.5465725767217,20.1475271156138,3
TCGA-DD-AAW2-01A,43.0029852489604,-60.7908196373637,25.5043908561994,3
TCGA-ED-A4XI-01A,42.2456730743245,-59.9740028437319,10.2994355974164,3
TCGA-ED-A5KG-01A,46.0706189065669,-58.2642090592732,12.5748247133325,3
TCGA-ED-A627-01A,47.1721057752011,-61.129486532021,10.3172674566844,3
TCGA-ED-A7XO-01A,41.3784980546738,-56.5887513106091,9.34894874188832,3
TCGA-ED-A8O5-01A,43.7551261318974,-61.3310400438378,23.7241410413923,3
TCGA-ED-A97K-01A,43.0935180373826,-58.1161206277018,7.66804054464431,3
TCGA-EP-A12J-01A,34.6460505020084,-58.7076031161886,19.9782922498017,3
TCGA-EP-A26S-01A,35.8682171451852,-56.6422951617676,21.9637205408572,3
TCGA-FV-A3R2-01A,32.2065930129142,-54.3604087793088,19.4185961923061,3
TCGA-FV-A3R3-01A,47.2164729950163,-61.0842172125167,10.5988093579555,3
TCGA-FV-A496-01A,47.3629593536237,-61.3347704691727,9.25541003156779,3
TCGA-G3-A25U-01A,39.7616172365472,-59.7347914142307,24.9954476537868,3
TCGA-G3-A3CG-01A,34.2449830893724,-51.610110438722,23.4300517954843,3
TCGA-G3-A3CH-01A,41.5352546703718,-60.0110240860717,24.9864246331422,3
TCGA-G3-A3CI-01A,33.7321284904538,-57.2762962021841,13.3689880760359,3
TCGA-G3-A3CK-01A,35.9490844297974,-58.8529182059671,20.4824073102182,3
TCGA-G3-A5SI-01A,37.7908103245955,-55.5941110382514,27.003966244056,3
TCGA-G3-A5SK-01A,34.9255075196965,-54.9380296651245,22.5072372032166,3
TCGA-G3-A5SL-01A,35.0618300092147,-57.5909751358988,20.6455137854712,3
TCGA-G3-A6UC-01A,36.0818487949733,-56.7223368193495,18.8368394991566,3
TCGA-G3-A7M5-01A,40.0433717808502,-59.2552334070802,25.6749733408415,3
TCGA-G3-A7M8-01A,40.8692819596103,-58.9217804013305,11.3549089286169,3
TCGA-G3-AAUZ-01A,36.8744529283394,-61.9588281565782,27.7184928748706,3
TCGA-G3-AAV1-01A,33.28893257567,-59.5541315252848,23.8670978923043,3
TCGA-G3-AAV2-01A,45.0634785751649,-52.1175445815436,10.6008376083054,3
TCGA-G3-AAV4-01A,41.4310517984341,-61.2240034248224,23.7610817330184,3
TCGA-GJ-A6C0-01A,43.0542784311467,-62.9074905313031,18.1941886607937,3
TCGA-GJ-A9DB-01A,40.1846407081426,-58.2106778205616,15.6408519903895,3
TCGA-HP-A5N0-01A,42.1997815985744,-59.767998200172,9.85961462194892,3
TCGA-K7-A5RF-01A,39.1408755818607,-60.2508755314367,16.0571592529106,3
TCGA-LG-A9QC-01A,37.5959530488167,-61.8498204321224,23.647006621612,3
TCGA-LG-A9QD-01A,34.5640346221595,-56.9294270673197,13.5085823632444,3
TCGA-MI-A75I-01A,43.0497758024534,-62.9133401336489,18.2414672591567,3
TCGA-MR-A520-01A,34.2262578999738,-59.1171861593127,15.7657522135023,3
TCGA-NI-A8LF-01A,42.0327611273332,-52.705482303192,16.332911639254,3
TCGA-QA-A7B7-01A,42.493291489721,-56.7571256765423,8.67390800468682,3
TCGA-RC-A6M4-01A,45.8188910919028,-51.9669709106567,11.9148503614836,3
TCGA-RC-A7SB-01A,32.7257293366202,-56.1733737887576,19.4585917522935,3
TCGA-RC-A7SF-01A,38.7525974911479,-60.6675008350061,15.2356853166444,3
TCGA-RC-A7SK-01A,41.8648252513256,-60.1229212790272,9.55411882269572,3
TCGA-UB-A7MA-01A,43.0325397135039,-56.2631569310214,8.77002842314312,3
TCGA-UB-A7MB-01A,31.9640665331356,-58.2560997817022,16.2155362763757,3
TCGA-UB-A7MC-01A,33.0729568700686,-59.4820542044505,21.7096070949851,3
TCGA-UB-AA0U-01A,35.0577053994607,-53.6939341790693,21.5237316616268,3
TCGA-UB-AA0V-01A,40.384816547484,-59.0185706622574,14.3650249535472,3
TCGA-WJ-A86L-01A,37.6379494572655,-61.5658648270135,22.4141402069998,3
TCGA-WX-AA46-01A,35.7536901602002,-56.4504464864894,21.9446252899758,3
TCGA-XR-A8TC-01A,39.6881335404141,-58.8043992314186,25.8416396658465,3
TCGA-XR-A8TD-01A,39.0849955844774,-58.2343601473351,27.6273133328755,3
TCGA-XR-A8TE-01A,37.1529177944226,-55.7445018339683,19.8588194398739,3
TCGA-XR-A8TF-01A,38.8675419966464,-57.9364337156884,26.0762306331671,3
TCGA-ZP-A9CV-01A,38.015306403434,-54.1900835685549,16.0381209257463,3
TCGA-ZP-A9CY-01A,39.4819134513909,-58.7788546429676,15.0491704937104,3
TCGA-ZP-A9D0-01A,32.4981624228171,-58.5960419087508,15.8469761161727,3
TCGA-ZP-A9D1-01A,34.5521697743571,-52.3314985902076,22.8111707511795,3
TCGA-ZP-A9D2-01A,45.9870287140311,-57.8413834995949,12.7984216149433,3
TCGA-ZP-A9D4-01A,35.9859912220194,-60.0750453872285,18.5095320412797,3
TCGA-ZS-A9CE-01A,33.6029280149956,-58.4845105304896,15.0297747565194,3
TCGA-ZS-A9CF-01A,40.3537856496653,-55.6551813500502,15.9299628444615,3
TCGA-ZS-A9CG-01A,41.8437484709949,-61.0333249736994,25.1831542469506,3
