Sample,X,Y,Z,Cluster
TCGA-P8-A5KC-01A,-72.2517382535005,19.0060218212492,27.7386555557476,1
TCGA-PR-A5PF-01A,-71.2342769876953,18.688991676059,27.138262388974,1
TCGA-PR-A5PH-01A,-71.9533037542618,16.116429743574,27.9274357472225,1
TCGA-QR-A6GR-01A,-72.2411143449274,15.8629084428661,28.1719027487201,1
TCGA-QR-A6GS-01A,-73.8865314911677,20.3584184638471,29.2994196759307,1
TCGA-QR-A6GT-01A,-74.0997084106253,20.3043024632578,29.3268148450138,1
TCGA-QR-A6H3-01A,-70.2738070219072,18.8128439592104,31.3784139523405,1
TCGA-QR-A70C-01A,-70.3096226485791,17.0138727802275,26.2873090506155,1
TCGA-QR-A70D-01A,-69.7456824135253,16.998903089507,31.5765200277969,1
TCGA-QR-A70J-01A,-74.132583957518,20.0106670399493,29.8746741319331,1
TCGA-QR-A70X-01A,-73.4060966817832,18.4640623172569,28.9308548254974,1
TCGA-QT-A5XK-01A,-69.1452247672094,16.855988700486,26.1169888890262,1
TCGA-QT-A5XM-01A,-69.901357490011,16.2324548901961,25.8670624021516,1
TCGA-QT-A5XP-01A,-69.8660403122774,15.7942561478211,25.7153818782508,1
TCGA-RM-A68T-01A,-74.0534735386009,20.424773238786,29.5893432849065,1
TCGA-RT-A6YA-01A,-70.3518497821394,18.7591508273312,31.2725725189615,1
TCGA-RT-A6YC-01A,-70.8803517834644,17.7550430154447,26.7045659361205,1
TCGA-RW-A67X-01A,-73.9553693799271,18.9041195243871,29.363920806117,1
TCGA-S7-A7WM-01A,-73.9230501419366,19.3120424688374,29.530965030919,1
TCGA-S7-A7WN-01A,-73.1458220454971,21.0733856347659,29.8868664902212,1
TCGA-S7-A7WQ-01A,-72.4024042457642,21.9005022692439,26.8774548968023,1
TCGA-S7-A7WV-01A,-71.083690853289,18.1296549041642,26.9062694465323,1
TCGA-SA-A6C2-01A,-69.8754191411419,15.7962553072855,25.6864497249901,1
TCGA-SP-A6QC-01A,-72.9285654522316,14.8145754678421,28.3056393185644,1
TCGA-TT-A6YO-01A,-72.7795191734532,15.3333429985454,28.4263962292989,1
TCGA-WB-A80K-01A,-69.7231635002313,16.3898191012888,25.9175834586051,1
TCGA-WB-A80N-01A,-72.278487309599,18.5303289405208,27.7451117827214,1
TCGA-WB-A80O-01A,-72.885424514968,20.6031174337002,28.3905642859268,1
TCGA-WB-A80Y-01A,-72.645480427329,21.5319640741179,27.4644177898514,1
TCGA-WB-A819-01A,-73.1863310657378,20.3517958723214,29.8693819930694,1
TCGA-WB-A81E-01A,-69.6130040089806,16.4700539189176,31.5993545071005,1
TCGA-WB-A81S-01A,-72.079003977563,15.9693930581646,28.1438071284143,1
TCGA-WB-A820-01A,-70.4523992252398,18.6889797407753,31.1379418509273,1
TCGA-WB-A822-01A,-73.601091650963,20.7404809911769,29.3227419866651,1
TCGA-P7-A5NY-01A,31.5850137704672,1.40369690612852,-17.0624940212068,2
TCGA-P8-A5KD-01A,33.3372116157762,-1.67272975112283,-15.9322285859179,2
TCGA-P8-A6RX-01A,52.1279467493192,-16.5866309745279,-6.99728337246011,2
TCGA-P8-A6RY-01A,51.0317283243746,-17.2814078893351,-10.0996005346523,2
TCGA-PR-A5PG-01A,24.76473192693,0.461640910286148,-15.8998386695503,2
TCGA-QR-A6GO-01A,40.6591688712527,-4.7410909915447,-15.3210573944422,2
TCGA-QR-A6GU-01A,52.6194832164118,-18.638210271835,-10.4111025844363,2
TCGA-QR-A6GW-01A,31.2990833125956,1.05890057016326,-16.6849563585023,2
TCGA-QR-A6GX-01A,47.0957691216618,-12.4023679418402,-8.65634425283516,2
TCGA-QR-A6H1-01A,42.1887098344109,-3.636767607028,-14.2648616680534,2
TCGA-QR-A6H2-01A,36.2813113247336,-5.32269137644545,-15.2743103872589,2
TCGA-QR-A6H4-01A,45.6184804950553,-9.74191349514664,-9.67529806388714,2
TCGA-QR-A700-01A,26.9237825639028,1.4854789718455,-16.6087194098778,2
TCGA-QR-A702-01A,44.0743816924171,-12.4844153738328,-12.8620543843877,2
TCGA-QR-A703-01A,44.3099765291698,-4.64362416037901,-12.6052722395242,2
TCGA-QR-A705-01A,44.7010414863363,-8.91358958831216,-13.8767805322752,2
TCGA-QR-A707-01A,42.4955407110333,-10.7113632900032,-12.5247400605214,2
TCGA-QR-A708-01A,43.5255324210695,-2.93677658477316,-13.3160481301251,2
TCGA-QR-A70A-01A,47.3030877225196,-12.8475554579022,-8.60943388383966,2
TCGA-QR-A70E-01A,44.8454987247493,-9.6074525818069,-10.7682139453849,2
TCGA-QR-A70H-01A,28.4458323893764,0.543454779189824,-16.101773467713,2
TCGA-QR-A70K-01A,36.0842345407135,-4.96427348556957,-15.3755747882534,2
TCGA-QR-A70M-01A,43.9388932967559,-5.91464243082454,-12.7665466318198,2
TCGA-QR-A70N-01A,32.1938502997847,0.0526396343550221,-16.4613706929544,2
TCGA-QR-A70O-01A,43.554386017165,-12.1137571732598,-12.7581786647593,2
TCGA-QR-A70P-01A,36.7190730645184,-6.09849114075281,-15.0365289851434,2
TCGA-QR-A70Q-01A,51.6831238488503,-17.94088779504,-10.389773771622,2
TCGA-QR-A70R-01A,44.3294161523151,-6.97257048088933,-12.3062909078534,2
TCGA-QR-A70T-01A,46.6819905253624,-14.8661559750323,-10.3574159720611,2
TCGA-QR-A70U-01A,29.5434112045055,0.894677143446724,-16.4480732802444,2
TCGA-QR-A70V-01A,43.7130332057946,-12.0847614082061,-12.241542095942,2
TCGA-QR-A70W-01A,42.1387330471746,-6.91394697170777,-14.0927664232171,2
TCGA-QR-A7IN-01A,47.0065612798607,-14.7540537347219,-9.57663952084767,2
TCGA-QR-A7IP-01A,50.9118878261664,-17.2704965965077,-10.1683837550079,2
TCGA-QT-A5XJ-01A,44.1736210177489,-12.5233228767551,-12.524822939658,2
TCGA-QT-A5XN-01A,29.8753277103419,0.485453520357681,-16.1678984414739,2
TCGA-QT-A69Q-01A,51.2878071107243,-17.0177705526194,-9.87533114126968,2
TCGA-QT-A7U0-01A,47.7373752516017,-13.8262206005306,-8.56983643517249,2
TCGA-RT-A6Y9-01A,45.1649833947826,-10.5657607936729,-13.4698994860688,2
TCGA-RW-A67V-01A,45.1080606137348,-9.31892464648557,-10.5528702598107,2
TCGA-RW-A67W-01A,42.4336624778099,-3.35487298709617,-14.0801792962601,2
TCGA-RW-A67Y-01A,44.6795352576471,-9.15953898214648,-13.1211182767988,2
TCGA-RW-A680-01A,43.7966192017254,-13.5155592816673,-11.4031012394032,2
TCGA-RW-A681-01A,43.1980324558952,-11.7759427715526,-12.0705694492359,2
TCGA-RW-A684-01A,41.5074468496713,-2.68645514956053,-14.6295544531568,2
TCGA-RW-A686-01A,25.5494392985274,0.508113930943258,-16.097595817918,2
TCGA-RW-A688-01A,32.7071026830481,-0.694995491736757,-16.1907473761885,2
TCGA-RW-A689-01A,24.9518547373344,0.586967755241789,-15.9430241015499,2
TCGA-RW-A68A-01A,42.5030055027347,-9.78726173541861,-12.4692395495737,2
TCGA-RW-A68B-01A,44.4537388069868,-10.0201355042241,-11.2705105251669,2
TCGA-RW-A68D-01A,50.0103544062017,-16.2554805684124,-9.6622959308803,2
TCGA-RW-A68F-01A,47.7611799475845,-14.2877433832663,-8.9658233297538,2
TCGA-RW-A68G-01A,53.3662825922494,-15.9726973852734,-9.08816086331892,2
TCGA-RW-A7D0-01A,31.5119183556146,1.33181883262328,-16.524786750934,2
TCGA-RW-A8AZ-01A,25.7584273607589,1.58083487574752,-16.469712887127,2
TCGA-S7-A7WL-01A,31.9306161322433,1.27748467440044,-17.2047465173198,2
TCGA-S7-A7WP-01A,53.6020469588989,-17.0562344011476,-7.87482181556461,2
TCGA-S7-A7WR-01A,41.8067734214565,-5.36303044561997,-14.6154847795124,2
TCGA-S7-A7WT-01A,29.7985007146964,0.645789080714565,-16.302692778093,2
TCGA-S7-A7WU-01A,52.4734582697448,-18.5735547357585,-10.4540190235697,2
TCGA-S7-A7WX-01A,34.6998925160064,-4.05449622006986,-15.6435259396145,2
TCGA-S7-A7X2-01A,42.1111004373025,-6.45221341926471,-14.1861871324934,2
TCGA-SP-A6QF-01A,35.0097358101618,-4.1599924524409,-15.5882154239052,2
TCGA-SP-A6QG-01A,47.6534511905356,-12.9468409937019,-8.34996233547435,2
TCGA-SP-A6QI-01A,41.2449403059804,-2.66086308149462,-14.7863039804587,2
TCGA-SP-A6QJ-01A,25.077401518212,2.19705629987426,-16.8948743690897,2
TCGA-SP-A6QK-01A,26.0824558276121,2.26607016920608,-15.8979348363346,2
TCGA-SQ-A6I4-01A,26.579068861962,1.36005932141217,-16.5124195807249,2
TCGA-SQ-A6I6-01A,40.6649764417295,-2.35865883510897,-15.0881044640565,2
TCGA-SR-A6MP-01A,52.4551871713002,-17.4523061191398,-9.72960602239682,2
TCGA-SR-A6MQ-01A,53.2624754989496,-16.780976786654,-8.8431507774589,2
TCGA-SR-A6MS-01A,32.2648179079748,1.55229969086172,-15.9983581970958,2
TCGA-SR-A6MT-01A,47.7224514752549,-14.3444594688177,-8.76833064350234,2
TCGA-SR-A6MU-01A,43.3923102993562,-3.05436764391969,-13.4094794812282,2
TCGA-SR-A6MV-01A,43.9949838680055,-10.5928499624663,-11.5209583059926,2
TCGA-SR-A6MY-01A,30.0986256019583,1.91789789661372,-17.3746679315834,2
TCGA-TT-A6YJ-01A,44.0740934439576,-8.97644826445198,-12.6094812684269,2
TCGA-TT-A6YN-01A,42.4218404762588,-4.27795864585462,-14.1465270634804,2
TCGA-W2-A7H5-01B,43.9379888583186,-13.607461406266,-11.3367139366948,2
TCGA-W2-A7HA-01B,42.3748133178471,-4.82411020432297,-14.1820922410132,2
TCGA-W2-A7HB-01A,43.2463979257834,-5.60682011842137,-13.3038425584722,2
TCGA-W2-A7HC-01A,27.4217842195444,1.67032751298336,-16.8492489323962,2
TCGA-W2-A7HD-01A,44.0986126028934,-6.23761883768394,-12.6175487249188,2
TCGA-W2-A7HF-01A,47.6915362579856,-13.0848992822719,-8.4360131365643,2
TCGA-W2-A7HH-01A,52.5975601468357,-17.541344459889,-9.68468636907485,2
TCGA-W2-A7UY-01A,24.7342674568785,0.295061721346499,-15.8349307663628,2
TCGA-WB-A80L-01A,46.4071535788145,-15.5021837916473,-8.54024019411811,2
TCGA-WB-A80M-01A,44.0695667288392,-6.77280786831859,-12.6049820531523,2
TCGA-WB-A80P-01A,42.4902998378586,-9.47801560026534,-12.681608265928,2
TCGA-WB-A80Q-01A,47.3438853850653,-12.0402267248103,-8.34741206713199,2
TCGA-WB-A80V-01A,40.3545703268658,-2.11562405176328,-15.2324053175625,2
TCGA-WB-A814-01A,28.5842059142566,2.3245613373754,-17.5222077588455,2
TCGA-WB-A815-01A,53.2800073243383,-16.8492773359503,-7.92882105986473,2
TCGA-WB-A818-01A,32.0949799210126,1.38040082364427,-17.4224981621274,2
TCGA-WB-A81A-01A,51.6009647052141,-17.6922851497351,-10.2485106144635,2
TCGA-WB-A81D-01A,45.4815667842494,-10.0639707433822,-13.8639368223388,2
TCGA-WB-A81F-01A,29.0332567728748,0.709758149445754,-16.244706468892,2
TCGA-WB-A81I-01A,48.1149599757461,-14.9102777895402,-8.87333566884451,2
TCGA-WB-A81J-01A,42.127365939857,-9.10217020849776,-14.1673241790026,2
TCGA-WB-A81K-01A,47.2273948423751,-14.9791981042579,-8.35171319765465,2
TCGA-WB-A81M-01A,41.2844820349232,-5.43885703762315,-14.969270927662,2
TCGA-WB-A81N-01A,24.2374453435252,-0.181619032185374,-15.6253576605928,2
TCGA-WB-A81Q-01A,42.5480137561748,-10.4013397083127,-12.5599055114931,2
TCGA-WB-A81R-01A,34.6687669159899,-4.03128009969901,-15.6509259007391,2
TCGA-WB-A81V-01A,26.9794069897454,1.50283043822624,-16.6531855289077,2
TCGA-WB-A81W-01A,41.1611345938905,-5.01494189900967,-15.0299326395742,2
TCGA-WB-A821-01A,52.3288495065523,-16.6374910775288,-7.15028878690322,2
TCGA-P7-A5NX-01A,-49.8097583137221,5.72540694140317,8.59198208191794,3
TCGA-QR-A6GY-01A,-56.3074540839257,6.31800055504214,17.6179029029549,3
TCGA-QR-A6H0-01A,-53.3063648536257,4.42308658225946,14.2380468153679,3
TCGA-QR-A6H5-01A,-52.4747731317204,3.93005509883165,12.3108526297889,3
TCGA-QR-A6H6-01A,-51.821257504549,4.23450325503111,11.351953205633,3
TCGA-QR-A6ZZ-01A,-50.2290674284214,4.90670169413662,7.85313125358737,3
TCGA-QR-A706-01A,-52.6336956365595,4.06689017213593,12.7617573377442,3
TCGA-QR-A70G-01B,-53.8400526511025,4.99115429317819,15.449300312438,3
TCGA-QR-A70I-01A,-53.5505104159837,4.92783260829795,14.3039797855607,3
TCGA-QT-A5XL-01A,-50.6940295200147,5.18408804291086,10.141731362944,3
TCGA-QT-A5XO-01A,-52.0811228212859,2.79650439813792,8.64189241772345,3
TCGA-RM-A68W-01A,-53.0180003455213,4.28832926343964,14.7056497361809,3
TCGA-RW-A685-01A,-55.6798360297553,5.38090410044811,17.6593701882033,3
TCGA-RW-A68C-01A,-53.7991269678412,3.41538751509334,14.6210532300102,3
TCGA-RW-A7CZ-01A,-50.3930213706743,5.31688356415025,9.4527960168817,3
TCGA-RX-A8JQ-01A,-53.8418039684899,4.89529764421992,15.3253526663046,3
TCGA-S7-A7WO-01A,-53.9003581434423,4.65358821305161,15.2758192082122,3
TCGA-S7-A7WW-01A,-49.2466778531707,5.55592849499304,6.39181043375499,3
TCGA-S7-A7X0-01A,-53.0092987822193,3.55537498126897,12.7867703922586,3
TCGA-S7-A7X1-01A,-51.9113926934141,4.28647644041245,11.7199341737729,3
TCGA-SP-A6QD-01A,-49.7825484181173,5.76740698634702,8.74697837270204,3
TCGA-SP-A6QH-01A,-53.1689764288732,4.45318680429017,13.8437063449906,3
TCGA-SR-A6MR-01A,-52.2148653369074,2.92030696737214,9.41675757857039,3
TCGA-SR-A6MX-01A,-49.5352950019452,5.79153045514716,8.1101434226351,3
TCGA-SR-A6MZ-01A,-51.6697239326496,4.08013629462904,10.6147576453839,3
TCGA-SR-A6N0-01A,-50.7279931725001,5.4602598569704,11.045350330625,3
TCGA-TT-A6YK-01A,-51.981235945889,3.52558039249738,10.207170071579,3
TCGA-TT-A6YP-01A,-53.4495135235502,2.98980265730702,13.3398658509232,3
TCGA-W2-A7H7-01A,-49.2246280968921,5.54997466876229,6.24914212054703,3
TCGA-W2-A7HE-01A,-51.1961630769476,4.84569126567621,10.9749844747128,3
TCGA-WB-A816-01A,-53.2476553450421,3.12871241481807,12.9024173697224,3
TCGA-WB-A817-01A,-50.3941044058221,4.5745254689246,7.29348187891701,3
TCGA-WB-A81G-01A,-50.0428591914965,5.37551866548772,8.53156344202876,3
TCGA-WB-A81H-01A,-52.5113656840577,3.60357687962678,11.9619176282255,3
TCGA-WB-A81P-01A,-49.4552779649236,6.25287478559189,9.44429884812692,3
TCGA-WB-A81T-01A,-49.3350690685417,5.72306495395538,7.21231991520211,3
TCGA-XG-A823-01A,-53.4342573964269,5.65766060065547,15.805088073902,3
