Sample,X,Y,Z,Cluster
TCGA-P7-A5NY-01A,-17.2514613563201,88.4895765729898,48.880891582053,1
TCGA-P8-A5KD-01A,-15.0789067524312,83.9216668545377,48.9492703153059,1
TCGA-PR-A5PG-01A,-11.550010247201,82.1379093017727,55.4721623539543,1
TCGA-QR-A6GO-01A,-13.4873749074672,80.9634607243239,60.0856452302346,1
TCGA-QR-A6GR-01A,-16.8427191936786,83.5907364685661,57.6128405068497,1
TCGA-QR-A6GS-01A,-16.0127778727057,83.5304254880277,54.0462312602889,1
TCGA-QR-A6GW-01A,-12.3233925856115,88.7263853479652,50.1989168991245,1
TCGA-QR-A6GY-01A,-11.0909195786954,76.5914217511247,59.7443506209205,1
TCGA-QR-A6H1-01A,-9.04664565432219,81.8120600598218,57.2313395719154,1
TCGA-QR-A6H2-01A,-4.92586527933683,79.6342232791391,58.799573170404,1
TCGA-QR-A702-01A,-17.84043780683,87.5172558016642,51.5789560785096,1
TCGA-QR-A707-01A,-13.7502530875858,84.6141368441289,54.9483657959778,1
TCGA-QR-A70D-01A,-11.8777066096862,80.5132034596197,53.9106743233878,1
TCGA-QR-A70E-01A,-13.1651656314195,80.196495297621,60.994819326529,1
TCGA-QR-A70G-01B,-12.8061087145421,89.1800057160079,49.8913250826016,1
TCGA-QR-A70H-01A,-15.1803485627337,83.2391903930321,59.8333258898876,1
TCGA-QR-A70K-01A,-12.2477050930071,84.1158641003541,54.5968297347153,1
TCGA-QR-A70M-01A,-18.1522647465442,79.5303951921566,53.2484008886383,1
TCGA-QR-A70O-01A,-5.72704845442569,80.0316871046292,54.9851745085839,1
TCGA-QR-A70R-01A,-5.97806861334504,79.9065651888421,58.6886326222045,1
TCGA-QR-A70U-01A,-15.9808846380192,93.4643420865882,39.7265588112218,1
TCGA-QR-A70V-01A,-10.4048546017559,77.0686124880036,47.925926987681,1
TCGA-QR-A70W-01A,-8.51225702577418,73.50468070259,52.0511664852413,1
TCGA-QT-A5XM-01A,-9.86901475796546,85.4332674421538,56.6134747683117,1
TCGA-QT-A5XN-01A,-14.8230981303698,87.8182367874285,53.2498258826444,1
TCGA-QT-A5XO-01A,-9.34712795352968,80.469892628942,47.2233102675937,1
TCGA-QT-A5XP-01A,-14.7297024195684,82.3078373977149,57.5797379863249,1
TCGA-QT-A69Q-01A,-8.45232796529096,85.523194385716,56.6891126879384,1
TCGA-RT-A6Y9-01A,-4.02190796023977,76.4402775695531,59.8898174424376,1
TCGA-RT-A6YA-01A,-15.1659084279492,79.230671200145,56.0504477221386,1
TCGA-RT-A6YC-01A,-12.1117780457316,81.8528745421493,60.426105530696,1
TCGA-RW-A67V-01A,-6.05268964713915,84.5103355415399,51.9581040763192,1
TCGA-RW-A67W-01A,-12.6723774000227,78.9944563425275,53.6922005355491,1
TCGA-RW-A67Y-01A,-14.3152040097874,73.0042454375719,51.2825465328269,1
TCGA-RW-A680-01A,-4.97292710981542,81.9923291742078,52.1615232500366,1
TCGA-RW-A685-01A,-14.7977464493931,78.2062926935096,48.1479925426555,1
TCGA-RW-A689-01A,-10.9278132586513,84.9885266153389,56.2778295418567,1
TCGA-RW-A68A-01A,-12.0106592417337,87.0743821451792,55.1398150576156,1
TCGA-RW-A68B-01A,-16.8284933741563,81.8528338599685,58.2117864067852,1
TCGA-RW-A68G-01A,-11.4949200483859,83.5613938655138,51.7862438479736,1
TCGA-RW-A7D0-01A,-15.5089296714668,81.6344293504261,59.9024997072943,1
TCGA-RX-A8JQ-01A,-14.3305707592729,78.9677901184452,59.7738970610906,1
TCGA-S7-A7WL-01A,-15.6896136127496,82.8214642060439,60.2122590745932,1
TCGA-S7-A7WM-01A,-6.81411300198738,81.8914199301384,56.7772290126762,1
TCGA-S7-A7WN-01A,-10.8722352071101,81.7034134816416,56.9205878399509,1
TCGA-S7-A7WR-01A,-20.2619811561823,81.2660514599055,52.9719038291346,1
TCGA-S7-A7WT-01A,-12.8801476958141,78.406776099676,56.9079857601315,1
TCGA-S7-A7WX-01A,-11.7416632843689,80.3419769298057,53.7621579118079,1
TCGA-S7-A7X2-01A,-20.5847750159597,86.6279455929194,51.0993261005614,1
TCGA-SP-A6QH-01A,-8.29344178614731,72.1934001317563,52.6986845955493,1
TCGA-SP-A6QI-01A,-16.9259415183962,86.3760403876514,52.8644757889304,1
TCGA-SQ-A6I4-01A,-11.3756937489993,80.371841413149,56.1690522156054,1
TCGA-SQ-A6I6-01A,-18.9283915047409,80.2050880921849,61.5517765613218,1
TCGA-SR-A6MP-01A,-10.5327634266307,80.8548616084717,58.6806374205729,1
TCGA-SR-A6MR-01A,-7.65703195000345,71.7727913793616,54.1659274161191,1
TCGA-SR-A6MS-01A,-13.5661611224338,85.5907362612014,50.1829798385606,1
TCGA-SR-A6MY-01A,-14.6738335365372,82.3802239608984,57.3780064959411,1
TCGA-TT-A6YN-01A,-10.2285234696351,85.4950783813445,56.8293821855383,1
TCGA-W2-A7HA-01B,-10.3998889537917,82.738260251774,56.380804318222,1
TCGA-W2-A7HB-01A,-18.9101706958756,80.9732410571998,55.2493202860927,1
TCGA-W2-A7HC-01A,-16.1072917496881,88.981468653876,48.3403380081168,1
TCGA-W2-A7HD-01A,-20.6307626033432,81.1112084943461,52.2717931106401,1
TCGA-W2-A7HH-01A,-4.99270678650283,80.1518175506808,53.9662928094485,1
TCGA-WB-A80N-01A,-12.1825968574808,82.1785043602763,52.7591284714025,1
TCGA-WB-A80O-01A,-13.7819970641298,85.6368080800771,54.0428629162638,1
TCGA-WB-A80V-01A,-20.3908005660439,86.1476230981129,48.0609609213142,1
TCGA-WB-A815-01A,-10.6396603233895,82.0575901504732,52.1287506987385,1
TCGA-WB-A818-01A,-9.98076385665373,79.5105246572299,54.3570364781947,1
TCGA-WB-A819-01A,-13.9764212906899,82.9476069556845,55.3432582912707,1
TCGA-WB-A81A-01A,-3.49985682135504,82.1392779139393,58.9223963435632,1
TCGA-WB-A81D-01A,-20.5380338754033,87.4883899081003,45.714126711077,1
TCGA-WB-A81F-01A,-6.82816123231831,85.4716696673758,55.2770170340967,1
TCGA-WB-A81K-01A,-8.24777013432385,86.8535009251385,53.3263712684689,1
TCGA-WB-A81N-01A,-6.47357500523487,80.0140549574765,50.5400471606825,1
TCGA-WB-A81P-01A,-11.9861982025821,86.0097548753643,56.1577101036363,1
TCGA-WB-A81Q-01A,-13.5657342070171,82.6822389756326,61.1366628647286,1
TCGA-WB-A81S-01A,-9.15454236898404,82.6970144670513,58.2657827898664,1
TCGA-WB-A81T-01A,-12.0761899985615,83.4702927318424,56.0978965840635,1
TCGA-WB-A81W-01A,-19.393842963156,84.5277023950902,56.1810257484029,1
TCGA-WB-A821-01A,-7.25204180637823,77.2477772152056,59.5832358837805,1
TCGA-P7-A5NX-01A,7.44875459814435,-63.7692816352202,-42.1492196923065,2
TCGA-P8-A5KC-01A,13.5657006775079,-72.9971246169172,-44.1711388072599,2
TCGA-P8-A6RX-01A,8.27896395546379,-61.9709655633146,-46.3711980782091,2
TCGA-P8-A6RY-01A,17.3269522767571,-68.8880103450582,-45.1782916833072,2
TCGA-PR-A5PF-01A,5.70853346540697,-79.2946540488739,-40.5782380717433,2
TCGA-PR-A5PH-01A,12.8443627970404,-76.4290144533792,-39.2939787414215,2
TCGA-QR-A6GT-01A,11.6082712693645,-60.5449411675835,-46.6777071541564,2
TCGA-QR-A6GU-01A,7.29148961229475,-65.6152576317045,-40.9099401460343,2
TCGA-QR-A6GX-01A,12.8645961241252,-67.7421656440665,-44.3268023093655,2
TCGA-QR-A6H0-01A,15.5370028816216,-62.5449407503888,-42.6550365197245,2
TCGA-QR-A6H3-01A,12.5130402573293,-65.2428953581581,-46.7223326712889,2
TCGA-QR-A6H4-01A,9.79667874929985,-72.8836212515406,-40.0064466822441,2
TCGA-QR-A6H5-01A,8.96739504545847,-67.1630812254486,-45.1280517205057,2
TCGA-QR-A6H6-01A,9.70235054166518,-63.2119039282529,-44.3704569122483,2
TCGA-QR-A6ZZ-01A,7.90682301545127,-62.7971248015953,-42.5403440046538,2
TCGA-QR-A700-01A,3.59239991263928,-60.5296718565852,-45.7176796317729,2
TCGA-QR-A703-01A,11.9240712685978,-63.7354132162016,-47.4068587902957,2
TCGA-QR-A705-01A,13.6441127253672,-69.3282341189012,-51.8743398062092,2
TCGA-QR-A706-01A,12.5958866245037,-62.578314779112,-42.6668379823602,2
TCGA-QR-A708-01A,11.0564476021238,-70.1394861110963,-47.4105938559873,2
TCGA-QR-A70A-01A,12.4469734189821,-65.9109310472428,-54.1057225002056,2
TCGA-QR-A70C-01A,9.44428272452636,-71.8869062128264,-42.7384700525375,2
TCGA-QR-A70I-01A,7.94607895673601,-66.4615250197843,-41.2871678512333,2
TCGA-QR-A70J-01A,15.6679854529016,-66.2046516562252,-45.2370654857568,2
TCGA-QR-A70N-01A,8.8834993209828,-63.5031154904518,-49.5659600530696,2
TCGA-QR-A70P-01A,1.87135337701477,-61.536962850106,-47.98295226827,2
TCGA-QR-A70Q-01A,12.1887812745505,-62.452138115344,-50.4588366807898,2
TCGA-QR-A70T-01A,8.03564466470604,-68.4635671075587,-53.2290633072746,2
TCGA-QR-A70X-01A,13.3474324127742,-72.9888186042218,-37.4937847473413,2
TCGA-QR-A7IN-01A,3.67498241975028,-67.7427382440782,-42.8344858371577,2
TCGA-QR-A7IP-01A,12.3160692556004,-61.0768367392796,-49.6003253658611,2
TCGA-QT-A5XJ-01A,14.3943176025792,-63.9176031537678,-45.2321962907055,2
TCGA-QT-A5XK-01A,13.3748046869844,-73.0389594660831,-41.2349418903811,2
TCGA-QT-A5XL-01A,15.3701217448238,-66.4724174041808,-48.0185727858541,2
TCGA-QT-A7U0-01A,10.694264206052,-59.9476422942713,-49.8265474086304,2
TCGA-RM-A68T-01A,10.6653167022079,-60.3089350044637,-41.7025440856595,2
TCGA-RM-A68W-01A,6.59095796131501,-69.8421343665526,-44.6517876145286,2
TCGA-RW-A67X-01A,9.97181613564461,-69.4031870436381,-45.8518344529281,2
TCGA-RW-A681-01A,14.445914387023,-68.5590677684501,-47.5084940124166,2
TCGA-RW-A684-01A,10.3818072573431,-77.6846987011567,-34.4482947515417,2
TCGA-RW-A686-01A,10.9824376523116,-71.5207304374759,-38.9682762768717,2
TCGA-RW-A688-01A,4.69789125591436,-77.2294681521361,-44.1958894477133,2
TCGA-RW-A68C-01A,10.1479309841032,-64.6110806042442,-49.0800329718767,2
TCGA-RW-A68D-01A,10.8517522627833,-60.3473476987119,-46.9633691725257,2
TCGA-RW-A68F-01A,5.71604786430055,-66.7152664873125,-43.5152443021794,2
TCGA-RW-A7CZ-01A,12.2755820988634,-64.3243060393661,-48.1873818415227,2
TCGA-RW-A8AZ-01A,5.33911933518402,-68.0999096487513,-39.2041083296328,2
TCGA-S7-A7WO-01A,13.6412697753337,-60.652159489907,-44.5586221189996,2
TCGA-S7-A7WP-01A,10.461053119427,-63.0196624858211,-50.3857141274255,2
TCGA-S7-A7WQ-01A,10.7041133514863,-67.0507023168961,-43.4179271610881,2
TCGA-S7-A7WU-01A,4.64229942548292,-66.1062702634389,-45.8613368954175,2
TCGA-S7-A7WV-01A,14.5199425458616,-66.5521903684186,-43.9695668774488,2
TCGA-S7-A7WW-01A,4.87073177957428,-58.8191494727264,-45.1162075356644,2
TCGA-S7-A7X0-01A,17.3989199558663,-60.7574126461166,-42.3804019742075,2
TCGA-S7-A7X1-01A,5.36429343558935,-61.6702876361022,-50.7662559672533,2
TCGA-SA-A6C2-01A,9.40405971874206,-62.7962883137908,-44.2778743224051,2
TCGA-SP-A6QC-01A,4.33031833726405,-77.7745419506353,-43.579053127117,2
TCGA-SP-A6QD-01A,16.4756860957304,-61.5385065706654,-45.5495439434427,2
TCGA-SP-A6QF-01A,9.45198727725436,-76.3807916752302,-41.6513337404629,2
TCGA-SP-A6QG-01A,7.36148591488963,-64.680300427228,-47.2943160765606,2
TCGA-SP-A6QJ-01A,5.70827802216417,-76.077090261331,-36.0108983051416,2
TCGA-SP-A6QK-01A,14.9446012717853,-68.2379803673892,-38.5601452709826,2
TCGA-SR-A6MQ-01A,13.0360506908269,-79.8626496256403,-34.6316807486979,2
TCGA-SR-A6MT-01A,8.58024991315512,-68.4852501349141,-52.0806926378513,2
TCGA-SR-A6MU-01A,7.65394077712658,-66.369022094394,-47.9750075635307,2
TCGA-SR-A6MV-01A,14.6436474974089,-66.6682992472817,-45.2110624435611,2
TCGA-SR-A6MX-01A,9.22892200120836,-70.1421307559894,-47.8179943111845,2
TCGA-SR-A6MZ-01A,7.25349692945423,-72.2537850586287,-41.1283035653819,2
TCGA-SR-A6N0-01A,7.25263901961453,-60.4398919794723,-41.8459310968505,2
TCGA-TT-A6YJ-01A,11.3550531334676,-76.6455549654769,-32.2156866424624,2
TCGA-TT-A6YK-01A,11.8308994803228,-62.3708477507915,-41.3313396772614,2
TCGA-TT-A6YO-01A,7.01931775912502,-61.1674003590797,-49.7907933639601,2
TCGA-TT-A6YP-01A,10.8013894920048,-62.2776953143651,-43.1423099571456,2
TCGA-W2-A7H5-01B,14.2233627830467,-76.694875024309,-40.7375568473043,2
TCGA-W2-A7H7-01A,9.81149674357952,-64.8577966793766,-52.5775949055165,2
TCGA-W2-A7HE-01A,5.67628344438888,-70.4686370140817,-39.4658146284177,2
TCGA-W2-A7HF-01A,3.36250127960181,-78.6571144883819,-41.9600489856606,2
TCGA-W2-A7UY-01A,7.95113559074257,-64.1399298315601,-48.9286282442158,2
TCGA-WB-A80K-01A,9.71915672716375,-62.5716710252087,-50.3435451018355,2
TCGA-WB-A80L-01A,10.3218639380276,-66.9608600643892,-47.1642179325633,2
TCGA-WB-A80M-01A,6.11170962297043,-65.6874900010831,-50.4144483858403,2
TCGA-WB-A80P-01A,14.9429250225064,-69.3775383721277,-45.3019172992491,2
TCGA-WB-A80Q-01A,11.1795775099738,-75.3888000626474,-41.7762626627342,2
TCGA-WB-A80Y-01A,11.0864132603377,-65.1863997349603,-38.8588267213178,2
TCGA-WB-A814-01A,3.84849998081658,-66.3923760759262,-49.8191290136715,2
TCGA-WB-A816-01A,12.9683653150643,-59.7360477381001,-39.5751471497777,2
TCGA-WB-A817-01A,8.10047700234965,-66.7900520782052,-46.2453208888858,2
TCGA-WB-A81E-01A,16.7701410635058,-61.8889623881529,-49.5671753149865,2
TCGA-WB-A81G-01A,10.8379179276175,-67.759146892836,-40.2632857044316,2
TCGA-WB-A81H-01A,4.65095253514492,-77.8637891641946,-39.920081518588,2
TCGA-WB-A81I-01A,7.92793161382039,-69.0180171113844,-46.0073630263608,2
TCGA-WB-A81J-01A,16.3264285864632,-66.8554863484653,-47.1310193580886,2
TCGA-WB-A81M-01A,17.4020615502383,-58.879639558623,-50.0032467330388,2
TCGA-WB-A81R-01A,6.80696791520456,-75.7263538241766,-41.6169903652885,2
TCGA-WB-A81V-01A,15.5742537539051,-62.1114405582025,-52.5990446035864,2
TCGA-WB-A820-01A,9.93968933864883,-79.4920430784317,-34.7615471909277,2
TCGA-WB-A822-01A,7.50316541492571,-64.1155168884205,-43.048896088203,2
TCGA-XG-A823-01A,6.82676858817625,-62.4061105835799,-44.8168885758296,2
